Date	TmaxC	TminC	Rain	Tmax	Tmin
01/01/2013	30.2	20.7	0	304.2	294.7
02/01/2013	33	21.5	0	307	295.5
03/01/2013	33.2	21.5	0	307.2	295.5
04/01/2013	32.6	21.4	0	306.6	295.4
05/01/2013	32.2	21	0	306.2	295
06/01/2013	32	21	0	306	295
07/01/2013	32.5	21	0	306.5	295
08/01/2013	33.8	21.2	0	307.8	295.2
09/01/2013	33.8	21	0	307.8	295
10/01/2013	33.5	21	0	307.5	295
11/01/2013	33	22.6	0	307	296.6
12/01/2013	33.3	22.5	1	307.3	296.5
13/01/2013	33.6	23	0	307.6	297
14/01/2013	32.5	22	0	306.5	296
15/01/2013	32	20.5	0	306	294.5
16/01/2013	34	22	0	308	296
17/01/2013	33.2	22.2	0	307.2	296.2
18/01/2013	32.8	21	0	306.8	295
19/01/2013	31	20	0	305	294
20/01/2013	32.5	20	0	306.5	294
21/01/2013	33.8	20	0	307.8	294
22/01/2013	33.8	22.5	0	307.8	296.5
23/01/2013	35	23.5	0	309	297.5
24/01/2013	34.8	23.6	1.5	308.8	297.6
25/01/2013	31.5	25	0	305.5	299
26/01/2013	32	24	0	306	298
27/01/2013	32.5	23.5	2	306.5	297.5
28/01/2013	31.2	23.5	0	305.2	297.5
29/01/2013	31.2	21.6	0	305.2	295.6
30/01/2013	32.6	23.8	0	306.6	297.8
31/01/2013	32.3	24.5	0.4	306.3	298.5
01/02/2013	31.5	23	0	305.5	297
02/02/2013	32.4	23	0	306.4	297
03/02/2013	32	24.5	0	306	298.5
04/02/2013	34.7	24.5	0	308.7	298.5
05/02/2013	35	24.5	0	309	298.5
06/02/2013	36	25	0	310	299
07/02/2013	36	25	0	310	299
08/02/2013	34.2	25	0	308.2	299
09/02/2013	33.8	24.8	0	307.8	298.8
10/02/2013	34.2	25	0	308.2	299
11/02/2013	35.4	25.4	0	309.4	299.4
12/02/2013	35.5	24.5	0	309.5	298.5
13/02/2013	33	24.5	0	307	298.5
14/02/2013	35.4	23.5	0	309.4	297.5
15/02/2013	34.5	24	0	308.5	298
16/02/2013	34.5	24	4.5	308.5	298
17/02/2013	35.5	24	0	309.5	298
18/02/2013	35	24	0	309	298
19/02/2013	34.5	25	0	308.5	299
20/02/2013	35.7	25	0	309.7	299
21/02/2013	34.8	25.6	0	308.8	299.6
22/02/2013	33.5	24.5	0	307.5	298.5
23/02/2013	32.5	21.5	0	306.5	295.5
24/02/2013	33.5	21.7	0	307.5	295.7
25/02/2013	36.3	21.5	0	310.3	295.5
26/02/2013	37.8	21.6	0	311.8	295.6
27/02/2013	36.5	25.5	0	310.5	299.5
28/02/2013	36.2	25.5	0	310.2	299.5
01/03/2013	36	26	0	310	300
02/03/2013	35.8	25.4	0	309.8	299.4
03/03/2013	34	26	2.2	308	300
04/03/2013	27.6	23	1.6	301.6	297
05/03/2013	31.7	22.3	0	305.7	296.3
06/03/2013	33.5	23	0	307.5	297
07/03/2013	35.8	23	0	309.8	297
08/03/2013	35.5	25	0	309.5	299
09/03/2013	35	25	0	309	299
10/03/2013	34	25	0	308	299
11/03/2013	35.5	25.2	0	309.5	299.2
12/03/2013	35.5	25.5	0	309.5	299.5
13/03/2013	35.8	25	0	309.8	299
14/03/2013	37	25.5	0	311	299.5
15/03/2013	35.3	24.5	0	309.3	298.5
16/03/2013	34.8	25	0	308.8	299
17/03/2013	36.7	25	0	310.7	299
18/03/2013	36.5	25	0	310.5	299
19/03/2013	37.6	25	0	311.6	299
20/03/2013	36.6	26	0	310.6	300
21/03/2013	36.8	25.6	0	310.8	299.6
22/03/2013	37	25	0	311	299
23/03/2013	37.2	25	0	311.2	299
24/03/2013	37.7	25	0	311.7	299
25/03/2013	39.6	25	0	313.6	299
26/03/2013	37.5	26	0	311.5	300
27/03/2013	38	25.8	0	312	299.8
28/03/2013	37.6	25.8	0	311.6	299.8
29/03/2013	37.4	26.4	0	311.4	300.4
30/03/2013	37.5	26.5	0	311.5	300.5
31/03/2013	38	26	0	312	300
01/04/2013	39.2	25.6	0	313.2	299.6
02/04/2013	38.6	26	0	312.6	300
03/04/2013	38.7	27	0	312.7	301
04/04/2013	38.6	27.2	0	312.6	301.2
05/04/2013	39	26.7	0	313	300.7
06/04/2013	37.5	26.5	0	311.5	300.5
07/04/2013	37	26.8	0	311	300.8
08/04/2013	37.2	25.4	0	311.2	299.4
09/04/2013	39.2	24.5	0	313.2	298.5
10/04/2013	38	25	0	312	299
11/04/2013	36.5	25	0.2	310.5	299
12/04/2013	36.5	25.5	0	310.5	299.5
13/04/2013	38	26	0	312	300
14/04/2013	36.6	27	0.3	310.6	301
15/04/2013	34.5	25	0.6	308.5	299
16/04/2013	36	25.6	0	310	299.6
17/04/2013	32.5	26	0	306.5	300
18/04/2013	36.7	24.8	0	310.7	298.8
19/04/2013	38	26.5	0	312	300.5
20/04/2013	38	26	0	312	300
21/04/2013	38.5	26	0	312.5	300
22/04/2013	36.4	26.2	0	310.4	300.2
23/04/2013	35.4	26.3	37.3	309.4	300.3
24/04/2013	36.2	24.2	0	310.2	298.2
25/04/2013	36	25.5	0.4	310	299.5
26/04/2013	37.2	25.5	0	311.2	299.5
27/04/2013	37	27	0	311	301
28/04/2013	37	26	0	311	300
29/04/2013	37.4	26.3	0	311.4	300.3
30/04/2013	37.5	26.5	0	311.5	300.5
01/05/2013	38	26.5	0	312	300.5
02/05/2013	38.7	26.4	0	312.7	300.4
03/05/2013	38.5	28	0	312.5	302
04/05/2013	38.7	27.5	0	312.7	301.5
05/05/2013	34.5	26.8	23.6	308.5	300.8
06/05/2013	37	25.5	0	311	299.5
07/05/2013	37.5	23.5	0	311.5	297.5
08/05/2013	38	27.2	0	312	301.2
09/05/2013	38	26.5	0	312	300.5
10/05/2013	38.3	26.5	0	312.3	300.5
11/05/2013	38	27	0	312	301
12/05/2013	38.5	27	0	312.5	301
13/05/2013	38.3	27	0	312.3	301
14/05/2013	38.5	27.5	0	312.5	301.5
15/05/2013	38.5	28	0	312.5	302
16/05/2013	39	29	0	313	303
17/05/2013	38.8	28.2	27.5	312.8	302.2
18/05/2013	37	25.5	0.2	311	299.5
19/05/2013	37.5	25.5	0.8	311.5	299.5
20/05/2013	37.6	25.4	0	311.6	299.4
21/05/2013	36.5	27.2	0	310.5	301.2
22/05/2013	36.5	27	0.3	310.5	301
23/05/2013	37.5	26	0	311.5	300
24/05/2013	37.5	26.5	4.2	311.5	300.5
25/05/2013	37.5	25.5	1	311.5	299.5
26/05/2013	37.5	25.5	0	311.5	299.5
27/05/2013	37.2	25.5	0	311.2	299.5
28/05/2013	38	27.4	0	312	301.4
29/05/2013	38	28	0	312	302
30/05/2013	37	27.5	0	311	301.5
31/05/2013	33.6	26.4	0	307.6	300.4
01/06/2013	37	25	0	311	299
02/06/2013	37	24.5	0	311	298.5
03/06/2013	36	24.9	0.2	310	298.9
04/06/2013	36	25.6	4.2	310	299.6
05/06/2013	33.8	25.2	19.5	307.8	299.2
06/06/2013	33.5	23.6	20.5	307.5	297.6
07/06/2013	34	24	0	308	298
08/06/2013	35.6	24.2	0	309.6	298.2
09/06/2013	38.5	24.2	0	312.5	298.2
10/06/2013	36	26.8	21	310	300.8
11/06/2013	35	25	0.8	309	299
12/06/2013	32.5	24.8	18.8	306.5	298.8
13/06/2013	33	25	37.2	307	299
14/06/2013	33.5	24.7	0	307.5	298.7
15/06/2013	34.4	26.2	0	308.4	300.2
16/06/2013	35.5	26	0	309.5	300
17/06/2013	34.8	25.6	1.5	308.8	299.6
18/06/2013	34.2	25.4	0.2	308.2	299.4
19/06/2013	35	26	38.3	309	300
20/06/2013	34.4	25.2	0	308.4	299.2
21/06/2013	31.9	26.7	0.5	305.9	300.7
22/06/2013	33.5	27	0.7	307.5	301
23/06/2013	34	25.5	3.5	308	299.5
24/06/2013	33.6	25	3.3	307.6	299
25/06/2013	33	25.6	0.3	307	299.6
26/06/2013	32.5	26.5	3.8	306.5	300.5
27/06/2013	32.9	26.2	0	306.9	300.2
28/06/2013	34.7	25.5	0	308.7	299.5
29/06/2013	35	25.5	0	309	299.5
30/06/2013	35.2	25.2	0	309.2	299.2
01/07/2013	35	24.2	0	309	298.2
02/07/2013	35.4	25.6	0	309.4	299.6
03/07/2013	35.4	24.7	3.5	309.4	298.7
04/07/2013	35.5	26	0	309.5	300
05/07/2013	34	26	29.9	308	300
06/07/2013	34	25.2	3.5	308	299.2
07/07/2013	34	25.3	0	308	299.3
08/07/2013	32.6	25	18	306.6	299
09/07/2013	32	24.7	2.1	306	298.7
10/07/2013	32.5	24.5	3.2	306.5	298.5
11/07/2013	33.5	24.5	3.3	307.5	298.5
12/07/2013	33.6	24.5	0	307.6	298.5
13/07/2013	34.5	25.5	0	308.5	299.5
14/07/2013	34.5	25.5	0	308.5	299.5
15/07/2013	34.2	25.6	0	308.2	299.6
16/07/2013	34	25.5	8.6	308	299.5
17/07/2013	34.5	24.5	0	308.5	298.5
18/07/2013	36.5	25.5	0.1	310.5	299.5
19/07/2013	32.5	26	0	306.5	300
20/07/2013	32.5	25.5	0	306.5	299.5
21/07/2013	35.2	25.5	0	309.2	299.5
22/07/2013	33.5	27	1	307.5	301
23/07/2013	34	26	2.7	308	300
24/07/2013	32	25.2	0.4	306	299.2
25/07/2013	34	25.6	0	308	299.6
26/07/2013	33.8	25.8	0	307.8	299.8
27/07/2013	34.7	25.5	1	308.7	299.5
28/07/2013	34.5	26	0.2	308.5	300
29/07/2013	33.8	25.5	5.3	307.8	299.5
30/07/2013	30.5	24.9	2.1	304.5	298.9
31/07/2013	31.5	26	0	305.5	300
01/08/2013	34.6	25.8	0	308.6	299.8
02/08/2013	35.1	25.7	2.9	309.1	299.7
03/08/2013	35	25.5	7.2	309	299.5
04/08/2013	35	24.5	0	309	298.5
05/08/2013	33.6	24.5	0.3	307.6	298.5
06/08/2013	36	24.5	0	310	298.5
07/08/2013	33.5	24.6	11.4	307.5	298.6
08/08/2013	34.9	24	0.3	308.9	298
09/08/2013	31.2	25.5	17	305.2	299.5
10/08/2013	34	24.5	0	308	298.5
11/08/2013	34	26	0.8	308	300
12/08/2013	35.5	25.5	10	309.5	299.5
13/08/2013	33.5	24.2	10.9	307.5	298.2
14/08/2013	32.4	24.5	1.9	306.4	298.5
15/08/2013	32.5	26	0	306.5	300
16/08/2013	33.6	25.8	0	307.6	299.8
17/08/2013	35.1	23.4	0	309.1	297.4
18/08/2013	35	26.5	0	309	300.5
19/08/2013	35.5	26.3	0	309.5	300.3
20/08/2013	35.5	26	15.2	309.5	300
21/08/2013	33	24.4	0	307	298.4
22/08/2013	31.5	25.3	10.4	305.5	299.3
23/08/2013	33.5	23.5	9.8	307.5	297.5
24/08/2013	33.5	25	19	307.5	299
25/08/2013	33.5	24	23.8	307.5	298
26/08/2013	34.8	24	3	308.8	298
27/08/2013	35.5	24.2	20.9	309.5	298.2
28/08/2013	34.9	23.9	0	308.9	297.9
29/08/2013	35	26.5	0	309	300.5
30/08/2013	35.5	26.7	1.6	309.5	300.7
31/08/2013	34.4	26	4	308.4	300
01/09/2013	35.5	26	0	309.5	300
02/09/2013	32.5	26	6.7	306.5	300
03/09/2013	34.1	25.9	0	308.1	299.9
04/09/2013	35.5	26	0	309.5	300
05/09/2013	35.5	26	18.8	309.5	300
06/09/2013	33	24.5	0	307	298.5
07/09/2013	35	25	15.1	309	299
08/09/2013	30.4	25	0.5	304.4	299
09/09/2013	33	25	0	307	299
10/09/2013	35	25	0.3	309	299
11/09/2013	35	24.5	32	309	298.5
12/09/2013	34.3	24.5	21.9	308.3	298.5
13/09/2013	28.6	24.5	4.9	302.6	298.5
14/09/2013	32.2	24.7	1.7	306.2	298.7
15/09/2013	33.4	26.2	63.9	307.4	300.2
16/09/2013	33	24.5	0	307	298.5
17/09/2013	32.8	24.4	0	306.8	298.4
18/09/2013	34.2	25.6	3.6	308.2	299.6
19/09/2013	32	24.8	58.4	306	298.8
20/09/2013	27.8	23.8	10.3	301.8	297.8
21/09/2013	31.5	24.4	9.5	305.5	298.4
22/09/2013	33	25.6	3.8	307	299.6
23/09/2013	30.4	25.5	0.1	304.4	299.5
24/09/2013	34.7	25.9	0	308.7	299.9
25/09/2013	34.5	26.5	2	308.5	300.5
26/09/2013	33.8	25.9	0	307.8	299.9
27/09/2013	33.8	26.2	2	307.8	300.2
28/09/2013	34.5	25.2	12.5	308.5	299.2
29/09/2013	32	24.5	99	306	298.5
30/09/2013	32	24	1.6	306	298
