   station      Date     Tmin     Tmax    IrradiationMJ   Soilt10   Soilt30
        37  01/01/2005      -0.0       5.7       1.1       3.3       4.0
        37  02/01/2005       1.6       6.2       0.8       3.8       4.2
        37  03/01/2005       0.5       6.8       1.3       3.4       4.1
        37  04/01/2005       2.8       8.1       0.3       4.6       4.5
        37  05/01/2005       4.2       6.4       1.0       4.7       4.9
        37  06/01/2005       4.2       7.7       2.1       4.6       4.9
        37  07/01/2005       3.8      10.2       0.3       5.5       5.3
        37  08/01/2005       7.9       9.2       0.5       6.3       6.0
        37  09/01/2005       1.9       7.2       1.9       5.5       5.9
        37  10/01/2005       3.4      10.8       0.7       6.1       5.9
        37  11/01/2005       4.7       7.9       2.0       6.1       6.2
        37  12/01/2005       5.2       8.8       1.8       6.0       6.2
        37  13/01/2005       3.7       6.1       2.6       5.4       5.9
        37  14/01/2005       2.4       5.6       2.9       4.8       5.5
        37  15/01/2005      -1.7       3.2       1.9       3.7       4.8
        37  16/01/2005      -0.1       3.8       1.8       3.5       4.3
        37  17/01/2005       1.5       6.4       0.5       4.2       4.5
        37  18/01/2005       4.6       6.0       1.5       4.8       5.0
        37  19/01/2005      -0.3       3.0       1.1       4.1       4.7
        37  20/01/2005       0.2       6.2       1.6       3.7       4.4
        37  21/01/2005       1.9       4.2       2.6       3.6       4.3
        37  22/01/2005      -1.6       3.2       3.9       3.0       3.9
        37  23/01/2005      -2.3       2.1       3.4       2.4       3.4
        37  24/01/2005      -3.8       1.7       3.9       2.1       3.1
        37  25/01/2005      -4.3      -0.8       3.5       1.8       2.8
        37  26/01/2005      -4.6      -1.2       1.1       1.6       2.6
        37  27/01/2005      -5.2       1.4       4.9       1.5       2.4
        37  28/01/2005      -5.2       1.4       3.1       1.5       2.3
        37  29/01/2005      -2.2       2.4       1.8       1.5       2.3
        37  30/01/2005      -0.8       6.6       2.5       1.8       2.3
        37  31/01/2005       2.6       6.8       4.2       2.9       3.0
        37  01/02/2005       0.7       4.5       5.3       2.5       3.1
        37  02/02/2005      -1.0       6.5       5.2       2.2       2.8
        37  03/02/2005      -1.7       4.2       3.0       2.0       2.7
        37  04/02/2005      -1.1       6.5       1.4       2.6       2.8
        37  05/02/2005       4.4       5.2       1.9       3.4       3.5
        37  06/02/2005      -1.5       1.0       5.1       2.8       3.5
        37  07/02/2005      -3.8       1.1       6.6       2.1       3.0
        37  08/02/2005      -5.8      -0.3       6.0       1.7       2.6
        37  09/02/2005      -6.6       2.3       3.4       1.2       2.2
        37  10/02/2005      -3.3       6.6       4.6       1.4       2.1
        37  11/02/2005       0.7       5.1       6.4       1.9       2.4
        37  12/02/2005      -0.2       1.6       0.8       2.0       2.5
        37  13/02/2005      -1.2       0.4       3.4       2.0       2.5
        37  14/02/2005      -2.9      -0.1       6.2       2.0       2.6
        37  15/02/2005      -2.7      -0.9       3.8       2.0       2.6
        37  16/02/2005      -3.1      -1.7       2.7       2.1       2.6
        37  17/02/2005      -4.8       0.3       3.1       2.0       2.5
        37  18/02/2005      -4.4       3.2       2.8       1.9       2.5
        37  19/02/2005      -0.7       4.3       7.7       1.9       2.5
        37  20/02/2005      -0.3       2.6       6.6       2.1       2.5
        37  21/02/2005      -2.0       1.8       3.6       2.1       2.6
        37  22/02/2005      -3.2       0.2       4.4       2.0       2.6
        37  23/02/2005      -5.1      -2.5       3.5       1.8       2.4
        37  24/02/2005      -4.7       0.5       2.3       1.5       2.2
        37  25/02/2005      -2.2       0.8       7.7       1.5       2.1
        37  26/02/2005      -4.2      -0.4       4.5       1.5       2.1
        37  27/02/2005      -8.7      -3.0      10.7       1.3       2.0
        37  28/02/2005      -8.8       1.8       5.6       0.9       1.7
        37  01/03/2005      -2.1       0.1       4.6       0.9       1.6
        37  02/03/2005      -4.9      -3.7       7.5       0.9       1.6
        37  03/03/2005     -12.9      -3.8      13.1       1.0       1.6
        37  04/03/2005     -11.2      -2.0       9.8       0.9       1.6
        37  05/03/2005      -7.4      -1.7       9.8       0.8       1.5
        37  06/03/2005     -11.2       0.8       9.5       0.7       1.4
        37  07/03/2005      -6.6       5.8      12.6       0.6       1.3
        37  08/03/2005      -5.5       5.9      13.3       0.6       1.3
        37  09/03/2005      -2.8       2.9      13.0       0.6       1.2
        37  10/03/2005      -5.1       2.9       5.8       0.6       1.2
        37  11/03/2005      -1.2       4.4       8.6       0.6       1.2
        37  12/03/2005      -0.6       1.5       4.9       0.6       1.2
        37  13/03/2005      -5.7       1.3       6.2       0.7       1.2
        37  14/03/2005      -3.4       4.2       9.7       0.7       1.3
        37  15/03/2005      -1.5       3.7       4.4       0.8       1.3
        37  16/03/2005      -0.0       9.3       1.5       1.7       1.6
        37  17/03/2005       6.8       8.7       2.4       3.6       2.9
        37  18/03/2005       3.1       5.9       5.2       4.1       3.7
        37  19/03/2005      -1.7       1.2      15.2       3.5       3.6
        37  20/03/2005      -5.7       0.8       9.0       2.6       3.2
        37  21/03/2005      -2.4       5.0      15.0       2.8       3.0
        37  22/03/2005      -1.5       9.0      14.0       3.0       3.2
        37  23/03/2005       2.9      14.5       8.6       3.8       3.5
        37  24/03/2005       3.3      14.0      11.7       5.4       4.5
        37  25/03/2005       1.9      10.9       8.4       5.8       5.2
        37  26/03/2005       4.5      10.7      10.4       6.1       5.6
        37  27/03/2005       2.0       8.7      12.3       6.0       5.7
        37  28/03/2005      -0.6       7.6      17.5       5.4       5.5
        37  29/03/2005      -0.8       7.5      17.8       5.0       5.2
        37  30/03/2005      -0.9       7.2      17.7       4.6       4.9
        37  31/03/2005      -1.9       9.6      18.0       4.5       4.7
        37  01/04/2005      -2.4      12.5      18.5       4.5       4.7
        37  02/04/2005       0.7      14.3      18.2       4.8       4.8
        37  03/04/2005       0.2      17.1      18.2       5.1       5.0
        37  04/04/2005       5.8      20.1      15.6       5.9       5.4
        37  05/04/2005       3.7       9.5      10.3       6.3       5.9
        37  06/04/2005       2.6      10.2       9.2       6.1       5.9
        37  07/04/2005       2.8       8.8       9.6       6.4       6.1
        37  08/04/2005       2.7       8.8       9.3       6.4       6.2
        37  09/04/2005       0.9       6.3      14.5       6.1       6.1
        37  10/04/2005       0.0       9.0       8.7       5.9       6.0
        37  11/04/2005       5.0      14.0      14.3       6.8       6.3
        37  12/04/2005       4.2      11.5       7.7       7.1       6.8
        37  13/04/2005       3.9       9.6       8.7       7.3       6.9
        37  14/04/2005       4.3      10.1       4.0       7.5       7.1
        37  15/04/2005       7.3      15.5      16.6       8.4       7.5
        37  16/04/2005       7.1      14.4      18.9       9.1       8.2
        37  17/04/2005       5.3      13.7      21.3       9.1       8.5
        37  18/04/2005       4.5      11.7      20.2       8.7       8.4
        37  19/04/2005       2.6       9.3      18.4       8.4       8.2
        37  20/04/2005      -1.0      11.2      20.0       7.7       7.8
        37  21/04/2005      -1.6      10.6      20.5       7.2       7.4
        37  22/04/2005       3.1      11.2      16.7       8.1       7.6
        37  23/04/2005       2.6      10.5      10.6       8.1       7.9
        37  24/04/2005      -0.4      11.7      22.9       7.6       7.6
        37  25/04/2005       1.2      13.1      23.0       7.6       7.5
        37  26/04/2005      -0.2      11.8      23.9       7.6       7.5
        37  27/04/2005       1.7      12.0      15.4       7.5       7.5
        37  28/04/2005       6.0      10.1       7.3       7.9       7.6
        37  29/04/2005       6.1      13.5       7.4       8.1       7.8
        37  30/04/2005       7.8      14.8      11.4       8.8       8.1
        37  01/05/2005       8.4      14.8      17.0       9.5       8.7
        37  02/05/2005      10.4      18.4      10.0      10.3       9.3
        37  03/05/2005       9.1      18.1      17.4      11.2      10.0
        37  04/05/2005       5.6      13.5      12.3      11.4      10.5
        37  05/05/2005       5.3      10.5      15.6      10.6      10.2
        37  06/05/2005       5.1      10.8      18.8      10.4      10.0
        37  07/05/2005       3.6      10.5      19.3      10.0       9.8
        37  08/05/2005       2.8       9.1      17.3       9.6       9.6
        37  09/05/2005       3.5       9.4      15.2       9.6       9.4
        37  10/05/2005       3.1      11.7      17.1       9.8       9.5
        37  11/05/2005       3.4      13.8      19.9       9.8       9.5
        37  12/05/2005       4.7      12.8      26.0      10.2       9.7
        37  13/05/2005       2.2      15.1      24.9      10.6       9.9
        37  14/05/2005       4.5      14.8      21.5      11.2      10.5
        37  15/05/2005       3.4      16.4      27.5      11.2      10.6
        37  16/05/2005       4.8       9.4      18.4      11.1      10.8
        37  17/05/2005       3.0      11.1      22.9      10.5      10.3
        37  18/05/2005       1.7       9.6      21.7      10.2      10.1
        37  19/05/2005       2.3      12.8      15.6      10.1       9.9
        37  20/05/2005       9.4      13.1       6.2      10.3      10.0
        37  21/05/2005       9.5      17.2      14.5      11.3      10.4
        37  22/05/2005       9.6      19.4      24.6      12.2      11.1
        37  23/05/2005       7.2      17.1      14.0      12.5      11.6
        37  24/05/2005       5.2      15.6      19.7      12.1      11.6
        37  25/05/2005       9.5      16.7      15.4      12.5      11.7
        37  26/05/2005       9.9      23.4      18.3      13.0      12.0
        37  27/05/2005       8.6      19.6      23.5      13.5      12.4
        37  28/05/2005      11.5      26.7      21.9      13.9      12.8
        37  29/05/2005      10.0      15.9      24.8      13.9      13.1
        37  30/05/2005       8.3      13.3      22.2      13.5      12.9
        37  31/05/2005       8.1      13.0       8.6      12.8      12.5
        37  01/06/2005       6.7      11.7       9.8      12.3      12.1
        37  02/06/2005       5.0      12.6       4.1      11.4      11.6
        37  03/06/2005      11.0      17.9      13.3      12.2      11.5
        37  04/06/2005      10.4      14.4       7.2      12.9      12.2
        37  05/06/2005       8.2      11.7       6.5      12.5      12.2
        37  06/06/2005       6.5      11.6      14.4      11.6      11.7
        37  07/06/2005       5.6      13.7      28.9      11.6      11.3
        37  08/06/2005       3.7      16.6      27.8      12.1      11.6
        37  09/06/2005       7.8      18.4      22.9      12.9      12.1
        37  10/06/2005       7.1      13.7      24.0      13.1      12.5
        37  11/06/2005       6.4      15.0      22.2      12.8      12.3
        37  12/06/2005       6.0      13.3      14.6      12.8      12.4
        37  13/06/2005       4.0      13.1       9.0      11.9      12.0
        37  14/06/2005       7.1      17.8      13.5      12.1      11.8
        37  15/06/2005       8.7      21.0      29.7      13.3      12.3
        37  16/06/2005      11.7      19.6      12.0      14.2      13.2
        37  17/06/2005      10.4      15.6       8.0      14.2      13.5
        37  18/06/2005       9.3      18.4      28.9      14.0      13.3
        37  19/06/2005      12.6      21.9      14.3      14.8      13.8
        37  20/06/2005      14.2      24.5      26.5      15.8      14.4
        37  21/06/2005      12.2      20.6       8.0      16.1      15.0
        37  22/06/2005      11.9      17.6      28.0      15.5      14.8
        37  23/06/2005      11.5      24.3      28.6      15.9      14.8
        37  24/06/2005      13.7      23.1      28.1      16.7      15.4
        37  25/06/2005      11.1      19.7      24.8      16.7      15.7
        37  26/06/2005       9.3      16.5      25.9      15.8      15.3
        37  27/06/2005      10.5      17.9      18.9      15.3      14.9
        37  28/06/2005       9.9      17.1      28.3      15.1      14.6
        37  29/06/2005      10.0      20.7      30.4      15.5      14.7
        37  30/06/2005       8.3      21.7      27.5      15.4      14.8
        37  01/07/2005      10.8      22.4      25.3      15.7      14.8
        37  02/07/2005      12.3      22.0      19.9      16.0      15.1
        37  03/07/2005      10.8      23.1      12.9      15.9      15.2
        37  04/07/2005      15.8      25.1      24.8      16.5      15.3
        37  05/07/2005      12.5      17.6       3.8      16.0      15.4
        37  06/07/2005      12.0      14.0       6.9      15.5      15.0
        37  07/07/2005      13.2      21.2      20.4      16.1      15.2
        37  08/07/2005      11.1      24.8      26.9      16.8      15.6
        37  09/07/2005      13.9      28.0      28.1      17.7      16.3
        37  10/07/2005      13.4      24.4      22.2      17.9      16.8
        37  11/07/2005      14.5      26.9      26.5      18.2      16.9
        37  12/07/2005      13.5      27.0      27.8      18.5      17.3
        37  13/07/2005      12.5      20.6      25.0      18.1      17.3
        37  14/07/2005      11.0      20.6      18.3      17.3      16.8
        37  15/07/2005      13.2      17.7       6.7      16.8      16.4
        37  16/07/2005      11.5      17.4      13.7      16.4      16.1
        37  17/07/2005      12.6      18.1      14.5      16.0      15.8
        37  18/07/2005      16.0      22.2      13.0      16.8      15.9
        37  19/07/2005      12.1      19.9      11.4      17.1      16.4
        37  20/07/2005      10.8      16.6      13.8      16.4      16.1
        37  21/07/2005      12.8      19.9      12.5      16.6      16.0
        37  22/07/2005      11.9      20.6      16.1      16.8      16.1
        37  23/07/2005      12.3      18.2      11.8      16.6      16.2
        37  24/07/2005      12.2      15.6       9.7      16.1      15.9
        37  25/07/2005      11.2      17.8      17.7      16.1      15.6
        37  26/07/2005      10.7      18.4      16.3      16.1      15.7
        37  27/07/2005       9.8      18.2      16.0      16.1      15.7
        37  28/07/2005       9.0      17.8       8.8      15.8      15.5
        37  29/07/2005      10.9      19.4       6.6      16.0      15.6
        37  30/07/2005      14.9      19.7       5.5      16.4      15.8
        37  31/07/2005      12.8      20.1      16.9      16.6      16.0
        37  01/08/2005      13.4      21.7      19.1      17.0      16.1
        37  02/08/2005      13.1      16.0       8.6      16.7      16.3
        37  03/08/2005      11.2      16.5       7.6      16.1      15.9
        37  04/08/2005       9.4      17.4      17.0      15.8      15.6
        37  05/08/2005      10.3      14.9       8.3      15.8      15.5
        37  06/08/2005       8.6      16.7      19.5      15.4      15.3
        37  07/08/2005       9.6      18.3      21.6      15.5      15.2
        37  08/08/2005       8.5      14.9       5.8      15.1      15.1
        37  09/08/2005      10.8      20.4      19.6      15.5      15.0
        37  10/08/2005      14.0      19.4      12.1      16.0      15.5
        37  11/08/2005      12.2      15.1       4.9      15.8      15.5
        37  12/08/2005      12.3      14.3       6.2      15.2      15.2
        37  13/08/2005       8.5      16.7      17.2      14.9      14.9
        37  14/08/2005       7.9      18.3      10.4      14.8      14.7
        37  15/08/2005       7.9      19.6      21.4      15.0      14.8
        37  16/08/2005       9.8      18.7      17.9      15.4      14.9
        37  17/08/2005       9.1      17.1       9.5      15.0      14.8
        37  18/08/2005      13.5      22.7      19.7      15.3      14.9
        37  19/08/2005      11.4      24.3      19.3      15.5      15.2             
        37  20/08/2005      13.4      26.8      18.3      15.5      15.2             
        37  21/08/2005      13.4      26.2      15.3      15.5      15.2             
        37  22/08/2005      13.5      24.9      12.2      15.5      15.2             
        37  23/08/2005      10.7      19.6       9.2      15.5      15.2             
        37  24/08/2005       6.9      19.6      16.7      15.5      15.2             
        37  25/08/2005      10.0      15.6       5.8      15.7      15.5
        37  26/08/2005       7.8      17.3      16.2      15.3      15.3
        37  27/08/2005       7.5      15.7      11.8      14.8      14.9
        37  28/08/2005      11.2      17.7      11.5      15.0      14.9
        37  29/08/2005      11.6      21.1      12.1      15.5      15.1
        37  30/08/2005       8.5      19.5      19.7      15.4      15.2
        37  31/08/2005       5.8      20.8      19.5      14.9      14.9
        37  01/09/2005      12.0      23.5      18.2      15.2      14.9
        37  02/09/2005       9.8      18.9      10.2      15.6      15.2
        37  03/09/2005       7.7      18.9      19.4      15.0      15.0
        37  04/09/2005       4.3      21.0      16.5      14.5      14.6
        37  05/09/2005       7.5      23.4      17.5      14.6      14.5
        37  06/09/2005      11.5      24.7      17.3      15.1      14.7
        37  07/09/2005      12.6      20.0       7.8      15.2      14.9
        37  08/09/2005      13.6      20.6       8.5      15.5      15.1
        37  09/09/2005      10.1      17.9      16.8      15.5      15.1
        37  10/09/2005       7.6      18.9      16.7      15.1      15.0
        37  11/09/2005       9.9      18.7      14.2      14.9      14.8
        37  12/09/2005       9.9      16.7      14.2      14.6      14.7
        37  13/09/2005       9.2      19.5      13.6      14.3      14.3
        37  14/09/2005      11.8      16.4       7.7      14.5      14.4
        37  15/09/2005       7.0      14.8      11.3      14.1      14.2
        37  16/09/2005       2.8      14.0      12.1      13.0      13.6
        37  17/09/2005       0.9      14.9      14.0      12.0      12.8
        37  18/09/2005       6.9      15.4       5.5      12.2      12.6
        37  19/09/2005      12.3      16.2       4.2      13.0      12.9
        37  20/09/2005       9.9      17.3       7.6      13.3      13.2
        37  21/09/2005       5.5      17.8      12.5      12.9      13.1
        37  22/09/2005       9.3      18.8      11.8      13.2      13.1
        37  23/09/2005       9.3      20.1      13.5      13.1      13.2
        37  24/09/2005       9.2      15.6       8.2      13.2      13.2
        37  25/09/2005       8.9      18.8       7.9      13.2      13.1
        37  26/09/2005      11.3      18.9      11.2      13.8      13.5
        37  27/09/2005      10.6      15.9       2.9      13.5      13.5
        37  28/09/2005       6.8      14.0       8.0      13.2      13.3
        37  29/09/2005       6.2      12.0       5.0      12.4      12.9
        37  30/09/2005       7.2      14.1       9.7      12.3      12.6
        37  01/10/2005       8.2      14.5       3.7      12.6      12.7
        37  02/10/2005       5.6      15.2       9.4      12.1      12.4
        37  03/10/2005       5.2      15.5       6.6      11.6      12.1
        37  04/10/2005       6.0      15.7       7.2      11.7      12.0
        37  05/10/2005       3.2      16.4      11.2      11.3      11.7
        37  06/10/2005       6.3      15.1       5.3      11.3      11.6
        37  07/10/2005       8.7      17.5       8.4      11.8      11.8
        37  08/10/2005       9.6      17.0       8.6      12.0      12.0
        37  09/10/2005       8.3      14.1       6.4      12.2      12.2
        37  10/10/2005       7.7      16.6       5.0      11.9      12.1
        37  11/10/2005      11.5      17.2       9.7      12.2      12.2
        37  12/10/2005      10.2      16.4       9.1      12.1      12.2
        37  13/10/2005       9.0      16.8       8.8      11.9      12.1
        37  14/10/2005       3.9      14.5       8.6      11.8      12.0
        37  15/10/2005       2.0      13.0       9.1      10.6      11.4
        37  16/10/2005       1.2      12.2       9.0       9.6      10.6
        37  17/10/2005      -0.7      10.4       8.3       9.0      10.0
        37  18/10/2005       3.1      11.1       6.7       9.2       9.8
        37  19/10/2005       0.3      12.8       7.8       8.8       9.6
        37  20/10/2005       7.5      12.6       2.1       9.4       9.7
        37  21/10/2005       7.7      12.6       3.5       9.7       9.9
        37  22/10/2005       7.4      14.5       4.9      10.5      10.4
        37  23/10/2005       3.1       9.9       5.8      10.0      10.5
        37  24/10/2005      -1.2       6.3       6.3       8.6       9.7
        37  25/10/2005       5.9      13.8       1.4       9.1       9.4
        37  26/10/2005       7.9      12.8       4.3       9.8       9.9
        37  27/10/2005       8.2      13.6       1.8       9.9      10.0
        37  28/10/2005      11.7      15.1       5.7      10.8      10.5
        37  29/10/2005      10.3      13.0       2.3      11.0      10.9
        37  30/10/2005      10.2      14.3       4.2      11.1      11.0
        37  31/10/2005      10.1      15.1       3.9      11.2      11.1
        37  01/11/2005       9.3      13.6       1.3      11.1      11.1
        37  02/11/2005       5.3      10.9       2.8      10.6      10.9
        37  03/11/2005      10.9      14.6       1.4      10.9      10.9
        37  04/11/2005      11.7      14.3       2.7      11.4      11.2
        37  05/11/2005       8.0      11.6       1.8      11.1      11.2
        37  06/11/2005       7.3      12.9       0.7      10.8      11.0
        37  07/11/2005       6.4      12.4       2.9      10.9      11.0
        37  08/11/2005       6.2      10.5       1.6      10.3      10.7
        37  09/11/2005       5.7      11.3       4.0      10.1      10.5
        37  10/11/2005       4.9      11.8       1.9       9.6      10.2
        37  11/11/2005       8.2      12.7       1.0       9.8      10.1
        37  12/11/2005       6.6      12.2       1.6      10.2      10.3
        37  13/11/2005       4.1      10.0       2.8       9.4      10.0
        37  14/11/2005       3.9      10.2       1.1       8.8       9.5
        37  15/11/2005       2.8      10.6       3.7       8.9       9.4
        37  16/11/2005      -1.1       3.5       3.4       7.6       8.7
        37  17/11/2005      -2.0       4.3       4.3       6.1       7.7
        37  18/11/2005      -2.6       4.5       4.4       5.1       6.7
        37  19/11/2005      -1.6       5.1       3.6       4.3       5.9
        37  20/11/2005      -0.1       4.4       1.9       4.0       5.4
        37  21/11/2005      -1.1       2.8       2.3       4.3       5.4
        37  22/11/2005       2.4       7.5       1.0       5.1       5.7
        37  23/11/2005       2.4       6.5       0.8       5.9       6.3
        37  24/11/2005       2.8       8.1       0.6       6.3       6.6
        37  25/11/2005       0.3       2.8       0.4       5.9       6.6
        37  26/11/2005       0.2       1.7       1.4       5.3       6.2
        37  27/11/2005      -2.4       1.3       3.7       4.7       5.8
        37  28/11/2005      -3.4       0.4       2.2       3.9       5.2
        37  29/11/2005      -4.3       0.4       1.3       3.3       4.7
        37  30/11/2005      -1.3       2.1       3.4       3.3       4.4
        37  01/12/2005      -0.6       3.6       0.8       3.5       4.4
        37  02/12/2005      -0.1       1.9       1.6       3.4       4.4
        37  03/12/2005       0.6       2.4       0.6       3.5       4.4
        37  04/12/2005       1.7       3.6       0.5       3.9       4.5
        37  05/12/2005       3.6       5.4       0.4       4.5       4.9
        37  06/12/2005       4.5       5.6       0.4       5.1       5.3
        37  07/12/2005       3.3       4.6       0.4       5.4       5.7
        37  08/12/2005       1.7       3.7       0.9       5.3       5.8
        37  09/12/2005      -2.6       1.7       1.6       4.6       5.5
        37  10/12/2005      -3.3       9.0       0.7       3.8       4.8
        37  11/12/2005       7.9       9.3       0.8       5.3       5.3
        37  12/12/2005       3.7       9.2       2.2       5.7       5.9
        37  13/12/2005       4.3       6.8       1.0       5.2       5.7
        37  14/12/2005       2.7       7.5       2.2       5.3       5.8
        37  15/12/2005       3.4       8.0       1.7       5.4       5.8
        37  16/12/2005      -2.4       3.4       1.9       4.9       5.6
        37  17/12/2005      -2.6       0.8       2.4       3.8       5.0
        37  18/12/2005      -4.0       1.6       2.1       2.9       4.2
        37  19/12/2005      -2.8       4.0       0.6       2.4       3.7
        37  20/12/2005      -2.8       5.8       1.3       2.6       3.5
        37  21/12/2005      -3.1       6.3       0.9       2.5       3.5
        37  22/12/2005       1.4       6.1       2.0       3.0       3.5
        37  23/12/2005       0.5       7.7       0.4       3.1       3.7
        37  24/12/2005      -1.3       7.6       1.0       4.3       4.3
        37  25/12/2005      -1.8       1.6       3.5       3.3       4.3
        37  26/12/2005      -2.4       1.2       0.7       2.6       3.6
        37  27/12/2005      -1.8       0.3       0.5       2.4       3.3
        37  28/12/2005      -3.1      -0.8       1.7       2.5       3.3
        37  29/12/2005      -2.8      -1.9       0.9       2.6       3.3
        37  30/12/2005      -2.6      -0.1       2.3       2.8       3.4
        37  31/12/2005      -2.3      -1.2       1.3       2.9       3.5
        37  01/01/2006      -2.3      -0.2       1.4       3.0       3.6