Date	LakeId	obsDO	tempW	obsDLI	wind 
1/1/2004	732	10.66666667	2.4666666	4.086618989	4
2/1/2004	732	10.61944444	2.436111042	3.788868001	4
3/1/2004	732	10.57222222	2.405555483	3.491117012	2
4/1/2004	732	10.525	2.374999925	3.193366024	3
5/1/2004	732	10.47777778	2.344444367	2.895615035	4
6/1/2004	732	10.43055556	2.313888808	2.597864047	8
7/1/2004	732	10.38333333	2.28333325	2.300113058	4
8/1/2004	732	10.33611111	2.252777692	2.00236207	1
9/1/2004	732	10.28888889	2.222222133	1.704611081	6
10/1/2004	732	10.24166667	2.191666575	1.406860093	6
11/1/2004	732	10.19444444	2.161111017	1.109109104	3
12/1/2004	732	10.14722222	2.130555458	0.811358116	8
13/01/2004	732	10.1	2.0999999	0.513607127	4
14/01/2004	732	10.17857143	2.074999904	0.59478547	7
15/01/2004	732	10.25714286	2.049999907	0.675963814	5
16/01/2004	732	10.33571429	2.024999911	0.757142157	4
17/01/2004	732	10.41428571	1.999999914	0.8383205	6
18/01/2004	732	10.49285714	1.974999918	0.919498844	1
19/01/2004	732	10.57142857	1.949999921	1.000677187	7
20/01/2004	732	10.65	1.924999925	1.08185553	6
21/01/2004	732	10.72857143	1.899999929	1.163033874	7
22/01/2004	732	10.80714286	1.874999932	1.244212217	3
23/01/2004	732	10.88571429	1.849999936	1.32539056	4
24/01/2004	732	10.96428571	1.824999939	1.406568904	7
25/01/2004	732	11.04285714	1.799999943	1.487747247	6
26/01/2004	732	11.12142857	1.774999946	1.56892559	2
27/01/2004	732	11.2	1.74999995	1.650103934	5
28/01/2004	732	11.27857143	1.724999954	1.731282277	6
29/01/2004	732	11.35714286	1.699999957	1.81246062	5
30/01/2004	732	11.43571429	1.674999961	1.893638964	7
31/01/2004	732	11.51428571	1.649999964	1.974817307	4
1/2/2004	732	11.59285714	1.624999968	2.05599565	7
2/2/2004	732	11.67142857	1.599999971	2.137173994	5
3/2/2004	732	11.75	1.574999975	2.218352337	8
4/2/2004	732	11.82857143	1.549999979	2.29953068	5
5/2/2004	732	11.90714286	1.524999982	2.380709024	6
6/2/2004	732	11.98571429	1.499999986	2.461887367	6
7/2/2004	732	12.06428571	1.474999989	2.54306571	6
8/2/2004	732	12.14285714	1.449999993	2.624244054	6
9/2/2004	732	12.22142857	1.424999996	2.705422397	7
10/2/2004	732	12.3	1.4	2.78660074	6
11/2/2004	732	12.31454545	1.494545453	3.11519535	8
12/2/2004	732	12.32909091	1.589090905	3.44378996	7
13/02/2004	732	12.34363636	1.683636358	3.772384569	6
14/02/2004	732	12.35818182	1.778181811	4.100979179	8
15/02/2004	732	12.37272727	1.872727264	4.429573789	6
16/02/2004	732	12.38727273	1.967272716	4.758168398	6
17/02/2004	732	12.40181818	2.061818169	5.086763008	1
18/02/2004	732	12.41636364	2.156363622	5.415357618	7
19/02/2004	732	12.43090909	2.250909075	5.743952227	3
20/02/2004	732	12.44545455	2.345454527	6.072546837	2
21/02/2004	732	12.46	2.43999998	6.401141446	8
22/02/2004	732	12.47454545	2.534545433	6.729736056	2
23/02/2004	732	12.48909091	2.629090885	7.058330666	1
24/02/2004	732	12.50363636	2.723636338	7.386925275	4
25/02/2004	732	12.51818182	2.818181791	7.715519885	2
26/02/2004	732	12.53272727	2.912727244	8.044114495	4
27/02/2004	732	12.54727273	3.007272696	8.372709104	7
28/02/2004	732	12.56181818	3.101818149	8.701303714	1
29/02/2004	732	12.57636364	3.196363602	9.029898324	1
1/3/2004	732	12.59090909	3.290909055	9.358492933	8
2/3/2004	732	12.60545455	3.385454507	9.687087543	6
3/3/2004	732	12.62	3.47999996	10.01568215	6
4/3/2004	732	12.63454545	3.574545413	10.34427676	5
5/3/2004	732	12.64909091	3.669090865	10.67287137	3
6/3/2004	732	12.66363636	3.763636318	11.00146598	4
7/3/2004	732	12.67818182	3.858181771	11.33006059	4
8/3/2004	732	12.69272727	3.952727224	11.6586552	2
9/3/2004	732	12.70727273	4.047272676	11.98724981	2
10/3/2004	732	12.72181818	4.141818129	12.31584442	6
11/3/2004	732	12.73636364	4.236363582	12.64443903	2
12/3/2004	732	12.75090909	4.330909035	12.97303364	3
13/03/2004	732	12.76545455	4.425454487	13.30162825	5
14/03/2004	732	12.78	4.51999994	13.63022286	7
15/03/2004	732	12.79454545	4.614545393	13.95881747	7
16/03/2004	732	12.80909091	4.709090845	14.28741208	4
17/03/2004	732	12.82363636	4.803636298	14.61600669	7
18/03/2004	732	12.83818182	4.898181751	14.9446013	8
19/03/2004	732	12.85272727	4.992727204	15.27319591	5
20/03/2004	732	12.86727273	5.087272656	15.60179052	8
21/03/2004	732	12.88181818	5.181818109	15.93038513	7
22/03/2004	732	12.89636364	5.276363562	16.25897974	4
23/03/2004	732	12.91090909	5.370909015	16.58757435	3
24/03/2004	732	12.92545455	5.465454467	16.91616896	5
25/03/2004	732	12.94	5.55999992	17.24476356	5
26/03/2004	732	12.95454545	5.654545373	17.57335817	2
27/03/2004	732	12.96909091	5.749090825	17.90195278	2
28/03/2004	732	12.98363636	5.843636278	18.23054739	1
29/03/2004	732	12.99818182	5.938181731	18.559142	2
30/03/2004	732	13.01272727	6.032727184	18.88773661	6
31/03/2004	732	13.02727273	6.127272636	19.21633122	5
1/4/2004	732	13.04181818	6.221818089	19.54492583	4
2/4/2004	732	13.05636364	6.316363542	19.87352044	4
3/4/2004	732	13.07090909	6.410908995	20.20211505	8
4/4/2004	732	13.08545455	6.505454447	20.53070966	3
5/4/2004	732	13.1	6.5999999	20.85930427	3
6/4/2004	732	12.80666665	7.019999907	21.95361606	7
7/4/2004	732	12.51333331	7.439999913	23.04792784	5
8/4/2004	732	12.21999996	7.85999992	24.14223963	1
9/4/2004	732	11.92666661	8.279999927	25.23655141	7
10/4/2004	732	11.63333327	8.699999933	26.3308632	4
11/4/2004	732	11.33999992	9.11999994	27.42517498	5
12/4/2004	732	11.04666657	9.539999947	28.51948677	7
13/04/2004	732	10.75333323	9.959999953	29.61379855	6
14/04/2004	732	10.45999988	10.37999996	30.70811034	3
15/04/2004	732	10.16666653	10.79999997	31.80242212	3
16/04/2004	732	9.873333187	11.21999997	32.89673391	1
17/04/2004	732	9.57999984	11.63999998	33.99104569	6
18/04/2004	732	9.286666493	12.05999999	35.08535748	2
19/04/2004	732	8.993333147	12.47999999	36.17966927	7
20/04/2004	732	8.6999998	12.9	37.27398105	3
21/04/2004	732	9.259999813	13.10666667	36.02461235	8
22/04/2004	732	9.819999827	13.31333333	34.77524366	3
23/04/2004	732	10.37999984	13.52	33.52587496	8
24/04/2004	732	10.93999985	13.72666667	32.27650627	3
25/04/2004	732	11.49999987	13.93333333	31.02713757	6
26/04/2004	732	12.05999988	14.14	29.77776888	6
27/04/2004	732	12.61999989	14.34666667	28.52840018	5
28/04/2004	732	13.17999991	14.55333333	27.27903149	6
29/04/2004	732	13.73999992	14.76	26.02966279	4
30/04/2004	732	14.29999993	14.96666667	24.78029409	1
1/5/2004	732	14.85999995	15.17333333	23.5309254	8
2/5/2004	732	15.41999996	15.38	22.2815567	1
3/5/2004	732	15.97999997	15.58666667	21.03218801	3
4/5/2004	732	16.53999999	15.79333333	19.78281931	1
5/5/2004	732	17.1	16	18.53345062	7
6/5/2004	732	16.6	15.92142857	19.06227618	2
7/5/2004	732	16.1	15.84285714	19.59110175	8
8/5/2004	732	15.6	15.76428571	20.11992732	5
9/5/2004	732	15.1	15.68571429	20.64875288	4
10/5/2004	732	14.6	15.60714286	21.17757845	5
11/5/2004	732	14.1	15.52857143	21.70640401	3
12/5/2004	732	13.6	15.45	22.23522958	5
13/05/2004	732	13.1	15.37142857	22.76405515	4
14/05/2004	732	12.6	15.29285714	23.29288071	7
15/05/2004	732	12.1	15.21428571	23.82170628	3
16/05/2004	732	11.6	15.13571429	24.35053185	4
17/05/2004	732	11.1	15.05714286	24.87935741	8
18/05/2004	732	10.6	14.97857143	25.40818298	5
19/05/2004	732	10.1	14.9	25.93700855	1
20/05/2004	732	10.15384615	15.00769223	32.48996066	6
21/05/2004	732	10.20769231	15.11538446	39.04291276	7
22/05/2004	732	10.26153846	15.22307669	45.59586487	1
23/05/2004	732	10.31538462	15.33076892	52.14881698	6
24/05/2004	732	10.36923077	15.43846115	58.70176909	8
25/05/2004	732	10.42307692	15.54615338	65.2547212	5
26/05/2004	732	10.47692308	15.65384562	71.80767331	8
27/05/2004	732	10.53076923	15.76153785	78.36062542	3
28/05/2004	732	10.58461538	15.86923008	84.91357753	8
29/05/2004	732	10.63846154	15.97692231	91.46652964	6
30/05/2004	732	10.69230769	16.08461454	98.01948174	6
31/05/2004	732	10.74615385	16.19230677	104.5724339	3
1/6/2004	732	10.8	16.299999	111.125386	2
2/6/2004	732	10.70666664	16.1933324	105.4679387	6
3/6/2004	732	10.61333328	16.0866658	99.8104915	8
4/6/2004	732	10.51999992	15.9799992	94.15304427	5
5/6/2004	732	10.42666656	15.8733326	88.49559704	7
6/6/2004	732	10.3333332	15.766666	82.83814982	3
7/6/2004	732	10.23999984	15.6599994	77.18070259	6
8/6/2004	732	10.14666648	15.5533328	71.52325536	6
9/6/2004	732	10.05333312	15.4466662	65.86580813	8
10/6/2004	732	9.95999976	15.3399996	60.2083609	4
11/6/2004	732	9.8666664	15.233333	54.55091367	8
12/6/2004	732	9.77333304	15.1266664	48.89346644	1
13/06/2004	732	9.67999968	15.0199998	43.23601921	8
14/06/2004	732	9.58666632	14.9133332	37.57857198	8
15/06/2004	732	9.49333296	14.8066666	31.92112475	2
16/06/2004	732	9.3999996	14.7	26.26367752	1
17/06/2004	732	9.514285343	14.77142857	31.17799905	7
18/06/2004	732	9.628571086	14.84285714	36.09232058	7
19/06/2004	732	9.742856829	14.91428571	41.00664211	6
20/06/2004	732	9.857142571	14.98571429	45.92096363	8
21/06/2004	732	9.971428314	15.05714286	50.83528516	3
22/06/2004	732	10.08571406	15.12857143	55.74960669	8
23/06/2004	732	10.1999998	15.2	60.66392822	7
24/06/2004	732	10.31428554	15.27142857	65.57824975	6
25/06/2004	732	10.42857129	15.34285714	70.49257128	8
26/06/2004	732	10.54285703	15.41428571	75.4068928	5
27/06/2004	732	10.65714277	15.48571429	80.32121433	2
28/06/2004	732	10.77142851	15.55714286	85.23553586	5
29/06/2004	732	10.88571426	15.62857143	90.14985739	3
30/06/2004	732	11	15.7	95.06417892	7
1/7/2004	732	10.95	15.60714286	92.04557033	7
2/7/2004	732	10.9	15.51428571	89.02696175	7
3/7/2004	732	10.85	15.42142857	86.00835317	6
4/7/2004	732	10.8	15.32857143	82.98974458	8
5/7/2004	732	10.75	15.23571429	79.971136	7
6/7/2004	732	10.7	15.14285714	76.95252742	7
7/7/2004	732	10.65	15.05	73.93391883	2
8/7/2004	732	10.6	14.95714286	70.91531025	5
9/7/2004	732	10.55	14.86428571	67.89670167	3
10/7/2004	732	10.5	14.77142857	64.87809308	5
11/7/2004	732	10.45	14.67857143	61.8594845	1
12/7/2004	732	10.4	14.58571429	58.84087592	7
13/07/2004	732	10.35	14.49285714	55.82226733	4
14/07/2004	732	10.3	14.4	52.80365875	6
15/07/2004	732	10.72307692	14.66923077	52.01541078	7
16/07/2004	732	11.14615385	14.93846154	51.22716281	6
17/07/2004	732	11.56923077	15.20769231	50.43891484	2
18/07/2004	732	11.99230769	15.47692308	49.65066687	7
19/07/2004	732	12.41538462	15.74615385	48.86241891	4
20/07/2004	732	12.83846154	16.01538462	48.07417094	2
21/07/2004	732	13.26153846	16.28461538	47.28592297	8
22/07/2004	732	13.68461538	16.55384615	46.497675	5
23/07/2004	732	14.10769231	16.82307692	45.70942703	1
24/07/2004	732	14.53076923	17.09230769	44.92117906	5
25/07/2004	732	14.95384615	17.36153846	44.13293109	6
26/07/2004	732	15.37692308	17.63076923	43.34468313	7
27/07/2004	732	15.8	17.9	42.55643516	7
28/07/2004	732	15.43846154	18.33076923	45.05315975	6
29/07/2004	732	15.07692308	18.76153846	47.54988434	2
30/07/2004	732	14.71538462	19.19230769	50.04660894	4
31/07/2004	732	14.35384615	19.62307692	52.54333353	1
1/8/2004	732	13.99230769	20.05384615	55.04005812	4
2/8/2004	732	13.63076923	20.48461538	57.53678271	4
3/8/2004	732	13.26923077	20.91538462	60.03350731	6
4/8/2004	732	12.90769231	21.34615385	62.5302319	4
5/8/2004	732	12.54615385	21.77692308	65.02695649	3
6/8/2004	732	12.18461538	22.20769231	67.52368109	1
7/8/2004	732	11.82307692	22.63846154	70.02040568	3
8/8/2004	732	11.46153846	23.06923077	72.51713027	2
9/8/2004	732	11.1	23.5	75.01385487	5
10/8/2004	732	11.13333333	23.08000007	72.73517397	6
11/8/2004	732	11.16666667	22.66000013	70.45649308	2
12/8/2004	732	11.2	22.2400002	68.17781219	4
13/08/2004	732	11.23333333	21.82000027	65.8991313	3
14/08/2004	732	11.26666667	21.40000033	63.62045041	7
15/08/2004	732	11.3	20.9800004	61.34176951	8
16/08/2004	732	11.33333333	20.56000047	59.06308862	1
17/08/2004	732	11.36666667	20.14000053	56.78440773	6
18/08/2004	732	11.4	19.7200006	54.50572684	5
19/08/2004	732	11.43333333	19.30000067	52.22704594	6
20/08/2004	732	11.46666667	18.88000073	49.94836505	2
21/08/2004	732	11.5	18.4600008	47.66968416	7
22/08/2004	732	11.53333333	18.04000087	45.39100327	8
23/08/2004	732	11.56666667	17.62000093	43.11232238	3
24/08/2004	732	11.6	17.200001	40.83364148	3
25/08/2004	732	11.83571429	17.35000086	43.13353276	6
26/08/2004	732	12.07142857	17.50000071	45.43342404	8
27/08/2004	732	12.30714286	17.65000057	47.73331532	3
28/08/2004	732	12.54285714	17.80000043	50.0332066	8
29/08/2004	732	12.77857143	17.95000029	52.33309788	6
30/08/2004	732	13.01428571	18.10000014	54.63298916	5
31/08/2004	732	13.25	18.25	56.93288044	8
1/9/2004	732	13.48571429	18.39999986	59.23277172	6
2/9/2004	732	13.72142857	18.54999971	61.532663	1
3/9/2004	732	13.95714286	18.69999957	63.83255428	2
4/9/2004	732	14.19285714	18.84999943	66.13244556	1
5/9/2004	732	14.42857143	18.99999929	68.43233684	1
6/9/2004	732	14.66428571	19.14999914	70.73222812	2
7/9/2004	732	14.9	19.299999	73.0321194	3
8/9/2004	732	14.6	18.84666573	70.92066673	4
9/9/2004	732	14.3	18.39333247	68.80921405	7
10/9/2004	732	14	17.9399992	66.69776137	6
11/9/2004	732	13.7	17.48666593	64.58630869	6
12/9/2004	732	13.4	17.03333267	62.47485601	1
13/09/2004	732	13.1	16.5799994	60.36340333	4
14/09/2004	732	12.8	16.12666613	58.25195066	5
15/09/2004	732	12.5	15.67333287	56.14049798	5
16/09/2004	732	12.2	15.2199996	54.0290453	3
17/09/2004	732	11.9	14.76666633	51.91759262	3
18/09/2004	732	11.6	14.31333307	49.80613994	1
19/09/2004	732	11.3	13.8599998	47.69468727	1
20/09/2004	732	11	13.40666653	45.58323459	8
21/09/2004	732	10.7	12.95333327	43.47178191	7
22/09/2004	732	10.4	12.5	41.36032923	5
23/09/2004	732	10.26428571	12.53571429	40.40160074	7
24/09/2004	732	10.12857143	12.57142857	39.44287224	1
25/09/2004	732	9.992857143	12.60714286	38.48414375	6
26/09/2004	732	9.857142857	12.64285714	37.52541525	2
27/09/2004	732	9.721428571	12.67857143	36.56668676	2
28/09/2004	732	9.585714286	12.71428571	35.60795827	2
29/09/2004	732	9.45	12.75	34.64922977	5
30/09/2004	732	9.314285714	12.78571429	33.69050128	8
1/10/2004	732	9.178571429	12.82142857	32.73177278	8
2/10/2004	732	9.042857143	12.85714286	31.77304429	2
3/10/2004	732	8.907142857	12.89285714	30.8143158	4
4/10/2004	732	8.771428571	12.92857143	29.8555873	6
5/10/2004	732	8.635714286	12.96428571	28.89685881	8
6/10/2004	732	8.5	13	27.93813031	3
7/10/2004	732	8.638235294	12.76176471	27.29070073	7
8/10/2004	732	8.776470588	12.52352942	26.64327114	7
9/10/2004	732	8.914705882	12.28529413	25.99584155	7
10/10/2004	732	9.052941176	12.04705884	25.34841196	8
11/10/2004	732	9.191176471	11.80882354	24.70098238	6
12/10/2004	732	9.329411765	11.57058825	24.05355279	4
13/10/2004	732	9.467647059	11.33235296	23.4061232	5
14/10/2004	732	9.605882353	11.09411767	22.75869361	2
15/10/2004	732	9.744117647	10.85588238	22.11126403	7
16/10/2004	732	9.882352941	10.61764709	21.46383444	1
17/10/2004	732	10.02058824	10.3794118	20.81640485	8
18/10/2004	732	10.15882353	10.14117651	20.16897526	6
19/10/2004	732	10.29705882	9.902941215	19.52154568	4
20/10/2004	732	10.43529412	9.664705924	18.87411609	2
21/10/2004	732	10.57352941	9.426470632	18.2266865	8
22/10/2004	732	10.71176471	9.188235341	17.57925692	2
23/10/2004	732	10.85	8.95000005	16.93182733	2
24/10/2004	732	10.98823529	8.711764759	16.28439774	5
25/10/2004	732	11.12647059	8.473529468	15.63696815	1
26/10/2004	732	11.26470588	8.235294176	14.98953857	4
27/10/2004	732	11.40294118	7.997058885	14.34210898	1
28/10/2004	732	11.54117647	7.758823594	13.69467939	2
29/10/2004	732	11.67941176	7.520588303	13.0472498	6
30/10/2004	732	11.81764706	7.282353012	12.39982022	4
31/10/2004	732	11.95588235	7.044117721	11.75239063	8
1/11/2004	732	12.09411765	6.805882429	11.10496104	7
2/11/2004	732	12.23235294	6.567647138	10.45753145	3
3/11/2004	732	12.37058824	6.329411847	9.810101867	4
4/11/2004	732	12.50882353	6.091176556	9.162672279	3
5/11/2004	732	12.64705882	5.852941265	8.515242692	6
6/11/2004	732	12.78529412	5.614705974	7.867813105	1
7/11/2004	732	12.92352941	5.376470682	7.220383517	6
8/11/2004	732	13.06176471	5.138235391	6.57295393	8
9/11/2004	732	13.2	4.9000001	5.925524343	6
10/11/2004	732	13.16428571	4.903571525	5.794854393	8
11/11/2004	732	13.12857143	4.90714295	5.664184443	1
12/11/2004	732	13.09285714	4.910714375	5.533514493	6
13/11/2004	732	13.05714286	4.9142858	5.402844543	4
14/11/2004	732	13.02142857	4.917857225	5.272174594	2
15/11/2004	732	12.98571429	4.92142865	5.141504644	8
16/11/2004	732	12.95	4.925000075	5.010834694	8
17/11/2004	732	12.91428571	4.9285715	4.880164744	2
18/11/2004	732	12.87857143	4.932142925	4.749494794	1
19/11/2004	732	12.84285714	4.93571435	4.618824845	7
20/11/2004	732	12.80714286	4.939285775	4.488154895	4
21/11/2004	732	12.77142857	4.9428572	4.357484945	2
22/11/2004	732	12.73571429	4.946428625	4.226814995	1
23/11/2004	732	12.7	4.95000005	4.096145046	6
24/11/2004	732	12.66428571	4.953571475	3.965475096	2
25/11/2004	732	12.62857143	4.9571429	3.834805146	3
26/11/2004	732	12.59285714	4.960714325	3.704135196	5
27/11/2004	732	12.55714286	4.96428575	3.573465246	4
28/11/2004	732	12.52142857	4.967857175	3.442795297	1
29/11/2004	732	12.48571429	4.9714286	3.312125347	8
30/11/2004	732	12.45	4.975000025	3.181455397	1
1/12/2004	732	12.41428571	4.97857145	3.050785447	5
2/12/2004	732	12.37857143	4.982142875	2.920115497	5
3/12/2004	732	12.34285714	4.9857143	2.789445548	1
4/12/2004	732	12.30714286	4.989285725	2.658775598	3
5/12/2004	732	12.27142857	4.99285715	2.528105648	2
6/12/2004	732	12.23571429	4.996428575	2.397435698	7
7/12/2004	732	12.2	5	2.266765748	2
8/12/2004	732	12.18055556	5.025000003	2.671117434	2
9/12/2004	732	12.16111111	5.050000006	3.075469119	2
10/12/2004	732	12.14166667	5.075000008	3.479820804	1
11/12/2004	732	12.12222222	5.100000011	3.884172489	2
12/12/2004	732	12.10277778	5.125000014	4.288524174	6
13/12/2004	732	12.08333333	5.150000017	4.692875859	3
14/12/2004	732	12.06388889	5.175000019	5.097227544	2
15/12/2004	732	12.04444444	5.200000022	5.501579229	1
16/12/2004	732	12.025	5.225000025	5.905930914	5
17/12/2004	732	12.00555556	5.250000028	6.310282599	8
18/12/2004	732	11.98611111	5.275000031	6.714634284	3
19/12/2004	732	11.96666667	5.300000033	7.118985969	4
20/12/2004	732	11.94722222	5.325000036	7.523337654	3
21/12/2004	732	11.92777778	5.350000039	7.927689339	2
22/12/2004	732	11.90833333	5.375000042	8.332041024	8
23/12/2004	732	11.88888889	5.400000044	8.736392709	1
24/12/2004	732	11.86944444	5.425000047	9.140744394	1
25/12/2004	732	11.85	5.45000005	9.545096079	4
26/12/2004	732	11.83055556	5.475000053	9.949447764	1
27/12/2004	732	11.81111111	5.500000056	10.35379945	7
28/12/2004	732	11.79166667	5.525000058	10.75815113	7
29/12/2004	732	11.77222222	5.550000061	11.16250282	3
30/12/2004	732	11.75277778	5.575000064	11.5668545	7
31/12/2004	732	11.73333333	5.600000067	11.97120619	4
1/1/2005	732	11.71388889	5.625000069	12.37555787	1
2/1/2005	732	11.69444444	5.650000072	12.77990956	8
3/1/2005	732	11.675	5.675000075	13.18426124	3
4/1/2005	732	11.65555556	5.700000078	13.58861293	7
5/1/2005	732	11.63611111	5.725000081	13.99296461	8
6/1/2005	732	11.61666667	5.750000083	14.3973163	5
7/1/2005	732	11.59722222	5.775000086	14.80166798	7
8/1/2005	732	11.57777778	5.800000089	15.20601967	2
9/1/2005	732	11.55833333	5.825000092	15.61037135	4
10/1/2005	732	11.53888889	5.850000094	16.01472304	4
11/1/2005	732	11.51944444	5.875000097	16.41907472	7
12/1/2005	732	11.5	5.9000001	16.82342641	5
13/01/2005	732	11.48857143	5.765714383	16.48734618	6
14/01/2005	732	11.47714286	5.631428666	16.15126596	7
15/01/2005	732	11.46571429	5.497142949	15.81518574	4
16/01/2005	732	11.45428571	5.362857231	15.47910551	3
17/01/2005	732	11.44285714	5.228571514	15.14302529	1
18/01/2005	732	11.43142857	5.094285797	14.80694506	6
19/01/2005	732	11.42	4.96000008	14.47086484	2
20/01/2005	732	11.40857143	4.825714363	14.13478461	1
21/01/2005	732	11.39714286	4.691428646	13.79870439	5
22/01/2005	732	11.38571429	4.557142929	13.46262416	8
23/01/2005	732	11.37428571	4.422857211	13.12654394	4
24/01/2005	732	11.36285714	4.288571494	12.79046371	2
25/01/2005	732	11.35142857	4.154285777	12.45438349	8
26/01/2005	732	11.34	4.02000006	12.11830326	7
27/01/2005	732	11.32857143	3.885714343	11.78222304	5
28/01/2005	732	11.31714286	3.751428626	11.44614281	2
29/01/2005	732	11.30571429	3.617142909	11.11006259	4
30/01/2005	732	11.29428571	3.482857191	10.77398236	5
31/01/2005	732	11.28285714	3.348571474	10.43790214	1
1/2/2005	732	11.27142857	3.214285757	10.10182191	6
2/2/2005	732	11.26	3.08000004	9.76574169	7
3/2/2005	732	11.24857143	2.945714323	9.429661465	4
4/2/2005	732	11.23714286	2.811428606	9.09358124	2
5/2/2005	732	11.22571429	2.677142889	8.757501015	1
6/2/2005	732	11.21428571	2.542857171	8.421420791	2
7/2/2005	732	11.20285714	2.408571454	8.085340566	4
8/2/2005	732	11.19142857	2.274285737	7.749260341	7
9/2/2005	732	11.18	2.14000002	7.413180116	1
10/2/2005	732	11.16857143	2.005714303	7.077099892	6
11/2/2005	732	11.15714286	1.871428586	6.741019667	6
12/2/2005	732	11.14571429	1.737142869	6.404939442	7
13/02/2005	732	11.13428571	1.602857151	6.068859217	8
14/02/2005	732	11.12285714	1.468571434	5.732778993	1
15/02/2005	732	11.11142857	1.334285717	5.396698768	1
16/02/2005	732	11.1	1.2	5.060618543	2
17/02/2005	732	11.11515152	1.257575755	6.618882595	1
18/02/2005	732	11.13030303	1.315151509	8.177146646	8
19/02/2005	732	11.14545455	1.372727264	9.735410698	8
20/02/2005	732	11.16060606	1.430303018	11.29367475	3
21/02/2005	732	11.17575758	1.487878773	12.8519388	4
22/02/2005	732	11.19090909	1.545454527	14.41020285	7
23/02/2005	732	11.20606061	1.603030282	15.9684669	1
24/02/2005	732	11.22121212	1.660606036	17.52673096	2
25/02/2005	732	11.23636364	1.718181791	19.08499501	6
26/02/2005	732	11.25151515	1.775757545	20.64325906	4
27/02/2005	732	11.26666667	1.8333333	22.20152311	2
28/02/2005	732	11.28181818	1.890909055	23.75978716	3
1/3/2005	732	11.2969697	1.948484809	25.31805121	1
2/3/2005	732	11.31212121	2.006060564	26.87631527	3
3/3/2005	732	11.32727273	2.063636318	28.43457932	4
4/3/2005	732	11.34242424	2.121212073	29.99284337	5
5/3/2005	732	11.35757576	2.178787827	31.55110742	4
6/3/2005	732	11.37272727	2.236363582	33.10937147	3
7/3/2005	732	11.38787879	2.293939336	34.66763552	2
8/3/2005	732	11.4030303	2.351515091	36.22589958	8
9/3/2005	732	11.41818182	2.409090845	37.78416363	2
10/3/2005	732	11.43333333	2.4666666	39.34242768	2
11/3/2005	732	11.44848485	2.524242355	40.90069173	7
12/3/2005	732	11.46363636	2.581818109	42.45895578	7
13/03/2005	732	11.47878788	2.639393864	44.01721983	6
14/03/2005	732	11.49393939	2.696969618	45.57548389	5
15/03/2005	732	11.50909091	2.754545373	47.13374794	1
16/03/2005	732	11.52424242	2.812121127	48.69201199	8
17/03/2005	732	11.53939394	2.869696882	50.25027604	8
18/03/2005	732	11.55454545	2.927272636	51.80854009	8
19/03/2005	732	11.56969697	2.984848391	53.36680414	2
20/03/2005	732	11.58484848	3.042424145	54.9250682	6
21/03/2005	732	11.6	3.0999999	56.48333225	5
22/03/2005	732	11.68125	3.437499906	56.18727784	2
23/03/2005	732	11.7625	3.774999913	55.89122344	5
24/03/2005	732	11.84375	4.112499919	55.59516904	6
25/03/2005	732	11.925	4.449999925	55.29911463	3
26/03/2005	732	12.00625	4.787499931	55.00306023	7
27/03/2005	732	12.0875	5.124999938	54.70700582	3
28/03/2005	732	12.16875	5.462499944	54.41095142	1
29/03/2005	732	12.25	5.79999995	54.11489702	1
30/03/2005	732	12.33125	6.137499956	53.81884261	7
31/03/2005	732	12.4125	6.474999963	53.52278821	8
1/4/2005	732	12.49375	6.812499969	53.2267338	6
2/4/2005	732	12.575	7.149999975	52.9306794	8
3/4/2005	732	12.65625	7.487499981	52.634625	4
4/4/2005	732	12.7375	7.824999988	52.33857059	2
5/4/2005	732	12.81875	8.162499994	52.04251619	5
6/4/2005	732	12.9	8.5	51.74646179	1
7/4/2005	732	12.99230769	8.684615385	52.31653878	5
8/4/2005	732	13.08461538	8.869230769	52.88661577	7
9/4/2005	732	13.17692308	9.053846154	53.45669276	5
10/4/2005	732	13.26923077	9.238461538	54.02676975	6
11/4/2005	732	13.36153846	9.423076923	54.59684675	4
12/4/2005	732	13.45384615	9.607692308	55.16692374	1
13/04/2005	732	13.54615385	9.792307692	55.73700073	6
14/04/2005	732	13.63846154	9.976923077	56.30707772	1
15/04/2005	732	13.73076923	10.16153846	56.87715472	4
16/04/2005	732	13.82307692	10.34615385	57.44723171	6
17/04/2005	732	13.91538462	10.53076923	58.0173087	8
18/04/2005	732	14.00769231	10.71538462	58.58738569	2
19/04/2005	732	14.1	10.9	59.15746269	5
20/04/2005	732	14.11538462	10.98461538	59.4934689	1
21/04/2005	732	14.13076923	11.06923077	59.82947512	2
22/04/2005	732	14.14615385	11.15384615	60.16548133	1
23/04/2005	732	14.16153846	11.23846154	60.50148755	6
24/04/2005	732	14.17692308	11.32307692	60.83749376	3
25/04/2005	732	14.19230769	11.40769231	61.17349998	4
26/04/2005	732	14.20769231	11.49230769	61.50950619	8
27/04/2005	732	14.22307692	11.57692308	61.8455124	2
28/04/2005	732	14.23846154	11.66153846	62.18151862	6
29/04/2005	732	14.25384615	11.74615385	62.51752483	4
30/04/2005	732	14.26923077	11.83076923	62.85353105	8
1/5/2005	732	14.28461538	11.91538462	63.18953726	2
2/5/2005	732	14.3	12	63.52554348	5
3/5/2005	732	14.23333333	12.06	62.32580081	6
4/5/2005	732	14.16666667	12.12	61.12605814	3
5/5/2005	732	14.1	12.18	59.92631548	5
6/5/2005	732	14.03333333	12.24	58.72657281	1
7/5/2005	732	13.96666667	12.3	57.52683014	3
8/5/2005	732	13.9	12.36	56.32708747	2
9/5/2005	732	13.83333333	12.42	55.12734481	3
10/5/2005	732	13.76666667	12.48	53.92760214	5
11/5/2005	732	13.7	12.54	52.72785947	7
12/5/2005	732	13.63333333	12.6	51.5281168	5
13/05/2005	732	13.56666667	12.66	50.32837414	4
14/05/2005	732	13.5	12.72	49.12863147	5
15/05/2005	732	13.43333333	12.78	47.9288888	3
16/05/2005	732	13.36666667	12.84	46.72914613	2
17/05/2005	732	13.3	12.9	45.52940347	2
18/05/2005	732	13.06153846	13.38461546	44.37135308	8
19/05/2005	732	12.82307692	13.86923092	43.2133027	2
20/05/2005	732	12.58461538	14.35384638	42.05525231	6
21/05/2005	732	12.34615385	14.83846185	40.89720193	7
22/05/2005	732	12.10769231	15.32307731	39.73915154	4
23/05/2005	732	11.86923077	15.80769277	38.58110116	5
24/05/2005	732	11.63076923	16.29230823	37.42305077	8
25/05/2005	732	11.39230769	16.77692369	36.26500039	3
26/05/2005	732	11.15384615	17.26153915	35.10695	2
27/05/2005	732	10.91538462	17.74615462	33.94889962	1
28/05/2005	732	10.67692308	18.23077008	32.79084923	6
29/05/2005	732	10.43846154	18.71538554	31.63279885	8
30/05/2005	732	10.2	19.200001	30.47474846	8
31/05/2005	732	10.26428571	18.88571521	34.01088143	1
1/6/2005	732	10.32857143	18.57142943	37.5470144	6
2/6/2005	732	10.39285714	18.25714364	41.08314737	8
3/6/2005	732	10.45714286	17.94285786	44.61928034	8
4/6/2005	732	10.52142857	17.62857207	48.15541331	4
5/6/2005	732	10.58571429	17.31428629	51.69154627	6
6/6/2005	732	10.65	17.0000005	55.22767924	7
7/6/2005	732	10.71428571	16.68571471	58.76381221	5
8/6/2005	732	10.77857143	16.37142893	62.29994518	1
9/6/2005	732	10.84285714	16.05714314	65.83607815	1
10/6/2005	732	10.90714286	15.74285736	69.37221112	4
11/6/2005	732	10.97142857	15.42857157	72.90834408	8
12/6/2005	732	11.03571429	15.11428579	76.44447705	7
13/06/2005	732	11.1	14.8	79.98061002	2
14/06/2005	732	11.05909091	15.07727273	76.6607721	4
15/06/2005	732	11.01818182	15.35454545	73.34093418	2
16/06/2005	732	10.97727273	15.63181818	70.02109626	3
17/06/2005	732	10.93636364	15.90909091	66.70125835	6
18/06/2005	732	10.89545455	16.18636364	63.38142043	4
19/06/2005	732	10.85454545	16.46363636	60.06158251	4
20/06/2005	732	10.81363636	16.74090909	56.74174459	7
21/06/2005	732	10.77272727	17.01818182	53.42190667	2
22/06/2005	732	10.73181818	17.29545455	50.10206875	4
23/06/2005	732	10.69090909	17.57272727	46.78223084	3
24/06/2005	732	10.65	17.85	43.46239292	4
25/06/2005	732	10.60909091	18.12727273	40.142555	2
26/06/2005	732	10.56818182	18.40454545	36.82271708	7
27/06/2005	732	10.52727273	18.68181818	33.50287916	3
28/06/2005	732	10.48636364	18.95909091	30.18304124	2
29/06/2005	732	10.44545455	19.23636364	26.86320332	1
30/06/2005	732	10.40454545	19.51363636	23.54336541	2
1/7/2005	732	10.36363636	19.79090909	20.22352749	5
2/7/2005	732	10.32272727	20.06818182	16.90368957	5
3/7/2005	732	10.28181818	20.34545455	13.58385165	2
4/7/2005	732	10.24090909	20.62272727	10.26401373	4
5/7/2005	732	10.2	20.9	6.944175814	7
6/7/2005	732	12.15	21.85	13.06652647	8
7/7/2005	732	14.1	22.8	19.18887714	1
8/7/2005	732	16.05	23.75	25.3112278	2
9/7/2005	732	18	24.7	31.43357846	5
10/7/2005	732	19.95	25.65	37.55592912	4
11/7/2005	732	21.9	26.6	43.67827978	6
12/7/2005	732	21.46875	26.0625	42.54076899	8
13/07/2005	732	21.0375	25.525	41.40325821	1
14/07/2005	732	20.60625	24.9875	40.26574742	5
15/07/2005	732	20.175	24.45	39.12823664	3
16/07/2005	732	19.74375	23.9125	37.99072585	5
17/07/2005	732	19.3125	23.375	36.85321507	4
18/07/2005	732	18.88125	22.8375	35.71570428	4
19/07/2005	732	18.45	22.3	34.57819349	8
20/07/2005	732	18.01875	21.7625	33.44068271	4
21/07/2005	732	17.5875	21.225	32.30317192	6
22/07/2005	732	17.15625	20.6875	31.16566114	8
23/07/2005	732	16.725	20.15	30.02815035	6
24/07/2005	732	16.29375	19.6125	28.89063957	3
25/07/2005	732	15.8625	19.075	27.75312878	6
26/07/2005	732	15.43125	18.5375	26.615618	8
27/07/2005	732	15	18	25.47810721	4
28/07/2005	732	14.37857144	17.94285721	25.50976713	4
29/07/2005	732	13.75714289	17.88571443	25.54142705	4
30/07/2005	732	13.13571433	17.82857164	25.57308697	1
31/07/2005	732	12.51428577	17.77142886	25.60474689	5
1/8/2005	732	11.89285721	17.71428607	25.63640682	5
2/8/2005	732	11.27142866	17.65714329	25.66806674	4
3/8/2005	732	10.6500001	17.6000005	25.69972666	7
4/8/2005	732	10.02857154	17.54285771	25.73138658	2
5/8/2005	732	9.407142986	17.48571493	25.7630465	6
6/8/2005	732	8.785714429	17.42857214	25.79470642	1
7/8/2005	732	8.164285871	17.37142936	25.82636634	5
8/8/2005	732	7.542857314	17.31428657	25.85802626	7
9/8/2005	732	6.921428757	17.25714379	25.88968618	8
10/8/2005	732	6.3000002	17.200001	25.9213461	7
11/8/2005	732	6.584615569	17.59230854	26.43906731	2
12/8/2005	732	6.869230938	17.98461608	26.95678851	8
13/08/2005	732	7.153846308	18.37692362	27.47450972	1
14/08/2005	732	7.438461677	18.76923115	27.99223093	8
15/08/2005	732	7.723077046	19.16153869	28.50995213	5
16/08/2005	732	8.007692415	19.55384623	29.02767334	6
17/08/2005	732	8.292307785	19.94615377	29.54539454	2
18/08/2005	732	8.576923154	20.33846131	30.06311575	7
19/08/2005	732	8.861538523	20.73076885	30.58083695	7
20/08/2005	732	9.146153892	21.12307638	31.09855816	2
21/08/2005	732	9.430769262	21.51538392	31.61627936	2
22/08/2005	732	9.715384631	21.90769146	32.13400057	7
23/08/2005	732	10	22.299999	32.65172178	8
24/08/2005	732	9.853846185	21.96922985	34.00990215	2
25/08/2005	732	9.707692369	21.63846069	35.36808252	8
26/08/2005	732	9.561538554	21.30769154	36.72626289	2
27/08/2005	732	9.415384738	20.97692238	38.08444326	1
28/08/2005	732	9.269230923	20.64615323	39.44262363	1
29/08/2005	732	9.123077108	20.31538408	40.800804	8
30/08/2005	732	8.976923292	19.98461492	42.15898437	4
31/08/2005	732	8.830769477	19.65384577	43.51716474	5
1/9/2005	732	8.684615662	19.32307662	44.87534511	2
2/9/2005	732	8.538461846	18.99230746	46.23352549	6
3/9/2005	732	8.392308031	18.66153831	47.59170586	4
4/9/2005	732	8.246154215	18.33076915	48.94988623	2
5/9/2005	732	8.1000004	18	50.3080666	4
6/9/2005	732	8.312500375	17.8125	48.492659	4
7/9/2005	732	8.52500035	17.625	46.67725141	2
8/9/2005	732	8.737500325	17.4375	44.86184381	7
9/9/2005	732	8.9500003	17.25	43.04643621	8
10/9/2005	732	9.162500275	17.0625	41.23102862	6
11/9/2005	732	9.37500025	16.875	39.41562102	5
12/9/2005	732	9.587500225	16.6875	37.60021343	8
13/09/2005	732	9.8000002	16.5	35.78480583	3
14/09/2005	732	10.01250018	16.3125	33.96939823	8
15/09/2005	732	10.22500015	16.125	32.15399064	1
16/09/2005	732	10.43750013	15.9375	30.33858304	7
17/09/2005	732	10.6500001	15.75	28.52317545	8
18/09/2005	732	10.86250008	15.5625	26.70776785	7
19/09/2005	732	11.07500005	15.375	24.89236025	4
20/09/2005	732	11.28750003	15.1875	23.07695266	3
21/09/2005	732	11.5	15	21.26154506	3
22/09/2005	732	11.44210526	14.9	20.58186543	4
23/09/2005	732	11.38421053	14.8	19.9021858	7
24/09/2005	732	11.32631579	14.7	19.22250618	6
25/09/2005	732	11.26842105	14.6	18.54282655	5
26/09/2005	732	11.21052632	14.5	17.86314692	5
27/09/2005	732	11.15263158	14.4	17.18346729	6
28/09/2005	732	11.09473684	14.3	16.50378766	1
29/09/2005	732	11.03684211	14.2	15.82410803	6
30/09/2005	732	10.97894737	14.1	15.1444284	1
1/10/2005	732	10.92105263	14	14.46474877	5
2/10/2005	732	10.86315789	13.9	13.78506914	7
3/10/2005	732	10.80526316	13.8	13.10538952	3
4/10/2005	732	10.74736842	13.7	12.42570989	6
5/10/2005	732	10.68947368	13.6	11.74603026	1
6/10/2005	732	10.63157895	13.5	11.06635063	1
7/10/2005	732	10.57368421	13.4	10.386671	5
8/10/2005	732	10.51578947	13.3	9.706991371	1
9/10/2005	732	10.45789474	13.2	9.027311742	1
10/10/2005	732	10.4	13.1	8.347632113	1
11/10/2005	732	10.42894737	12.88947368	8.301610826	4
12/10/2005	732	10.45789474	12.67894736	8.255589539	6
13/10/2005	732	10.48684211	12.46842104	8.209568252	4
14/10/2005	732	10.51578947	12.25789473	8.163546965	3
15/10/2005	732	10.54473684	12.04736841	8.117525678	2
16/10/2005	732	10.57368421	11.83684209	8.07150439	4
17/10/2005	732	10.60263158	11.62631577	8.025483103	4
18/10/2005	732	10.63157895	11.41578945	7.979461816	7
19/10/2005	732	10.66052632	11.20526313	7.933440529	8
20/10/2005	732	10.68947368	10.99473682	7.887419242	4
21/10/2005	732	10.71842105	10.7842105	7.841397955	5
22/10/2005	732	10.74736842	10.57368418	7.795376668	7
23/10/2005	732	10.77631579	10.36315786	7.749355381	5
24/10/2005	732	10.80526316	10.15263154	7.703334094	4
25/10/2005	732	10.83421053	9.942105224	7.657312806	6
26/10/2005	732	10.86315789	9.731578905	7.611291519	6
27/10/2005	732	10.89210526	9.521052587	7.565270232	7
28/10/2005	732	10.92105263	9.310526268	7.519248945	2
29/10/2005	732	10.95	9.09999995	7.473227658	2
30/10/2005	732	10.97894737	8.889473632	7.427206371	2
31/10/2005	732	11.00789474	8.678947313	7.381185084	2
1/11/2005	732	11.03684211	8.468420995	7.335163797	6
2/11/2005	732	11.06578947	8.257894676	7.28914251	2
3/11/2005	732	11.09473684	8.047368358	7.243121222	4
4/11/2005	732	11.12368421	7.836842039	7.197099935	5
5/11/2005	732	11.15263158	7.626315721	7.151078648	2
6/11/2005	732	11.18157895	7.415789403	7.105057361	8
7/11/2005	732	11.21052632	7.205263084	7.059036074	5
8/11/2005	732	11.23947368	6.994736766	7.013014787	2
9/11/2005	732	11.26842105	6.784210447	6.9669935	7
10/11/2005	732	11.29736842	6.573684129	6.920972213	3
11/11/2005	732	11.32631579	6.363157811	6.874950926	6
12/11/2005	732	11.35526316	6.152631492	6.828929638	1
13/11/2005	732	11.38421053	5.942105174	6.782908351	7
14/11/2005	732	11.41315789	5.731578855	6.736887064	4
15/11/2005	732	11.44210526	5.521052537	6.690865777	3
16/11/2005	732	11.47105263	5.310526218	6.64484449	5
17/11/2005	732	11.5	5.0999999	6.598823203	3
18/11/2005	732	11.52592593	5.040740644	6.487197179	6
19/11/2005	732	11.55185185	4.981481389	6.375571156	3
20/11/2005	732	11.57777778	4.922222133	6.263945132	6
21/11/2005	732	11.6037037	4.862962878	6.152319109	6
22/11/2005	732	11.62962963	4.803703622	6.040693086	2
23/11/2005	732	11.65555556	4.744444367	5.929067062	4
24/11/2005	732	11.68148148	4.685185111	5.817441039	6
25/11/2005	732	11.70740741	4.625925856	5.705815015	7
26/11/2005	732	11.73333333	4.5666666	5.594188992	8
27/11/2005	732	11.75925926	4.507407344	5.482562968	1
28/11/2005	732	11.78518519	4.448148089	5.370936945	5
29/11/2005	732	11.81111111	4.388888833	5.259310921	3
30/11/2005	732	11.83703704	4.329629578	5.147684898	2
1/12/2005	732	11.86296296	4.270370322	5.036058875	2
2/12/2005	732	11.88888889	4.211111067	4.924432851	3
3/12/2005	732	11.91481481	4.151851811	4.812806828	5
4/12/2005	732	11.94074074	4.092592556	4.701180804	7
5/12/2005	732	11.96666667	4.0333333	4.589554781	7
6/12/2005	732	11.99259259	3.974074044	4.477928757	8
7/12/2005	732	12.01851852	3.914814789	4.366302734	1
8/12/2005	732	12.04444444	3.855555533	4.25467671	5
9/12/2005	732	12.07037037	3.796296278	4.143050687	7
10/12/2005	732	12.0962963	3.737037022	4.031424664	3
11/12/2005	732	12.12222222	3.677777767	3.91979864	3
12/12/2005	732	12.14814815	3.618518511	3.808172617	5
13/12/2005	732	12.17407407	3.559259256	3.696546593	2
14/12/2005	732	12.2	3.5	3.58492057	3
15/12/2005	732	12.11764705	3.4	3.506269716	2
16/12/2005	732	12.03529409	3.3	3.427618863	7
17/12/2005	732	11.95294114	3.2	3.34896801	5
18/12/2005	732	11.87058819	3.1	3.270317156	6
19/12/2005	732	11.78823524	3	3.191666303	6
20/12/2005	732	11.70588228	2.9	3.11301545	3
21/12/2005	732	11.62352933	2.8	3.034364596	1
22/12/2005	732	11.54117638	2.7	2.955713743	3
23/12/2005	732	11.45882342	2.6	2.87706289	3
24/12/2005	732	11.37647047	2.5	2.798412036	4
25/12/2005	732	11.29411752	2.4	2.719761183	3
26/12/2005	732	11.21176456	2.3	2.64111033	4
27/12/2005	732	11.12941161	2.2	2.562459476	8
28/12/2005	732	11.04705866	2.1	2.483808623	3
29/12/2005	732	10.96470571	2	2.40515777	6
30/12/2005	732	10.88235275	1.9	2.326506916	5
31/12/2005	732	10.7999998	1.8	2.247856063	8
