time	PAR	temp	PN	
00:00:10	349	21.10	5.40	
00:00:26	344	21.30	4.90	
00:00:42	341	21.20	5.30	
00:00:58	342	21.30	5.40	
00:01:14	357	21.30	5.00	
00:01:30	355	21.30	5.60	
00:01:46	381	21.30	5.20	
00:02:02	349	21.20	5.10	
00:02:18	348	21.20	5.60	
00:02:34	344	21.20	5.40	
00:02:50	334	21.20	5.40	
00:03:06	323	21.20	5.70	
00:03:22	312	21.20	5.20	
00:03:38	304	21.10	5.90	
00:03:54	302	21.00	5.50	
00:04:00	309	21.00	5.50	
00:04:25	331	20.90	6.10	
00:04:41	331	20.90	6.10	
00:04:57	370	20.90	6.00	
00:05:13	560	21.30	6.30	
00:05:29	767	21.80	7.50	
00:05:45	782	22.10	8.00	
00:06:01	667	22.30	8.60	
00:06:17	667	22.00	8.20	
00:06:33	652	22.00	8.60	
00:06:49	529	21.70	8.90	
00:07:05	425	21.40	9.10	
00:07:21	450	21.20	9.30	
00:07:37	399	21.10	8.90	
00:07:53	388	21.10	10.00	
00:08:00	383	21.00	9.40	
00:08:25	390	21.00	9.40	
00:08:41	415	21.00	9.30	
00:08:56	393	21.00	9.60	
00:09:12	404	20.90	10.10	
00:09:28	461	21.00	10.60	
00:09:44	404	20.90	11.20	
00:10:00	422	20.90	11.10	
00:10:16	363	20.80	10.50	
00:10:32	338	20.60	10.20	
00:10:48	330	20.50	9.40	
00:11:04	332	20.50	9.00	
00:11:20	366	20.50	9.00	
00:11:36	357	20.60	9.10	
00:11:52	403	20.70	8.70	
00:12:08	333	20.80	9.20	
00:12:24	298	20.70	8.80	
00:12:40	294	20.50	7.50	
00:12:56	302	20.50	7.60	
00:13:12	340	20.60	6.30	
00:13:28	322	20.60	6.50	
00:13:43	346	20.50	5.40	
00:13:59	349	20.50	5.40	
00:14:15	346	20.30	5.60	
00:14:31	347	20.30	4.80	
00:14:47	340	20.30	5.10	
00:15:03	347	20.30	5.10	
00:15:19	356	20.30	5.50	
00:15:35	329	20.20	5.10	
00:15:51	319	20.30	4.80	
00:16:07	320	20.30	4.70	
00:16:23	319	20.30	5.30	
00:16:39	308	20.30	5.50	
00:16:55	309	20.30	4.70	
00:17:11	324	20.30	4.90	
00:17:27	338	20.40	5.10	
00:17:43	330	20.50	5.50	
00:17:59	319	20.60	6.00	
00:18:14	318	20.70	5.60	
00:18:30	321	20.70	5.50	
00:18:46	325	20.70	5.70	
00:19:02	330	20.80	6.30	
00:19:18	324	20.70	6.50	
00:19:34	337	20.70	6.40	
00:19:50	338	20.70	6.30	
00:20:06	353	20.60	6.70	
00:20:22	513	20.70	7.40	
00:20:38	553	20.80	8.00	
00:20:54	472	20.90	8.70	
00:21:00	370	20.70	9.10	
00:21:26	296	20.30	9.10	
00:21:42	278	20.10	8.00	
00:21:58	264	19.80	7.10	
00:22:14	253	19.60	7.10	
00:22:30	243	19.50	6.70	
00:22:45	241	19.50	6.60	
00:23:01	232	19.50	6.40	
00:23:17	220	19.50	6.30	
00:23:33	213	19.60	6.20	
00:23:49	212	19.70	6.20	
00:24:05	208	19.80	5.80	
00:24:21	205	20.00	5.50	
00:24:37	205	20.20	5.40	
00:27:21	200	19.80	3.80	
00:27:37	203	19.80	3.70	
00:27:51	204	19.60	2.50	
00:28:07	205	19.50	3.10	
00:28:23	205	19.30	2.40	
00:28:39	205	19.20	2.40	
00:28:55	205	19.20	2.80	
00:29:11	207	19.20	3.50	
00:29:27	207	19.00	3.20	
00:29:43	207	19.10	3.30	
00:29:59	210	19.10	3.30	
00:30:15	211	19.00	3.90	
00:30:30	211	19.10	3.50	
00:30:46	210	19.20	3.30	
00:31:02	209	19.10	4.30	
00:31:18	208	19.20	3.90	
00:31:34	209	19.40	3.90	
00:31:50	211	19.50	3.90	
00:32:06	214	19.50	4.20	
00:32:22	212	19.50	4.20	
00:32:38	212	19.50	4.70	
00:32:54	209	19.50	4.40	
00:33:00	206	19.50	4.40	
00:33:26	207	19.40	4.40	
00:33:42	207	19.40	4.90	
00:33:58	210	19.30	4.30	
00:34:14	211	19.20	5.00	
00:34:30	217	19.10	5.10	
00:34:46	222	19.20	4.60	
00:35:01	228	19.10	5.40	
00:35:17	239	19.10	5.00	
00:35:33	248	19.10	5.60	
00:35:49	250	19.20	5.60	
00:36:05	251	19.10	5.60	
00:36:21	254	19.10	6.20	
00:36:37	255	19.20	6.00	
00:36:53	259	19.20	6.00	
00:37:00	262	19.20	6.00	
00:37:25	264	19.30	6.50	
00:37:41	269	19.30	6.70	
00:37:57	276	19.30	6.50	
00:38:13	280	19.40	6.70	
00:38:29	281	19.50	6.60	
00:38:45	278	19.40	6.70	
00:39:01	274	19.50	6.90	
00:39:17	269	19.50	6.70	
00:39:32	264	19.40	6.90	
00:39:48	260	19.50	6.70	
00:40:04	253	19.50	7.00	
00:40:20	250	19.40	6.30	
00:40:36	249	19.30	6.00	
00:40:52	249	19.20	6.50	
00:41:08	242	19.20	6.30	
00:41:24	235	19.20	6.40	
00:41:40	227	19.10	6.20	
00:41:56	217	19.10	6.00	
00:42:12	209	18.90	5.40	
00:42:28	203	18.90	5.60	
00:42:44	199	18.90	5.40	
00:43:00	195	18.80	5.10	
00:43:16	194	18.70	5.20	
00:43:32	192	18.70	4.90	
00:43:48	190	18.70	4.70	
00:44:04	187	18.70	4.90	
00:44:19	186	18.60	5.00	
00:44:35	187	18.60	4.90	
00:44:51	189	18.70	4.80	
00:45:07	195	18.70	4.60	
00:45:23	196	18.80	5.20	
00:45:39	198	18.80	5.10	
00:45:55	197	18.80	5.10	
00:46:11	195	19.00	4.90	
00:46:27	192	19.00	4.90	
00:46:43	190	19.00	5.10	
00:46:59	186	19.00	4.50	
00:47:15	183	19.00	4.50	
00:47:31	183	19.00	4.80	
00:47:47	183	19.00	4.70	
00:48:03	180	18.90	4.50	
00:48:19	175	18.90	4.50	
00:48:34	169	18.90	4.30	
00:48:50	166	18.90	4.30	
00:49:06	167	18.90	4.10	
00:49:22	170	18.80	3.70	
00:49:38	176	18.90	3.90	
00:49:54	182	18.90	4.20	
00:50:00	193	18.80	4.40	
00:50:26	199	18.90	4.70	
00:50:42	200	18.90	4.90	
00:50:58	200	19.00	5.10	
00:51:14	202	19.00	5.40	
00:51:30	203	18.90	5.00	
00:51:46	206	18.90	4.60	
00:52:02	211	18.90	4.80	
00:52:18	218	18.90	5.10	
00:52:34	225	19.00	5.00	
00:52:50	229	19.00	5.80	
00:53:06	229	19.00	5.20	
00:53:21	230	18.90	5.40	
00:53:37	233	18.90	5.40	
00:56:22	229	18.90	6.70	
00:56:38	239	18.90	6.90	
00:56:54	244	19.00	3.90	
00:57:00	251	19.10	5.50	
00:57:26	252	19.10	5.40	
00:57:42	249	19.20	6.10	
00:57:58	239	19.20	6.10	
00:58:14	228	19.10	6.20	
00:58:30	219	19.10	5.80	
00:58:46	217	19.00	5.70	
00:59:02	212	18.80	5.90	
00:59:17	208	18.80	5.60	
00:59:33	206	18.80	5.90	
00:59:49	205	18.70	5.50	
01:00:05	201	18.70	5.50	
01:00:21	199	18.70	5.30	
01:00:37	199	18.60	5.40	
01:00:53	203	18.60	5.20	
01:01:00	214	18.60	5.60	
01:01:25	226	18.60	5.40	
01:01:41	239	18.60	5.60	
01:01:57	254	18.70	6.10	
01:02:13	265	18.80	6.50	
01:02:29	272	18.90	6.30	
01:02:45	272	19.00	6.60	
01:03:01	264	18.90	7.00	
01:03:17	253	19.10	6.90	
01:03:33	239	19.10	6.70	
01:03:48	228	19.10	6.50	
01:04:04	224	19.10	6.20	
01:04:20	219	19.10	5.90	
01:04:36	213	19.10	5.90	
01:04:52	213	19.10	5.60	
01:05:08	212	19.00	5.50	
01:05:24	212	19.00	5.80	
01:05:40	213	19.10	5.30	
01:05:56	218	19.10	5.40	
01:06:12	222	19.10	5.60	
01:06:28	224	19.10	5.60	
01:06:44	221	19.10	5.60	
01:07:00	219	19.10	5.70	
01:07:16	209	19.20	5.60	
01:07:32	202	19.20	5.80	
01:07:48	191	19.20	5.20	
01:08:04	180	19.10	4.90	
01:08:20	175	19.10	4.40	
01:08:35	175	19.10	4.60	
01:08:51	177	19.10	4.20	
01:09:07	182	19.10	4.30	
01:09:23	189	19.10	4.50	
01:09:39	193	19.10	4.40	
01:09:55	198	19.10	4.70	
01:10:01	203	19.30	5.20	
01:10:27	204	19.20	4.70	
01:10:43	210	19.30	5.20	
01:10:59	211	19.30	5.00	
01:11:15	217	19.40	4.90	
01:11:31	221	19.30	5.00	
01:11:47	222	19.40	5.10	
01:12:03	228	19.40	5.30	
01:12:19	236	19.30	5.40	
01:12:35	243	19.40	5.70	
01:12:51	251	19.30	5.30	
01:13:06	257	19.40	5.50	
01:13:22	259	19.30	5.80	
01:13:38	257	19.40	6.00	
01:13:54	252	19.20	6.00	
01:14:10	249	19.10	6.00	
01:14:26	246	19.10	6.10	
01:14:42	243	19.20	5.50	
01:14:58	241	19.00	6.10	
01:15:14	243	19.00	6.00	
01:15:30	244	19.00	5.80	
01:15:46	243	18.90	5.40	
01:16:02	241	19.00	5.50	
01:16:18	238	18.90	5.40	
01:16:34	230	19.00	5.90	
01:16:50	224	18.90	5.30	
01:17:06	219	18.80	5.20	
01:17:22	219	18.90	5.50	
01:17:37	219	18.80	5.30	
01:17:53	221	18.90	5.10	
01:18:00	222	19.00	5.50	
01:18:25	228	19.00	5.20	
01:18:41	237	19.10	5.20	
01:18:57	240	19.20	5.70	
01:19:13	248	19.20	5.90	
01:19:29	250	19.30	5.80	
01:19:45	246	19.20	5.90	
01:20:01	239	19.20	6.10	
01:20:17	228	19.20	6.00	
01:20:33	219	19.10	5.80	
01:20:49	213	19.00	5.60	
01:21:05	206	19.10	5.50	
01:21:21	201	19.00	5.10	
01:21:37	201	18.90	5.00	
01:21:54	199	19.00	4.50	
01:22:10	200	19.00	5.00	
01:22:24	200	18.90	4.60	
01:22:40	204	18.90	4.70	
01:25:22	268	18.90	6.70	
01:25:38	256	18.90	7.00	
01:25:54	249	18.90	6.90	
01:26:10	242	18.90	7.60	
01:26:26	240	18.90	6.80	
01:26:42	238	19.00	6.50	
01:26:58	231	19.00	6.30	
01:27:14	230	18.90	6.00	
01:27:30	224	19.00	6.10	
01:27:46	220	19.00	6.00	
01:28:02	219	18.90	6.10	
01:28:18	218	19.00	5.50	
01:28:34	218	19.00	6.00	
01:28:50	219	19.00	5.90	
01:29:06	222	19.00	5.90	
01:29:23	226	19.10	5.90	
01:29:39	228	19.10	6.40	
01:29:53	229	19.20	5.90	
01:30:00	229	19.20	5.90	
01:30:25	230	19.20	6.00	
01:30:41	228	19.20	6.70	
01:30:57	227	19.20	6.00	
01:31:13	220	19.20	6.30	
01:31:29	217	19.30	6.00	
01:31:45	214	19.30	5.80	
01:32:01	213	19.30	6.00	
01:32:17	212	19.30	5.60	
01:32:33	212	19.20	5.70	
01:32:49	211	19.20	5.50	
01:33:05	206	19.30	5.70	
01:33:21	202	19.40	5.50	
01:33:37	197	19.40	5.50	
01:33:54	194	19.30	5.50	
01:34:10	191	19.30	5.10	
01:34:24	192	19.40	5.10	
01:34:40	196	19.40	5.20	
01:34:56	200	19.40	5.30	
01:35:12	205	19.40	5.40	
01:35:28	211	19.50	5.40	
01:35:44	214	19.60	5.50	
01:36:00	216	19.70	5.70	
01:36:16	218	19.70	6.00	
01:36:32	228	19.70	6.00	
01:36:48	243	19.80	6.00	
01:37:04	265	19.90	5.80	
01:37:20	291	20.00	6.30	
01:37:36	313	20.10	6.60	
01:37:52	332	20.20	7.10	
01:38:08	333	20.10	8.10	
01:38:25	323	20.10	7.20	
01:38:41	312	20.10	7.60	
01:38:55	297	20.10	7.60	
01:39:01	283	19.90	7.00	
01:39:27	272	19.90	7.20	
01:39:43	264	19.80	6.90	
01:39:59	263	19.90	6.80	
01:40:15	263	19.90	6.70	
01:40:31	263	19.80	7.30	
01:40:47	264	19.80	6.90	
01:41:03	265	19.80	7.00	
01:41:19	269	19.70	6.50	
01:41:35	271	19.60	6.90	
01:41:51	277	19.70	6.80	
01:42:07	284	19.80	7.30	
01:42:23	292	19.80	7.30	
01:42:39	302	19.90	7.50	
01:42:56	306	19.90	7.60	
01:43:12	304	19.90	7.80	
01:43:26	304	20.00	7.80	
01:43:42	300	20.00	8.20	
01:43:58	300	19.90	7.80	
01:44:14	300	19.90	7.50	
01:44:30	303	20.00	7.70	
01:44:46	303	20.00	8.00	
01:45:02	305	20.00	7.90	
01:45:18	308	20.00	7.70	
01:45:34	308	20.10	7.80	
01:45:50	309	20.00	8.00	
01:46:06	298	20.00	8.00	
01:46:22	289	20.10	8.00	
01:46:38	285	20.00	8.00	
01:46:54	279	20.00	7.30	
01:47:10	272	19.90	7.40	
01:47:27	271	19.90	7.40	
01:47:43	273	19.90	8.00	
01:47:57	276	19.90	7.30	
01:48:13	277	19.90	6.90	
01:48:29	281	19.90	7.40	
01:48:45	291	19.90	7.40	
01:49:01	302	19.90	7.30	
01:49:17	313	20.00	7.50	
01:49:33	327	20.10	8.00	
01:49:49	343	20.00	7.80	
01:50:05	350	20.10	8.50	
01:50:21	349	20.10	8.80	
01:50:37	350	20.10	8.50	
01:50:53	350	20.10	8.90	
01:51:00	353	20.10	8.70	
01:51:25	356	20.10	9.00	
01:51:41	358	20.20	9.30	
01:54:25	351	20.30	8.10	
01:54:41	375	20.20	8.70	
01:54:57	393	20.40	10.60	
01:55:13	393	20.40	10.20	
01:55:29	388	20.40	10.60	
01:55:45	377	20.40	10.90	
01:56:01	379	20.50	10.20	
01:56:17	383	20.50	10.40	
01:56:33	404	20.50	10.00	
01:56:49	430	20.50	10.00	
01:57:05	434	20.50	10.00	
01:57:21	411	20.60	10.50	
01:57:37	374	20.50	10.60	
01:57:54	352	20.40	10.30	
01:58:10	341	20.40	9.10	
01:58:26	330	20.40	9.00	
01:58:40	327	20.40	9.50	
01:58:56	319	20.30	8.80	
01:59:12	311	20.40	8.40	
01:59:28	300	20.40	8.90	
01:59:44	286	20.30	8.60	
02:00:00	275	20.30	8.30	
02:00:16	264	20.30	7.60	
02:00:32	260	20.30	7.40	
02:00:48	256	20.30	7.30	
02:01:04	256	20.40	7.40	
02:01:20	256	20.40	7.60	
02:01:36	259	20.50	7.30	
02:01:52	262	20.50	7.30	
02:02:08	262	20.60	7.60	
02:02:25	262	20.60	7.30	
02:02:41	257	20.60	7.20	
02:02:57	253	20.60	7.30	
02:03:13	251	20.60	7.30	
02:03:27	250	20.60	7.00	
02:03:43	249	20.70	6.90	
02:03:59	249	20.60	7.00	
02:04:15	250	20.60	7.10	
02:04:31	250	20.70	6.90	
02:04:47	249	20.70	7.00	
02:05:03	249	20.80	6.70	
02:05:19	246	20.80	6.90	
02:05:35	242	20.90	7.00	
02:05:51	239	20.90	6.90	
02:06:07	238	20.80	7.10	
02:06:23	236	20.80	6.90	
02:06:40	237	20.70	6.40	
02:06:56	236	20.70	6.60	
02:07:02	237	20.60	6.20	
02:07:28	236	20.60	6.30	
02:07:44	237	20.70	6.50	
02:07:58	240	20.60	7.10	
02:08:14	242	20.70	6.40	
02:08:30	247	20.80	6.50	
02:08:46	250	20.70	6.90	
02:09:02	251	20.60	7.40	
02:09:18	255	20.60	6.80	
02:09:34	261	20.60	6.40	
02:09:50	269	20.70	6.80	
02:10:06	270	20.70	6.90	
02:10:22	271	20.70	7.30	
02:10:38	267	20.80	7.20	
02:10:54	257	20.80	7.10	
02:11:11	249	20.70	7.20	
02:11:27	243	20.80	6.90	
02:11:43	244	20.70	6.90	
02:11:59	248	20.80	6.60	
02:02:15	251	20.80	6.50	
02:02:29	251	20.70	7.00	
02:02:45	251	20.70	6.70	
02:13:01	251	20.80	6.90	
02:13:17	251	20.80	7.80	
02:13:33	251	20.60	6.80	
02:13:49	255	20.50	6.30	
02:14:05	257	20.60	7.00	
02:14:21	261	20.50	6.80	
02:14:37	262	20.50	6.80	
02:14:53	270	20.40	6.90	
02:15:00	273	20.50	7.40	
02:15:25	280	20.50	7.60	
02:15:42	287	20.50	7.10	
02:15:58	292	20.50	7.80	
02:16:14	295	20.40	7.40	
02:16:30	303	20.40	7.80	
02:16:46	313	20.40	8.10	
02:17:02	320	20.40	8.10	
02:17:16	319	20.40	8.30	
02:17:32	315	20.50	8.20	
02:17:48	301	20.30	8.90	
02:18:04	289	20.30	8.10	
02:18:20	283	20.20	8.00	
02:18:36	278	20.20	7.60	
02:18:52	275	20.20	7.60	
02:19:08	275	20.30	7.80	
02:19:24	277	20.30	7.30	
02:19:40	287	20.40	7.60	
02:19:56	302	20.60	7.70	
02:20:13	309	20.60	8.40	
02:20:29	308	20.70	8.10	
02:20:45	297	20.70	8.60	
02:23:27	329	20.40	8.20	
02:23:43	332	20.50	8.90	
02:23:59	332	20.50	9.70	
02:24:15	331	20.50	9.70	
02:24:31	330	20.50	9.70	
02:24:45	327	20.50	9.70	
02:25:01	326	20.50	9.80	
02:25:17	326	20.50	9.00	
02:25:33	326	20.50	8.80	
02:25:49	319	20.50	8.80	
02:26:05	316	20.50	8.90	
02:26:21	320	20.60	8.60	
02:26:37	321	20.60	8.70	
02:26:53	321	20.60	8.60	
02:27:00	318	20.70	8.80	
02:27:25	317	20.90	8.70	
02:27:42	321	21.10	8.80	
02:27:58	328	21.20	8.70	
02:28:14	338	21.30	8.90	
02:28:30	346	21.60	8.90	
02:28:46	357	21.60	9.10	
02:29:02	371	21.80	9.50	
02:29:16	375	21.80	9.60	
02:29:32	403	21.80	9.80	
02:29:48	360	21.80	9.90	
02:30:04	359	21.80	9.90	
02:30:20	360	21.80	10.20	
02:30:36	371	21.70	9.90	
02:30:52	386	21.60	9.80	
02:31:08	398	21.50	10.40	
02:31:24	408	21.50	9.90	
02:31:40	414	21.30	10.10	
02:31:56	400	21.20	10.60	
02:32:13	401	21.10	10.40	
02:32:29	416	21.00	10.10	
02:32:45	417	20.90	10.30	
02:33:01	420	21.00	10.60	
02:33:17	426	20.90	10.60	
02:33:33	418	21.00	10.80	
02:33:49	413	21.00	11.10	
02:34:03	415	21.00	10.80	
02:34:19	416	21.10	10.70	
02:34:35	422	21.10	10.70	
02:34:51	424	21.20	11.00	
02:35:07	431	21.30	10.80	
02:35:23	436	21.50	10.60	
02:35:39	434	21.50	11.30	
02:35:55	441	21.50	11.40	
02:36:11	422	21.50	11.60	
02:36:27	410	21.50	11.10	
02:36:44	423	21.50	10.10	
02:37:00	434	21.50	11.10	
02:37:16	438	21.50	10.80	
02:37:32	448	21.50	11.00	
02:37:48	492	21.60	11.40	
02:38:04	444	21.50	12.40	
02:38:20	446	21.50	11.70	
02:38:34	453	21.40	10.90	
02:38:50	444	21.50	10.70	
02:39:06	429	21.40	11.10	
02:39:22	418	21.40	11.40	
02:39:38	407	21.60	11.00	
02:39:54	400	21.60	10.90	
02:40:10	396	21.70	10.30	
02:40:26	389	21.80	10.20	
02:40:42	388	21.80	10.20	
02:40:59	389	21.90	10.20	
02:41:15	389	22.00	10.30	
02:41:31	388	22.00	10.10	
02:41:47	382	22.20	10.10	
02:42:03	379	22.40	10.20	
02:42:19	371	22.60	10.00	
02:42:35	363	22.70	10.00	
02:42:49	359	22.80	9.70	
02:43:05	361	23.00	9.50	
02:43:21	361	23.10	9.40	
02:43:37	368	23.00	9.60	
02:43:53	378	23.10	9.20	
02:44:00	390	23.20	9.70	
02:44:25	394	23.10	10.10	
02:44:41	397	23.20	10.00	
02:44:57	402	23.20	10.20	
02:45:13	404	23.20	10.20	
02:45:30	411	23.10	10.20	
02:45:46	419	23.00	10.30	
02:46:02	437	23.00	10.50	
02:46:18	506	23.20	10.60	
02:46:34	461	23.20	11.00	
02:46:50	441	23.20	11.20	
02:47:06	459	23.30	11.30	
02:47:22	498	23.20	11.00	
02:47:36	806	23.30	11.50	
02:47:52	544	23.60	12.30	
02:48:08	466	23.50	12.50	
02:48:24	451	23.30	11.80	
02:48:40	437	23.20	11.20	
02:48:56	437	23.30	10.90	
02:49:02	459	23.40	10.70	
02:49:28	470	23.30	10.80	
02:49:44	459	23.40	11.20	
02:52:28	503	23.80	10.70	
02:52:44	777	23.80	10.90	
02:52:59	1260	24.50	16.10	
02:53:15	459	24.10	15.50	
02:53:31	444	23.70	15.10	
02:53:47	472	23.50	13.40	
02:54:03	437	23.50	12.80	
02:54:19	494	23.40	12.10	
02:54:35	397	23.40	13.10	
02:54:51	384	23.10	11.20	
02:55:05	387	23.10	10.50	
02:55:21	389	23.10	11.00	
02:55:37	390	23.20	10.40	
02:55:53	469	23.20	10.20	
02:56:00	428	23.10	11.80	
02:56:25	368	23.20	11.10	
02:56:41	356	23.10	10.30	
02:56:57	394	22.90	10.20	
02:57:13	469	23.10	10.50	
02:57:30	476	23.10	12.00	
02:57:46	494	23.20	12.00	
02:58:02	725	23.20	12.20	
02:58:18	784	23.70	12.60	
02:58:34	388	23.50	14.10	
02:58:50	360	23.10	12.50	
02:59:06	390	23.00	10.60	
02:59:22	436	23.00	10.30	
02:59:38	714	23.20	11.20	
02:59:52	377	23.00	12.40	
03:00:08	334	22.80	11.00	
03:00:24	323	22.90	9.80	
03:00:40	313	22.70	9.50	
03:00:56	304	22.70	9.50	
03:01:12	298	22.60	8.60	
03:01:28	299	22.60	8.50	
03:01:44	313	22.70	8.50	
03:02:01	327	22.60	8.60	
03:02:17	330	22.70	9.10	
03:02:33	338	22.70	9.40	
03:02:49	322	22.90	9.20	
03:03:05	267	22.80	9.60	
03:03:21	245	22.80	8.50	
03:03:37	232	22.80	7.40	
03:03:53	224	22.60	6.70	
03:04:00	219	22.60	6.80	
03:04:23	217	22.60	6.30	
03:04:39	218	22.60	6.50	
03:04:55	218	22.50	7.00	
03:05:11	216	22.40	6.60	
03:05:27	213	22.20	6.50	
03:05:43	208	22.20	6.00	
03:05:59	205	22.20	6.40	
03:06:15	201	22.10	6.20	
03:06:32	200	22.20	5.90	
03:06:48	204	22.10	6.10	
03:07:04	211	22.20	6.10	
03:07:20	225	22.10	6.20	
03:07:36	243	22.10	6.60	
03:07:52	261	22.30	7.10	
03:08:08	284	22.30	7.40	
03:08:24	305	22.40	8.30	
03:08:40	324	22.60	8.10	
03:08:54	335	22.70	8.60	
03:09:10	346	22.80	9.70	
03:09:26	347	22.80	9.00	
03:09:42	344	22.60	9.40	
03:09:58	346	22.60	9.10	
03:10:14	350	22.50	9.20	
03:10:30	354	22.50	9.30	
03:10:46	364	22.40	9.60	
03:11:03	371	22.30	9.80	
03:11:19	373	22.20	9.30	
03:11:35	375	22.10	9.80	
03:11:51	380	22.20	9.60	
03:12:07	378	22.10	10.20	
03:12:23	373	22.10	9.80	
03:12:39	376	22.00	9.80	
03:12:55	377	22.10	10.00	
03:03:11	386	21.90	10.20	
03:03:25	415	21.90	9.80	
03:03:41	385	21.90	10.10	
03:03:57	386	21.90	10.10	
03:14:03	412	22.00	10.20	
03:14:29	459	22.00	10.30	
03:14:45	440	22.20	10.70	
03:15:01	433	22.10	11.20	
03:15:17	431	22.20	10.90	
03:15:34	445	22.20	11.30	
03:15:50	445	22.30	10.80	
03:16:06	498	22.30	11.30	
03:16:22	571	22.60	11.40	
03:16:38	470	22.50	12.30	
03:16:54	498	22.60	11.70	
03:17:10	564	22.90	12.00	
03:17:26	593	22.90	12.60	
03:17:42	822	23.20	12.80	
03:17:58	1074	23.90	13.30	
03:18:12	791	23.90	14.00	
03:18:28	1121	24.40	14.40	
03:18:44	1191	24.60	14.90	
03:21:30	378	23.70	10.10	
03:21:46	360	23.60	9.40	
03:22:02	366	23.50	8.70	
03:22:18	329	23.50	9.20	
03:22:34	316	23.50	8.70	
03:22:50	307	23.50	8.10	
03:23:06	305	23.40	7.90	
03:23:22	301	23.40	7.60	
03:23:38	303	23.20	7.60	
03:23:54	302	23.20	7.50	
03:24:08	300	23.20	7.30	
03:24:24	309	23.20	7.60	
03:24:40	360	23.20	7.80	
03:24:56	360	23.20	8.70	
03:25:12	513	23.30	8.60	
03:25:28	850	23.80	10.40	
03:25:44	626	23.90	12.40	
03:26:01	555	23.70	12.60	
03:26:17	733	23.90	12.40	
03:26:33	458	23.60	12.40	
03:26:49	415	23.50	11.20	
03:27:05	389	23.40	10.00	
03:27:21	377	23.30	9.70	
03:27:37	360	23.20	9.10	
03:27:53	352	23.20	8.90	
03:28:00	352	23.10	8.80	
03:28:25	375	23.10	8.90	
03:28:39	349	23.10	9.10	
03:28:55	340	22.90	8.90	
03:29:11	334	23.00	8.50	
03:29:27	330	22.80	8.30	
03:29:43	316	22.90	8.40	
03:29:59	307	22.80	8.30	
03:30:16	297	22.90	7.70	
03:30:32	289	22.80	7.90	
03:30:48	285	22.60	7.50	
03:31:04	278	22.80	7.30	
03:31:20	278	22.80	7.10	
03:31:36	275	22.80	7.20	
03:31:52	271	22.80	7.10	
03:32:08	271	22.90	6.90	
03:32:24	273	23.00	7.20	
03:32:40	271	22.90	7.10	
03:32:56	263	22.90	6.90	
03:33:12	252	22.90	6.90	
03:33:26	239	22.90	6.60	
03:33:42	230	22.80	6.20	
03:33:58	224	22.80	6.00	
03:34:14	219	22.80	5.80	
03:34:30	219	22.80	5.80	
03:34:47	219	22.70	5.70	
03:35:03	217	22.70	5.90	
03:35:19	212	22.70	5.70	
03:35:35	206	22.60	5.70	
03:35:51	202	22.40	5.40	
03:36:07	198	22.40	5.20	
03:36:23	197	22.30	5.30	
03:36:39	194	22.30	5.20	
03:36:55	195	22.20	5.20	
03:37:11	194	22.20	4.90	
03:37:27	196	22.10	5.30	
03:37:43	195	22.10	5.30	
03:37:57	196	22.10	5.10	
03:38:03	196	22.30	5.20	
03:38:29	196	22.30	5.20	
03:38:45	195	22.30	5.30	
03:39:01	194	22.30	5.30	
03:39:18	194	22.40	5.10	
03:39:34	195	22.40	5.10	
03:39:50	195	22.40	5.10	
03:40:06	196	22.40	5.30	
03:40:22	200	22.50	5.30	
03:40:38	200	22.50	5.10	
03:40:54	206	22.40	5.50	
03:41:10	210	22.60	5.50	
03:41:26	215	22.40	5.50	
03:41:42	220	22.50	5.50	
03:41:58	228	22.40	5.70	
03:42:14	236	22.50	6.30	
03:42:28	240	22.50	6.00	
03:42:44	244	22.30	6.30	
03:43:00	244	22.30	6.20	
03:43:16	248	22.20	6.60	
03:43:32	248	22.00	6.90	
03:43:49	249	21.90	6.80	
03:44:05	249	21.90	6.60	
03:44:21	249	21.80	6.30	
03:44:37	249	21.70	6.60	
03:44:53	249	21.80	6.80	
03:45:00	249	21.70	6.60	
03:45:25	246	21.60	6.40	
03:45:41	248	21.60	6.50	
03:45:57	250	21.60	6.40	
03:46:03	250	21.60	6.70	
03:46:29	253	21.60	6.30	
03:46:45	258	21.70	6.50	
03:47:01	262	21.70	6.90	
03:47:15	264	21.60	6.90	
03:47:31	265	21.60	6.90	
03:47:47	266	21.70	7.00	
03:50:29	307	21.70	8.20	
03:50:45	307	21.70	8.10	
03:51:01	307	21.80	8.30	
03:51:18	313	21.70	8.10	
03:51:34	320	21.80	8.10	
03:51:50	335	21.80	8.20	
03:52:06	349	21.80	8.40	
03:52:22	368	22.00	8.80	
03:52:38	386	22.00	9.10	
03:52:54	401	22.00	9.20	
03:53:10	412	22.00	9.50	
03:53:26	413	22.10	9.90	
03:53:42	411	22.20	10.40	
03:53:58	411	22.30	10.20	
03:54:14	432	22.40	10.20	
03:54:30	404	22.40	10.60	
03:54:44	389	22.40	10.40	
03:55:00	382	22.30	10.00	
03:55:16	382	22.40	9.60	
03:55:32	371	22.50	9.60	
03:55:49	360	22.40	9.60	
03:56:05	345	22.40	9.80	
03:56:21	330	22.30	9.00	
03:56:37	312	22.40	8.40	
03:56:53	290	22.40	8.00	
03:57:00	282	22.40	7.90	
03:57:25	283	22.40	7.40	
03:57:41	294	22.40	7.50	
03:57:57	305	22.40	7.70	
03:58:03	312	22.40	7.80	
03:58:29	317	22.40	7.80	
03:58:45	324	22.40	8.20	
03:59:01	331	22.40	8.60	
03:59:15	336	22.40	8.50	
03:59:31	337	22.40	8.70	
03:59:47	342	22.40	8.70	
04:00:03	349	22.40	9.40	
04:00:20	358	22.40	9.00	
04:00:36	379	22.30	8.90	
04:00:52	408	22.40	9.30	
04:01:08	494	22.50	10.00	
04:01:24	482	22.40	10.40	
04:01:40	692	22.50	11.40	
04:01:56	483	22.50	11.70	
04:02:12	443	22.40	11.70	
04:02:28	429	22.30	11.10	
04:02:44	430	22.00	10.60	
04:03:00	449	22.10	10.90	
04:03:16	452	22.10	11.10	
04:03:32	464	22.00	10.90	
04:03:48	478	22.20	10.90	
04:04:02	459	22.20	11.10	
04:04:18	445	22.20	11.40	
04:04:34	425	22.30	10.90	
04:04:51	411	22.30	10.80	
04:05:07	403	22.20	10.80	
04:05:23	378	22.10	9.80	
04:05:39	344	22.10	9.50	
04:05:55	327	22.10	9.00	
04:06:11	316	22.10	8.60	
04:06:27	317	22.10	8.30	
04:06:43	324	22.10	8.30	
04:06:59	335	22.30	8.70	
04:07:15	346	22.30	8.30	
04:07:31	360	22.30	8.50	
04:07:47	386	22.40	9.00	
04:08:03	425	22.50	9.30	
04:08:19	440	22.60	10.00	
04:08:33	418	22.70	10.50	
04:08:49	415	22.70	9.90	
04:09:06	426	22.70	9.90	
04:09:22	452	22.90	10.20	
04:09:38	513	23.00	10.60	
04:00:54	518	23.10	11.10	
04:10:10	522	23.20	11.60	
04:10:26	632	23.40	12.00	
04:10:42	599	23.40	12.50	
04:10:58	832	23.60	12.50	
04:11:04	645	23.80	13.40	
04:11:30	883	23.80	13.50	
04:11:46	848	24.10	14.00	
04:12:02	758	24.10	14.50	
04:12:18	641	24.20	14.80	
04:12:34	506	24.00	14.00	
04:12:50	526	23.90	12.30	
04:13:04	505	23.80	11.70	
04:13:20	476	23.60	12.20	
04:13:37	472	23.60	11.30	
04:13:53	469	23.50	11.10	
04:04:00	471	23.40	11.10	
04:04:25	475	23.50	11.30	
04:04:41	462	23.50	11.10	
04:04:57	451	23.50	11.10	
04:15:13	452	23.40	10.70	
04:15:29	491	23.60	11.20	
04:15:45	577	23.70	11.50	
04:16:01	473	23.60	12.40	
04:16:17	481	23.60	11.40	
04:16:33	516	23.60	11.70	
04:16:49	729	23.70	11.70	
04:19:33	513	23.70	12.00	
04:19:49	514	23.70	11.50	
04:20:05	492	23.90	15.90	
04:20:21	476	23.80	14.90	
04:20:37	487	23.70	14.30	
04:20:53	551	23.90	13.00	
04:21:00	558	24.00	13.70	
04:21:25	1103	24.60	14.10	
04:21:41	516	24.80	16.30	
04:21:57	444	24.60	14.70	
04:22:13	411	24.50	12.10	
04:22:29	401	24.40	10.90	
04:22:45	385	24.30	10.80	
04:23:01	377	24.30	10.10	
04:23:17	386	24.20	10.20	
04:23:31	391	24.30	10.20	
04:23:47	394	24.20	10.40	
04:24:04	420	24.20	10.70	
04:24:20	590	24.40	11.00	
04:24:36	356	24.10	12.70	
04:24:52	338	24.00	10.40	
04:25:08	330	23.90	9.50	
04:25:24	336	23.80	9.20	
04:25:40	349	23.80	9.40	
04:25:56	360	23.70	9.60	
04:26:12	395	23.70	9.30	
04:26:28	513	23.70	10.20	
04:26:44	733	24.10	12.20	
04:27:00	381	23.80	13.80	
04:27:16	338	23.60	11.30	
04:27:32	316	23.40	9.70	
04:27:48	302	23.30	8.80	
04:28:04	414	23.40	8.20	
04:28:18	290	23.30	9.20	
04:28:35	285	23.30	8.50	
04:28:51	291	23.30	8.20	
04:29:07	298	23.30	8.10	
04:29:23	309	23.20	8.20	
04:29:39	327	23.30	8.40	
04:29:55	346	23.40	8.90	
04:30:11	619	23.60	9.80	
04:30:27	894	24.30	11.40	
04:30:43	965	24.80	13.90	
04:30:59	984	25.10	14.30	
04:31:15	979	25.30	15.10	
04:31:31	927	25.40	15.90	
04:31:47	902	25.40	15.10	
04:32:03	877	25.30	15.50	
04:32:19	847	25.20	14.90	
04:32:33	829	25.20	14.60	
04:32:49	822	25.10	15.10	
04:33:06	814	25.00	15.00	
04:33:22	769	24.80	15.00	
04:33:38	685	24.70	14.80	
04:33:54	590	24.40	13.70	
04:34:10	439	24.30	12.50	
04:34:26	420	24.00	11.60	
04:34:42	436	24.00	10.60	
04:34:58	546	24.00	10.60	
04:35:04	278	23.90	11.10	
04:35:30	256	23.90	8.60	
04:35:46	249	23.80	7.40	
04:36:02	247	23.70	6.90	
04:36:18	254	23.70	7.10	
04:36:34	261	23.70	6.70	
04:36:50	276	23.70	6.90	
04:37:06	337	23.60	7.10	
04:37:20	275	23.60	8.40	
04:37:37	280	23.60	8.20	
04:37:53	298	23.60	8.20	
04:38:00	331	23.50	8.20	
04:38:25	392	23.50	9.00	
04:38:41	944	23.90	9.90	
04:38:57	909	24.20	13.20	
04:39:13	982	24.10	13.90	
04:39:29	586	24.20	13.90	
04:39:45	425	24.00	13.30	
04:40:01	326	23.70	11.10	
04:40:17	300	23.50	9.20	
04:40:33	289	23.40	8.70	
04:40:49	285	23.20	7.80	
04:41:05	279	23.10	8.00	
04:41:21	278	23.00	7.80	
04:41:37	281	23.00	7.80	
04:41:53	287	23.00	8.00	
04:42:08	305	23.00	8.20	
04:42:24	307	22.90	9.10	
04:42:40	309	22.90	8.70	
04:42:56	324	22.70	8.70	
04:43:12	338	22.80	8.70	
04:43:28	364	22.90	9.40	
04:43:44	415	22.90	9.50	
04:44:00	652	23.20	10.30	
04:44:16	393	23.10	12.40	
04:44:32	432	23.00	11.00	
04:44:48	883	23.40	10.50	
04:45:04	733	23.70	13.10	
04:45:20	312	23.30	13.40	
04:45:36	290	23.10	9.60	
04:45:52	286	23.00	8.00	
04:48:34	341	23.00	8.90	
04:48:50	346	23.00	8.20	
04:49:06	395	23.10	11.00	
04:49:22	909	23.40	10.40	
04:49:37	1108	24.00	13.00	
04:49:53	1085	24.30	14.30	
04:50:00	399	23.90	14.90	
04:50:25	341	23.40	11.90	
04:50:41	297	23.20	9.20	
04:50:57	272	23.10	8.40	
04:51:13	257	23.00	7.80	
04:51:29	249	22.90	7.20	
04:51:45	239	22.90	6.90	
04:52:01	234	22.80	6.70	
04:52:17	231	22.70	6.70	
04:52:33	228	22.60	6.30	
04:52:49	232	22.70	6.50	
04:53:05	243	22.60	6.50	
04:53:21	258	22.60	6.30	
04:53:37	262	22.80	7.30	
04:53:53	256	22.80	6.70	
04:54:08	250	23.00	7.30	
04:54:24	239	22.90	7.10	
04:54:40	230	22.90	6.90	
04:54:56	225	23.00	6.50	
04:55:12	223	22.90	6.70	
04:55:28	223	22.90	6.20	
04:55:44	219	22.80	6.40	
04:56:00	219	22.80	6.30	
04:56:16	221	22.70	6.30	
04:56:32	219	22.70	6.10	
04:56:48	220	22.70	6.20	
04:57:04	225	22.50	6.40	
04:57:20	239	22.50	6.80	
04:57:36	254	22.50	6.50	
04:57:52	276	22.50	6.90	
04:58:08	282	22.50	7.40	
04:58:24	242	22.40	7.80	
04:58:40	231	22.30	7.40	
04:58:55	217	22.30	6.70	
04:59:11	206	22.10	6.10	
04:59:27	198	22.00	6.00	
04:59:43	197	22.00	5.80	
04:59:59	197	22.00	5.70	
05:00:05	200	22.00	5.40	
05:00:31	204	22.00	6.40	
05:00:47	210	22.00	5.90	
05:01:03	217	21.90	5.70	
05:01:19	226	22.00	6.10	
05:01:35	232	22.00	6.10	
05:01:51	243	22.30	6.60	
05:02:07	251	22.10	6.90	
05:02:23	259	22.30	7.20	
05:02:39	270	22.40	7.20	
05:02:55	283	22.40	7.50	
05:03:11	298	22.70	8.00	
05:03:26	333	22.80	8.10	
05:03:42	425	22.90	8.10	
05:03:58	1099	23.50	9.20	
05:04:14	1177	24.40	10.90	
05:04:30	410	24.30	11.50	
05:04:46	264	23.60	11.50	
05:05:02	235	23.40	7.60	
05:05:18	224	23.30	6.50	
05:05:34	228	23.10	6.40	
05:05:50	233	23.00	5.90	
05:06:06	239	22.80	5.90	
05:06:22	235	22.80	6.20	
05:06:38	228	22.70	6.20	
05:06:54	229	22.60	6.40	
05:07:10	236	22.50	6.10	
05:07:26	242	22.40	6.30	
05:07:42	248	22.40	6.50	
05:07:57	242	22.30	6.70	
05:08:13	241	22.20	7.00	
05:08:29	235	22.20	6.50	
05:08:45	228	22.10	6.60	
05:09:01	219	22.10	6.20	
05:09:17	213	22.10	6.10	
05:09:33	209	21.90	6.50	
05:09:49	211	21.90	5.80	
05:10:05	213	21.80	5.90	
05:10:21	214	21.80	5.90	
05:10:37	218	21.80	5.80	
05:10:53	225	21.80	6.70	
05:11:00	233	21.70	6.50	
05:11:25	240	21.80	7.00	
05:11:41	247	21.80	6.40	
05:11:57	265	21.70	7.20	
05:12:13	276	21.70	7.00	
05:12:28	277	21.70	7.90	
05:12:44	277	21.60	7.60	
05:13:00	272	21.70	7.60	
05:13:16	271	21.60	8.30	
05:13:32	269	21.60	7.80	
05:13:48	272	21.70	7.40	
05:14:04	281	21.80	7.60	
05:14:20	292	21.80	7.90	
05:14:36	305	21.90	7.90	
05:14:52	316	21.90	8.10	
05:17:35	400	23.40	12.80	
05:17:52	428	23.30	10.90	
05:18:06	436	23.30	7.30	
05:18:22	371	23.20	9.20	
05:18:38	360	23.20	7.30	
05:18:54	392	23.10	7.50	
05:19:10	417	23.10	7.80	
05:19:26	1048	23.50	8.30	
05:19:42	421	23.40	11.10	
05:19:58	395	23.30	10.70	
05:20:13	378	23.00	9.70	
05:20:29	360	23.10	8.40	
05:20:45	351	22.90	8.40	
05:21:01	349	23.00	8.30	
05:21:17	330	23.00	8.20	
05:21:33	319	22.90	7.70	
05:21:49	316	22.90	7.50	
05:22:05	324	22.80	7.50	
05:22:21	421	23.00	7.90	
05:22:37	301	22.80	9.10	
05:22:53	292	22.60	7.90	
05:23:00	290	22.50	7.10	
05:23:25	287	22.50	6.40	
05:23:41	288	22.40	6.70	
05:23:57	298	22.40	7.00	
05:24:13	306	22.50	7.20	
05:24:29	306	22.30	7.20	
05:24:44	305	22.30	7.50	
05:25:00	300	22.20	7.90	
05:25:16	297	22.30	7.20	
05:25:32	296	22.20	7.30	
05:25:48	290	22.20	7.50	
05:26:04	285	22.20	6.90	
05:26:20	287	22.10	7.10	
05:26:36	288	22.20	7.00	
05:26:52	291	22.10	7.60	
05:27:08	305	22.30	7.30	
05:27:24	351	22.50	7.20	
05:27:40	458	22.70	7.70	
05:27:56	1330	23.30	9.20	
05:28:12	494	23.80	11.10	
05:28:28	465	23.50	11.30	
05:28:44	744	23.80	10.60	
05:29:00	1260	24.10	11.40	
05:29:05	813	24.30	12.80	
05:29:31	472	24.10	13.10	
05:29:47	374	23.90	10.70	
05:30:03	352	23.80	9.00	
05:30:19	327	23.60	9.20	
05:30:35	308	23.40	7.70	
05:30:51	286	23.40	6.80	
05:31:07	271	23.20	6.90	
05:31:23	260	23.20	6.50	
05:31:39	256	23.00	6.10	
05:31:55	257	22.80	6.00	
05:32:11	261	22.60	6.20	
05:32:27	269	22.60	6.40	
05:32:43	280	22.50	7.10	
05:32:59	291	22.30	6.20	
05:33:05	305	22.40	6.60	
05:33:31	366	22.40	7.40	
05:33:46	1374	22.80	7.90	
05:34:02	1308	23.20	11.00	
05:34:18	1441	23.70	12.60	
05:34:34	465	23.60	13.10	
05:34:50	293	23.20	12.30	
05:35:06	494	23.00	7.60	
05:35:22	261	22.90	6.60	
05:35:38	258	22.90	6.10	
05:35:54	242	22.80	5.90	
05:36:10	238	22.80	5.90	
05:36:26	234	22.80	5.10	
05:36:42	236	22.90	5.60	
05:36:58	247	22.80	4.90	
05:37:14	277	22.90	5.50	
05:37:30	300	23.10	6.20	
05:37:46	298	23.20	7.00	
05:38:02	443	23.30	7.20	
05:38:18	669	23.80	8.90	
05:38:33	769	24.00	11.60	
05:38:49	762	24.10	12.70	
05:39:05	1048	24.30	12.50	
05:39:21	1074	24.30	13.10	
05:39:37	487	24.10	12.60	
05:39:53	371	24.00	10.20	
05:40:00	349	23.80	8.50	
05:40:25	327	23.60	8.20	
05:40:41	294	23.50	7.30	
05:40:57	272	23.40	6.90	
05:41:13	253	23.20	6.30	
05:41:29	241	23.20	6.00	
05:41:45	231	23.20	5.80	
05:42:01	229	23.10	5.40	
05:42:17	237	23.20	5.10	
05:42:33	246	23.20	5.20	
05:42:48	254	23.10	5.70	
05:43:04	258	23.20	6.00	
05:43:20	262	23.30	6.00	
05:43:36	269	23.20	6.20	
05:43:52	277	23.30	6.40	
05:46:37	267	23.00	7.00	
05:46:53	267	23.00	7.40	
05:47:00	264	22.90	11.70	
05:47:25	260	22.90	9.80	
05:47:41	260	22.70	10.10	
05:47:57	260	22.70	8.80	
05:48:13	257	22.70	8.90	
05:48:29	253	22.60	8.60	
05:48:45	254	22.60	8.50	
05:49:01	261	22.60	8.20	
05:49:16	272	22.60	7.70	
05:49:32	287	22.70	8.60	
05:49:48	294	22.60	8.50	
05:50:04	293	22.60	8.80	
05:50:20	286	22.60	9.20	
05:50:36	283	22.60	9.50	
05:50:52	278	22.50	8.60	
05:51:08	274	22.50	8.80	
05:51:24	280	22.50	8.40	
05:51:40	294	22.50	7.90	
05:51:56	291	22.50	8.50	
05:52:12	289	22.60	8.40	
05:52:28	279	22.70	9.00	
05:52:44	268	22.70	8.80	
05:53:00	263	22.80	8.50	
05:53:16	253	22.70	7.80	
05:53:31	239	22.80	8.30	
05:53:47	230	22.70	7.60	
05:54:03	220	22.50	7.20	
05:54:19	213	22.40	6.80	
05:54:35	212	22.40	6.50	
05:54:51	213	22.30	6.60	
05:55:07	217	22.20	6.70	
05:55:23	221	22.20	7.00	
05:55:39	225	22.20	7.00	
05:55:55	228	22.20	7.20	
05:56:11	232	22.10	7.10	
05:56:27	235	22.20	7.20	
05:56:43	234	22.20	7.30	
05:56:59	234	22.10	7.70	
05:57:05	230	22.10	7.60	
05:57:31	228	22.00	7.20	
05:57:47	229	22.10	7.10	
05:58:03	236	21.90	7.30	
05:58:18	239	22.00	7.30	
05:58:34	250	21.90	7.90	
05:58:50	255	21.90	7.40	
05:59:06	261	21.80	7.90	
05:59:22	270	21.90	7.50	
05:59:38	271	22.00	8.10	
05:59:54	272	22.00	8.50	
06:00:10	273	21.90	8.40	
06:00:26	273	21.90	8.40	
06:00:42	277	22.10	8.30	
06:00:58	315	22.10	7.80	
06:01:14	338	22.10	9.20	
06:01:30	330	22.10	9.20	
06:01:46	319	22.10	9.80	
06:02:02	286	22.10	10.00	
06:02:18	275	22.10	9.40	
06:02:34	283	22.10	8.70	
06:02:50	287	22.20	8.40	
06:03:05	256	22.30	8.50	
06:03:21	246	22.20	8.20	
06:03:37	228	22.20	7.80	
06:03:53	219	22.20	7.60	
06:04:00	214	22.30	7.00	
06:04:25	212	22.40	6.70	
06:04:41	208	22.40	7.00	
06:04:57	205	22.60	7.00	
06:05:13	202	22.60	6.70	
06:05:29	204	22.60	6.60	
06:05:45	204	22.80	7.10	
06:06:01	201	23.00	6.60	
06:06:17	204	23.00	6.50	
06:06:33	211	22.90	6.80	
06:06:49	216	23.10	6.70	
06:07:05	214	22.90	6.60	
06:07:20	189	23.00	6.60	
06:07:36	238	23.20	6.40	
06:07:52	206	23.30	7.80	
06:08:08	199	23.10	6.70	
06:08:24	217	23.10	6.00	
06:08:40	216	23.10	6.30	
06:08:56	225	23.00	6.30	
06:09:12	232	23.00	6.10	
06:09:28	254	23.10	6.80	
06:09:44	311	23.10	6.90	
06:10:00	307	23.20	8.00	
06:10:06	370	23.40	8.80	
06:10:32	394	23.50	10.00	
06:10:48	414	23.50	10.70	
06:11:04	392	23.60	11.50	
06:11:20	411	23.70	11.70	
06:11:36	400	23.80	11.70	
06:11:51	327	23.80	11.90	
06:12:07	335	23.80	10.90	
06:12:23	367	23.90	10.00	
06:12:39	300	23.90	9.80	
06:12:55	309	23.90	9.40	
06:15:37	311	23.70	7.30	
06:15:53	404	23.90	7.20	
06:06:00	290	23.90	15.10	
06:06:25	272	23.80	10.90	
06:06:41	264	23.90	11.50	
06:06:57	260	23.90	10.10	
06:17:13	253	23.90	9.00	
06:17:29	250	23.90	8.40	
06:17:45	243	24.00	7.90	
06:18:01	239	24.00	7.90	
06:18:17	228	23.90	7.40	
06:18:33	217	23.90	6.90	
06:18:49	212	23.80	6.60	
06:19:05	210	23.80	6.50	
06:19:21	211	23.70	6.20	
06:19:36	210	23.70	6.30	
06:19:52	217	23.60	6.60	
06:20:08	208	23.40	6.80	
06:20:24	203	23.20	6.90	
06:20:40	197	23.20	6.00	
06:20:56	191	23.10	5.90	
06:21:12	188	23.00	6.30	
06:21:28	315	23.00	6.10	
06:21:44	245	23.00	8.00	
06:22:00	176	22.70	7.90	
06:22:06	168	22.60	6.60	
06:22:32	158	22.60	5.50	
06:22:48	157	22.40	5.20	
06:23:04	157	22.50	4.70	
06:23:20	156	22.40	5.20	
06:23:36	160	22.30	5.20	
06:23:52	163	22.20	5.10	
06:24:08	169	22.20	4.90	
06:24:23	168	22.20	5.40	
06:24:39	161	22.20	5.60	
06:24:55	154	22.20	5.00	
06:25:11	153	22.10	5.10	
06:25:27	153	22.10	5.00	
06:25:43	159	21.90	5.20	
06:25:59	165	22.00	5.10	
06:26:15	173	21.90	5.00	
06:26:31	178	22.00	5.40	
06:26:47	184	21.90	5.70	
06:27:03	192	22.00	6.00	
06:27:19	203	22.10	5.80	
06:27:35	340	22.20	6.70	
06:27:51	465	22.90	8.30	
06:28:07	439	23.20	10.20	
06:28:23	451	23.30	11.00	
06:28:39	344	23.40	12.00	
06:28:54	337	23.40	12.30	
06:29:10	382	23.50	11.90	
06:29:26	327	23.40	12.20	
06:29:42	363	23.60	11.40	
06:29:58	243	23.50	12.00	
06:30:14	239	23.30	10.20	
06:30:30	305	23.60	9.00	
06:30:46	294	23.60	11.00	
06:31:02	289	23.70	11.60	
06:31:18	283	23.70	11.40	
06:31:34	285	23.70	10.40	
06:31:50	293	23.60	9.90	
06:32:06	294	23.70	9.00	
06:32:22	291	23.80	9.30	
06:32:38	294	23.70	9.40	
06:32:54	283	23.90	9.30	
06:33:10	290	23.80	9.30	
06:33:25	288	23.70	9.10	
06:33:41	288	23.80	8.50	
06:33:57	279	23.70	9.20	
06:34:13	268	23.90	9.00	
06:34:29	261	24.00	9.20	
06:34:45	260	23.90	9.10	
06:35:01	258	24.00	8.80	
06:35:17	250	24.10	8.30	
06:35:33	249	24.00	8.90	
06:35:49	245	24.00	9.00	
06:36:05	242	24.10	8.50	
06:36:21	235	24.00	8.70	
06:36:37	224	24.00	8.60	
06:36:53	208	24.00	8.20	
06:37:00	202	24.00	8.10	
06:37:25	191	23.90	7.90	
06:37:41	186	24.00	8.10	
06:37:56	183	24.00	7.80	
06:38:12	175	24.20	8.00	
06:38:28	169	24.10	8.10	
06:38:44	168	24.10	7.20	
06:39:00	168	24.10	6.90	
06:39:06	162	24.10	6.40	
06:39:32	161	24.10	6.00	
06:39:48	167	23.90	5.80	
06:40:04	173	23.90	5.50	
06:40:20	195	24.00	5.30	
06:40:36	198	24.00	6.30	
06:40:52	200	24.00	7.40	
06:41:08	186	23.90	8.20	
06:41:24	183	23.80	6.70	
06:41:40	179	23.80	5.80	
06:41:56	179	23.80	5.70	
06:44:40	236	24.60	8.80	
06:44:56	236	24.60	8.50	
06:45:12	209	24.50	11.10	
06:45:28	211	24.30	7.70	
06:45:44	215	24.20	6.60	
06:46:00	220	24.00	5.90	
06:46:06	228	24.10	6.70	
06:46:32	239	24.10	6.10	
06:46:48	268	24.30	6.50	
06:47:04	265	24.50	8.60	
06:47:20	275	24.50	9.20	
06:47:36	257	24.50	10.10	
06:47:52	280	24.50	9.10	
06:48:08	282	24.60	8.80	
06:48:23	260	24.50	9.40	
06:48:39	265	24.50	8.90	
06:48:55	254	24.50	8.60	
06:49:11	246	24.20	7.80	
06:49:27	239	24.10	7.20	
06:49:43	235	24.00	6.50	
06:49:59	250	24.10	6.40	
06:50:15	241	24.00	7.60	
06:50:31	229	23.90	7.90	
06:50:47	239	23.90	7.30	
06:51:03	236	23.90	7.90	
06:51:19	246	23.90	7.50	
06:51:35	240	23.90	7.80	
06:51:51	251	24.00	7.80	
06:52:07	250	24.00	8.60	
06:52:23	251	24.10	8.80	
06:52:39	246	24.10	9.00	
06:52:55	228	23.90	8.10	
06:53:10	223	23.90	7.10	
06:53:26	219	23.80	6.10	
06:53:42	228	23.80	6.40	
06:53:58	241	23.60	5.30	
06:54:14	231	23.60	6.60	
06:54:30	247	23.60	6.90	
06:54:46	254	23.70	7.60	
06:55:02	254	23.70	7.90	
06:55:18	243	23.60	9.10	
06:55:34	225	23.60	8.20	
06:55:50	219	23.40	7.20	
06:56:06	216	23.40	6.00	
06:56:22	209	23.30	5.60	
06:56:38	212	23.40	5.60	
06:56:54	228	23.40	5.70	
06:57:10	217	23.40	6.80	
06:57:26	221	23.50	7.10	
06:57:41	221	23.50	6.70	
06:57:57	221	23.70	6.70	
06:58:13	224	23.80	6.80	
06:58:29	220	23.90	7.00	
06:58:45	213	24.00	7.00	
06:59:01	206	24.00	6.40	
06:59:17	194	24.00	6.60	
06:59:33	187	24.00	6.00	
06:59:49	179	24.00	5.00	
07:00:05	177	24.00	4.80	
07:00:21	173	24.00	5.10	
07:00:37	169	23.90	4.90	
07:00:53	174	23.90	5.10	
07:01:00	174	23.80	5.00	
07:01:25	165	23.60	4.70	
07:01:41	163	23.60	4.80	
07:01:57	166	23.40	4.80	
07:02:12	171	23.50	4.80	
07:02:28	171	23.40	4.70	
07:02:44	171	23.30	5.10	
07:03:00	174	23.30	4.80	
07:03:16	180	23.30	4.90	
07:03:32	176	23.10	4.80	
07:03:48	175	23.20	4.90	
07:04:04	177	23.10	5.00	
07:04:20	178	23.20	4.70	
07:04:36	184	23.30	4.90	
07:04:52	196	23.30	5.10	
07:05:08	206	23.60	5.70	
07:05:24	214	23.60	6.20	
07:05:40	225	23.70	6.40	
07:05:56	226	23.70	6.40	
07:06:12	219	23.70	6.30	
07:06:28	214	23.80	6.20	
07:06:43	222	23.80	6.40	
07:06:59	223	23.70	6.50	
07:07:15	220	23.60	6.50	
07:07:31	222	23.50	5.90	
07:07:47	224	23.50	6.50	
07:08:03	223	23.40	6.50	
07:08:19	224	23.30	6.50	
07:08:35	223	23.40	6.40	
07:08:51	219	23.40	6.90	
07:09:07	213	23.30	6.80	
07:09:23	209	23.30	6.10	
07:09:39	210	23.40	6.50	
07:09:55	199	23.30	6.10	
07:10:11	197	23.20	6.70	
07:10:27	197	23.20	5.20	
07:10:43	203	23.20	4.40	
07:10:59	214	23.10	5.70	
07:13:41	206	23.30	6.60	
07:13:57	202	23.30	5.80	
07:14:13	197	23.30	-0.50	
07:14:28	195	23.40	2.70	
07:14:44	194	23.40	0.60	
07:15:00	196	23.50	2.00	
07:15:16	200	23.50	3.00	
07:15:32	204	23.50	3.00	
07:15:48	207	23.70	3.60	
07:16:04	211	23.70	4.20	
07:16:20	215	23.60	4.60	
07:16:36	220	23.60	4.50	
07:16:52	222	23.60	4.80	
07:07:08	222	23.50	4.80	
07:07:24	224	23.40	5.00	
07:07:40	223	23.30	4.90	
07:07:56	219	23.30	5.10	
07:18:12	216	23.10	5.20	
07:18:28	209	23.10	4.20	
07:18:44	209	22.90	4.50	
07:18:59	202	22.90	4.70	
07:19:15	198	22.90	4.30	
07:19:31	194	22.90	4.00	
07:19:47	191	22.80	4.00	
07:20:03	184	22.80	4.20	
07:20:19	176	22.90	4.30	
07:20:35	175	22.80	4.10	
07:20:51	175	23.00	3.80	
07:21:07	178	23.00	3.60	
07:21:23	176	23.00	3.20	
07:21:39	173	23.10	3.60	
07:21:55	168	23.10	3.60	
07:22:11	162	23.10	3.60	
07:22:27	161	23.20	3.20	
07:22:43	157	23.20	3.00	
07:22:59	153	23.20	3.00	
07:23:15	152	23.10	2.70	
07:23:32	150	23.00	2.70	
07:23:46	148	23.00	2.80	
07:24:02	147	23.00	2.90	
07:24:18	149	23.00	2.70	
07:24:34	151	23.00	2.70	
07:24:50	159	23.00	2.90	
07:25:06	163	23.00	2.80	
07:25:22	170	22.90	3.20	
07:25:38	177	23.00	3.20	
07:25:54	182	23.00	3.50	
07:26:10	188	22.90	3.50	
07:26:26	194	23.00	3.60	
07:26:42	197	23.00	4.00	
07:26:58	197	23.00	3.90	
07:27:14	191	22.90	4.10	
07:27:30	190	23.00	4.30	
07:27:46	188	22.80	4.30	
07:28:03	188	22.90	3.90	
07:28:07	187	23.00	4.10	
07:28:33	183	23.00	3.50	
07:28:49	183	23.00	3.80	
07:29:05	184	23.00	4.00	
07:29:21	189	23.10	3.60	
07:29:37	193	23.00	4.00	
07:29:53	195	23.10	3.70	
07:30:00	199	23.20	4.00	
07:30:25	200	23.10	3.80	
07:30:41	203	23.10	4.10	
07:30:57	204	23.00	4.30	
07:31:13	206	23.10	4.40	
07:31:29	206	23.10	4.20	
07:31:45	206	23.20	4.40	
07:32:01	207	23.10	4.10	
07:32:07	202	23.10	4.40	
07:32:34	198	23.20	4.20	
07:32:48	195	23.20	4.10	
07:33:04	192	23.00	4.10	
07:33:20	190	23.00	3.80	
07:33:36	188	23.00	3.80	
07:33:52	186	23.10	3.70	
07:34:08	187	23.00	3.60	
07:34:24	189	23.00	3.50	
07:34:40	189	23.00	3.40	
07:34:56	189	23.00	3.60	
07:35:12	189	23.00	3.90	
07:35:28	192	23.00	3.80	
07:35:44	193	23.00	4.10	
07:36:00	191	22.90	3.50	
07:36:16	190	22.90	4.10	
07:36:32	187	22.80	3.60	
07:36:48	185	22.80	3.70	
07:37:05	184	22.60	3.80	
07:37:19	183	22.60	3.50	
07:37:35	183	22.70	3.50	
07:37:51	187	22.50	3.60	
07:38:07	187	22.50	3.60	
07:38:23	183	22.30	3.60	
07:38:39	180	22.50	3.70	
07:38:55	179	22.30	3.00	
07:39:11	178	22.40	3.30	
07:39:27	178	22.40	3.40	
07:39:43	181	22.40	3.60	
07:39:59	182	22.40	3.30	
07:42:43	197	23.20	5.60	
07:42:59	197	23.10	5.90	
07:43:13	196	23.20	1.90	
07:43:29	196	23.10	3.60	
07:43:45	199	23.00	3.00	
07:44:01	202	23.10	3.90	
07:44:07	202	23.00	3.40	
07:44:34	197	22.90	4.20	
07:44:50	195	22.90	4.50	
07:45:04	193	23.00	4.60	
07:45:20	198	23.00	4.60	
07:45:36	203	22.90	4.70	
07:45:52	206	23.00	4.80	
07:46:08	213	23.00	4.60	
07:46:24	207	23.00	5.20	
07:46:40	208	23.10	5.20	
07:46:56	206	23.00	5.00	
07:47:12	201	23.00	5.20	
07:47:28	206	23.20	5.20	
07:47:44	191	23.20	4.90	
07:48:00	193	23.20	4.70	
07:48:16	196	23.20	4.40	
07:48:32	183	23.30	4.50	
07:48:49	179	23.30	4.50	
07:49:05	178	23.30	4.00	
07:49:21	178	23.40	4.10	
07:49:35	178	23.30	3.60	
07:49:51	178	23.40	3.90	
07:50:07	191	23.30	4.00	
07:50:23	180	23.30	4.10	
07:50:39	180	23.30	4.00	
07:50:55	185	23.30	4.20	
07:51:11	192	23.30	4.20	
07:51:27	203	23.30	4.40	
07:51:43	215	23.40	4.50	
07:51:59	220	23.40	5.00	
07:52:15	219	23.50	5.30	
07:52:31	212	23.50	5.60	
07:52:47	206	23.60	5.50	
07:53:03	198	23.60	5.40	
07:53:20	191	23.60	4.80	
07:53:36	186	23.70	4.60	
07:53:52	173	23.70	4.30	
07:54:08	170	23.70	4.00	
07:54:22	170	23.70	3.90	
07:54:38	176	23.80	3.90	
07:54:54	171	23.70	3.80	
07:55:10	178	23.70	3.80	
07:55:26	178	23.60	4.20	
07:55:42	176	23.40	3.80	
07:55:58	173	23.40	4.10	
07:56:14	162	23.40	4.10	
07:56:30	156	23.40	3.70	
07:56:46	153	23.40	3.20	
07:57:02	150	23.20	3.30	
07:57:18	151	23.10	3.40	
07:57:34	154	23.10	3.00	
07:57:51	152	23.20	3.20	
07:58:07	151	23.20	3.40	
07:58:23	150	23.30	3.40	
07:58:37	146	23.30	3.30	
07:58:53	141	23.40	3.20	
07:59:00	145	23.50	3.00	
07:59:25	148	23.60	3.20	
07:59:41	146	23.60	3.20	
07:59:57	146	23.70	3.10	
08:00:13	144	23.70	3.20	
08:00:29	145	23.70	3.10	
08:00:45	143	23.60	3.20	
08:01:01	140	23.60	3.00	
08:01:17	141	23.50	3.00	
08:01:33	139	23.50	3.10	
08:01:49	139	23.40	3.00	
08:02:05	137	23.30	3.10	
08:02:22	135	23.30	3.10	
08:02:38	135	23.30	3.10	
08:02:54	136	23.20	2.70	
08:03:10	137	23.10	3.40	
08:03:24	136	23.10	2.70	
08:03:40	137	23.10	2.70	
08:03:56	140	23.00	2.80	
08:04:12	143	22.90	3.20	
08:04:28	142	22.90	3.00	
08:04:44	139	22.90	3.10	
08:05:00	136	22.90	3.20	
08:05:16	132	22.80	3.70	
08:05:32	133	22.80	2.90	
08:05:48	134	22.80	2.80	
08:06:04	144	22.90	3.10	
08:06:20	151	22.90	3.10	
08:06:36	160	23.00	3.20	
08:06:53	166	23.00	3.50	
08:07:00	173	23.00	3.80	
08:07:25	173	23.00	3.90	
08:07:41	165	22.90	4.20	
08:07:55	161	22.90	4.60	
08:08:11	154	22.90	3.90	
08:08:27	150	22.80	4.30	
08:08:43	143	22.80	3.70	
08:08:59	139	22.80	3.60	
08:11:44	126	22.90	3.50	
08:12:00	126	23.00	3.50	
08:12:16	125	23.10	8.20	
08:12:32	125	23.10	5.90	
08:12:49	122	23.20	7.40	
08:13:05	123	23.20	5.50	
08:13:21	123	23.30	5.20	
08:13:37	121	23.30	5.10	
08:13:51	122	23.20	4.80	
08:14:07	123	23.20	4.40	
08:14:23	123	23.20	4.20	
08:14:39	121	23.20	4.20	
08:14:55	122	23.10	4.40	
08:15:11	120	23.10	4.20	
08:15:27	119	23.10	4.30	
08:15:43	117	23.10	4.10	
08:15:59	117	23.00	4.80	
08:16:15	113	22.90	3.80	
08:16:31	109	22.90	3.90	
08:16:47	109	22.80	3.70	
08:17:03	109	22.80	3.60	
08:17:20	109	22.70	4.00	
08:17:36	110	22.70	4.20	
08:17:52	111	22.70	3.90	
08:08:08	112	22.60	4.30	
08:08:24	112	22.60	3.30	
08:08:38	107	22.50	4.10	
08:08:54	115	22.30	3.80	
08:19:10	119	22.30	3.60	
08:19:26	119	22.30	3.90	
08:19:42	119	22.30	4.10	
08:19:58	119	22.20	4.50	
08:20:14	115	22.10	4.10	
08:20:30	123	22.00	3.90	
08:20:46	121	22.20	4.10	
08:21:02	123	22.10	4.30	
08:21:08	114	22.10	4.10	
08:21:34	111	22.30	4.40	
08:21:51	111	22.30	4.20	
08:22:07	109	22.30	3.50	
08:22:23	107	22.20	3.40	
08:22:39	106	22.20	3.70	
08:22:55	102	22.20	3.30	
08:23:00	102	22.10	3.60	
08:23:25	102	22.10	3.10	
08:23:41	102	22.00	3.10	
08:23:57	99	22.00	3.10	
08:24:13	98	22.00	3.40	
08:24:29	98	22.00	3.40	
08:24:45	98	22.00	3.10	
08:25:01	97	22.10	3.20	
08:25:17	97	22.20	3.10	
08:25:33	101	22.20	3.40	
08:25:49	101	22.10	2.90	
08:26:05	101	22.30	3.50	
08:26:22	101	22.20	4.00	
08:26:38	102	22.10	2.80	
08:26:54	105	22.10	3.20	
08:27:10	105	22.00	3.30	
08:27:26	104	22.00	3.90	
08:27:40	103	21.90	3.50	
08:27:56	105	21.80	3.20	
08:28:12	102	21.80	3.30	
08:28:28	102	21.80	3.40	
08:28:44	101	21.60	3.20	
08:29:00	101	21.60	3.40	
08:29:16	105	21.70	3.40	
08:29:32	105	21.80	3.90	
08:29:48	103	21.80	3.20	
08:30:04	103	21.80	3.60	
08:30:20	102	21.80	3.50	
08:30:36	102	21.90	3.60	
08:30:53	102	21.90	3.50	
08:31:00	102	22.20	3.60	
08:31:25	104	22.20	3.40	
08:31:41	104	22.20	3.40	
08:31:57	105	22.30	3.40	
08:32:11	105	22.50	3.30	
08:32:27	105	22.40	3.40	
08:32:43	105	22.40	3.60	
08:32:59	102	22.30	3.30	
08:33:15	102	22.40	3.40	
08:33:31	102	22.20	3.30	
08:33:47	102	22.30	3.20	
08:34:03	102	22.20	3.30	
08:34:19	102	22.20	3.30	
08:34:35	101	22.20	3.40	
08:34:51	99	22.30	3.10	
08:35:07	99	22.40	3.10	
08:35:24	101	22.60	3.20	
08:35:40	101	22.50	3.30	
08:35:56	101	22.60	3.40	
08:36:12	101	22.60	3.10	
08:36:28	98	22.70	3.20	
08:36:44	97	22.70	3.10	
08:36:58	100	22.80	3.30	
08:37:14	98	22.80	3.20	
08:37:30	95	22.80	3.30	
08:37:46	89	22.70	2.90	
08:38:02	87	22.70	3.00	
08:40:44	84	22.20	2.30	
08:41:00	86	22.30	2.10	
08:41:16	85	22.20	-2.50	
08:41:32	86	22.20	-0.20	
08:41:48	86	22.20	-1.20	
08:42:04	86	22.40	-0.50	
08:42:20	86	22.40	0.30	
08:42:36	86	22.70	0.40	
08:42:53	86	22.70	0.90	
08:43:00	84	22.70	1.20	
08:43:25	84	22.80	1.30	
08:43:41	84	22.90	1.30	
08:43:57	84	22.70	1.00	
08:44:13	84	22.70	0.90	
08:44:27	80	22.70	1.20	
08:44:43	81	22.70	0.90	
08:44:59	83	22.60	1.00	
08:45:15	82	22.40	1.20	
08:45:31	85	22.40	1.30	
08:45:47	81	22.30	1.00	
08:46:03	80	22.30	1.10	
08:46:19	83	22.30	1.20	
08:46:35	83	22.10	1.20	
08:46:51	82	22.10	1.10	
08:47:08	80	21.90	1.10	
08:47:24	80	22.00	1.30	
08:47:40	81	21.90	1.00	
08:47:56	82	22.00	0.70	
08:48:12	80	22.10	1.20	
08:48:28	76	22.00	1.00	
08:48:44	79	21.90	0.90	
08:48:58	79	22.00	1.00	
08:49:14	82	21.90	1.30	
08:49:30	80	22.00	1.40	
08:49:46	82	21.90	0.90	
08:50:02	81	21.80	0.90	
08:50:08	80	21.80	1.20	
08:50:34	81	21.90	1.20	
08:50:50	80	21.80	0.90	
08:51:06	82	21.80	1.10	
08:51:22	82	21.80	1.10	
08:51:39	80	21.70	0.90	
08:51:55	81	21.80	1.30	
08:52:11	81	21.70	1.20	
08:52:27	82	21.60	1.00	
08:52:43	82	21.60	1.40	
08:52:59	80	21.70	1.10	
08:53:15	80	21.60	1.30	
08:53:31	82	21.60	1.10	
08:53:45	80	21.60	1.00	
08:54:01	80	21.60	1.00	
08:54:17	80	21.60	1.10	
08:54:33	80	21.50	1.00	
08:54:49	78	21.40	1.20	
08:55:05	79	21.40	1.00	
08:55:21	79	21.50	1.50	
08:55:37	79	21.50	1.00	
08:55:53	79	21.40	1.40	
08:56:10	78	21.40	1.10	
08:56:26	76	21.30	0.70	
08:56:42	76	21.30	0.80	
08:56:58	76	21.40	0.90	
08:57:14	76	21.40	1.00	
08:57:30	76	21.50	1.40	
08:57:46	76	21.40	0.80	
08:58:02	76	21.40	0.90	
08:58:16	76	21.60	0.80	
08:58:32	76	21.40	0.90	
08:58:48	76	21.50	0.80	
08:59:04	76	21.60	1.10	
08:59:20	76	21.60	1.00	
08:59:36	76	21.60	0.90	
08:59:52	76	21.60	0.80	
09:00:08	75	21.60	1.00	
09:00:24	74	21.60	1.00	
09:00:41	73	21.50	0.90	
09:00:57	73	21.50	0.90	
09:01:13	73	21.50	0.70	
09:01:29	74	21.50	0.60	
09:01:45	73	21.50	0.80	
09:02:01	73	21.50	1.00	
09:02:17	74	21.40	0.90	
09:02:33	73	21.40	0.70	
09:02:49	74	21.30	0.70	
09:03:03	74	21.30	1.20	
09:03:09	74	21.30	0.90	
09:03:35	73	21.20	0.80	
09:03:51	73	21.20	0.70	
09:04:07	73	21.10	0.80	
09:04:23	73	21.00	0.70	
09:04:39	73	21.00	0.60	
09:04:55	73	21.10	1.00	
09:05:12	75	21.20	1.00	
09:05:28	73	21.20	1.10	
09:05:44	73	21.20	0.80	
09:06:00	73	21.20	0.70	
09:06:16	73	21.20	0.70	
09:06:32	73	21.30	1.00	
09:06:48	73	21.30	1.20	
09:07:04	73	21.30	0.80	
09:00:47	71	21.30	2.00	
09:10:03	71	21.20	1.80	
09:10:09	72	21.30	-2.90	
09:10:35	70	21.30	-0.80	
09:10:51	72	21.20	-1.50	
09:11:08	69	21.20	-0.80	
09:11:24	69	21.20	-0.10	
09:11:40	69	21.30	0.20	
09:11:56	69	21.20	0.30	
09:12:12	69	21.20	0.80	
09:12:28	69	21.20	0.60	
09:12:44	69	21.20	0.70	
09:13:00	69	21.20	0.70	
09:13:16	72	21.20	0.70	
09:13:30	70	21.20	1.00	
09:13:46	71	21.20	0.70	
09:14:02	71	21.20	1.00	
09:14:18	72	21.30	0.60	
09:14:34	72	21.30	0.80	
09:14:50	72	21.20	0.90	
09:15:06	72	21.30	1.40	
09:15:22	72	21.20	0.60	
09:15:39	72	21.20	1.20	
09:15:55	71	21.20	0.50	
09:16:11	72	21.10	0.80	
09:16:27	72	21.20	0.90	
09:16:43	72	21.10	0.70	
09:16:59	73	21.10	1.00	
09:17:15	74	21.00	1.10	
09:17:31	75	21.10	0.70	
09:17:47	75	21.10	0.90	
09:18:03	76	21.10	1.10	
09:18:17	78	21.10	1.10	
09:18:33	79	21.10	0.90	
09:18:49	79	21.10	0.90	
09:09:05	79	21.20	1.50	
09:09:21	82	21.20	1.10	
09:09:37	81	21.20	0.80	
09:09:53	82	21.20	1.20	
09:20:10	83	21.10	1.10	
09:20:26	83	21.10	1.00	
09:20:42	84	21.20	1.30	
09:20:58	86	21.20	1.20	
09:21:14	86	21.10	1.30	
09:21:30	86	21.20	1.10	
09:21:46	89	21.20	1.40	
09:22:02	90	21.20	1.60	
09:22:18	90	21.10	1.50	
09:22:34	90	21.10	1.20	
09:22:48	93	21.10	1.30	
09:23:04	91	21.10	1.50	
09:23:20	94	21.10	1.20	
09:23:36	94	21.10	1.60	
09:23:52	95	21.10	1.50	
09:24:08	96	21.10	1.50	
09:24:24	97	21.10	1.80	
09:24:41	97	21.10	1.40	
09:24:57	101	21.10	1.80	
09:25:13	101	21.10	1.60	
09:25:29	103	21.30	1.80	
09:25:45	104	21.20	1.90	
09:26:01	105	21.30	1.70	
09:26:17	106	21.40	2.10	
09:26:33	108	21.40	1.90	
09:26:49	108	21.50	1.90	
09:27:05	108	21.50	2.00	
09:27:09	111	21.50	1.90	
09:27:35	110	21.50	2.00	
09:27:51	112	21.60	2.10	
09:28:07	112	21.50	2.30	
09:28:23	113	21.60	1.80	
09:28:39	113	21.60	1.70	
09:28:55	115	21.60	2.00	
09:29:12	114	21.60	2.20	
09:29:28	113	21.60	1.80	
09:29:44	113	21.70	2.00	
09:30:00	113	21.50	2.40	
09:30:16	114	21.60	1.80	
09:30:32	115	21.60	2.20	
09:30:48	113	21.60	2.10	
09:31:04	116	21.60	2.10	
09:31:20	116	21.60	2.00	
09:31:36	116	21.60	2.50	
09:31:52	116	21.60	2.00	
09:32:06	117	21.60	2.00	
09:32:22	117	21.50	1.90	
09:32:38	117	21.50	2.10	
09:32:54	117	21.50	2.20	
09:33:10	117	21.50	2.40	
09:33:27	117	21.50	2.10	
09:33:43	114	21.50	2.10	
09:33:59	113	21.50	2.10	
09:34:15	113	21.60	2.10	
09:34:31	110	21.70	2.00	
09:34:47	111	21.70	1.90	
09:35:03	111	21.70	2.00	
09:35:09	110	21.80	2.00	
09:35:35	111	21.80	1.90	
09:35:51	109	21.80	1.80	
09:36:07	109	21.90	1.90	
09:38:49	105	21.70	2.70	
09:39:05	105	21.60	3.00	
09:39:21	105	21.60	2.60	
09:39:35	105	21.60	2.70	
09:39:51	105	21.50	3.00	
09:40:07	106	21.50	3.10	
09:40:23	106	21.50	2.50	
09:40:39	106	21.50	3.30	
09:40:56	107	21.50	2.90	
09:41:12	107	21.50	2.80	
09:41:28	107	21.40	2.90	
09:41:44	106	21.30	3.30	
09:42:00	106	21.50	2.80	
09:42:16	106	21.40	3.10	
09:42:32	106	21.40	2.50	
09:42:48	106	21.50	3.30	
09:43:04	106	21.40	2.90	
09:43:20	106	21.40	2.80	
09:43:36	106	21.50	3.00	
09:43:52	106	21.40	3.10	
09:44:06	105	21.40	2.90	
09:44:22	105	21.40	3.40	
09:44:38	104	21.40	2.80	
09:44:54	105	21.50	2.90	
09:45:10	105	21.50	2.80	
09:45:27	105	21.60	2.80	
09:45:43	104	21.70	2.80	
09:45:59	103	21.80	2.90	
09:46:15	103	21.80	3.10	
09:46:31	104	21.90	2.70	
09:46:47	104	22.00	3.10	
09:47:03	104	21.90	2.90	
09:47:09	103	22.00	2.90	
09:47:35	102	22.00	2.50	
09:47:51	102	21.90	2.70	
09:48:07	102	21.90	2.70	
09:48:23	102	21.90	3.10	
09:48:39	102	21.90	2.50	
09:48:53	102	21.90	2.70	
09:49:00	102	21.80	2.50	
09:49:25	102	21.90	2.70	
09:49:41	102	21.70	3.20	
09:49:58	101	21.80	2.50	
09:50:14	100	21.80	2.70	
09:50:30	98	21.80	2.90	
09:50:46	98	21.80	2.60	
09:51:02	98	21.80	3.10	
09:51:18	98	21.80	2.90	
09:51:34	97	21.70	2.50	
09:51:50	97	21.70	2.70	
09:52:06	97	21.70	2.60	
09:52:22	96	21.70	2.50	
09:52:38	95	21.50	2.50	
09:52:54	96	21.50	2.50	
09:53:10	95	21.50	2.40	
09:53:24	95	21.60	2.30	
09:53:40	95	21.50	2.30	
09:53:56	95	21.50	2.80	
09:54:12	95	21.40	2.30	
09:54:29	93	21.50	2.10	
09:54:45	93	21.40	2.30	
09:55:01	93	21.50	2.30	
09:55:17	94	21.50	2.50	
09:55:33	91	21.60	2.60	
09:55:49	91	21.50	2.30	
09:56:05	91	21.50	2.30	
09:56:21	91	21.60	2.50	
09:56:37	89	21.60	2.40	
09:56:53	90	21.70	2.30	
09:57:00	89	21.70	2.10	
09:57:25	89	21.80	2.20	
09:57:41	87	21.70	2.20	
09:57:55	88	21.90	2.20	
09:58:11	89	21.90	2.20	
09:58:27	87	21.90	2.20	
09:58:43	87	21.90	2.40	
09:59:00	87	21.90	2.60	
09:59:16	87	21.80	2.20	
09:59:32	87	21.90	1.70	
09:59:48	85	21.70	2.10	
10:00:04	85	21.70	2.00	
10:00:10	84	21.80	2.10	
10:00:36	84	21.80	2.00	
10:00:52	84	21.80	2.30	
10:01:08	81	21.70	2.00	
10:01:24	83	21.70	2.20	
10:01:40	83	21.70	2.20	
10:01:56	83	21.60	2.10	
10:02:12	80	21.50	1.90	
10:02:26	80	21.50	1.70	
10:02:42	80	21.40	1.80	
10:02:58	80	21.30	2.00	
10:03:14	80	21.30	1.80	
10:03:31	80	21.20	1.70	
10:03:47	80	21.20	2.00	
10:04:03	79	21.20	1.80	
10:04:19	79	21.20	1.50	
10:04:35	78	21.30	1.70	
10:04:51	77	21.40	1.80	
10:05:07	79	21.40	1.90	
10:07:50	76	21.80	1.80	
10:08:06	75	21.70	1.90	
10:08:22	75	21.70	-0.60	
10:08:38	74	21.60	0.70	
10:08:54	75	21.50	0.50	
10:00:10	75	21.40	0.80	
10:00:27	73	21.30	0.50	
10:00:43	74	21.40	0.50	
10:00:59	74	21.30	1.20	
10:10:15	74	21.30	1.30	
10:10:31	73	21.20	1.30	
10:10:47	73	21.20	1.30	
10:11:03	74	21.20	1.10	
10:11:19	73	21.10	1.20	
10:11:35	73	21.10	1.20	
10:11:51	73	21.20	1.20	
10:12:07	73	21.20	1.50	
10:12:23	73	21.30	1.20	
10:12:39	73	21.30	1.40	
10:12:55	73	21.30	1.30	
10:13:00	73	21.40	1.20	
10:13:25	73	21.40	1.50	
10:13:41	73	21.40	1.10	
10:13:58	73	21.40	1.30	
10:14:14	73	21.50	1.20	
10:14:30	72	21.50	1.40	
10:14:46	72	21.50	1.40	
10:15:02	72	21.50	1.20	
10:15:18	72	21.40	1.20	
10:15:34	72	21.40	1.10	
10:15:50	72	21.40	1.50	
10:16:06	72	21.30	1.50	
10:16:22	70	21.30	1.10	
10:16:38	71	21.20	1.90	
10:16:54	69	21.20	0.90	
10:17:10	69	21.00	0.80	
10:17:26	69	21.00	1.80	
10:17:40	67	20.90	1.50	
10:17:56	68	20.80	0.60	
10:18:12	66	20.90	1.10	
10:18:29	68	20.80	0.70	
10:18:45	68	20.80	1.30	
10:19:01	67	20.70	1.20	
10:19:17	68	20.70	1.20	
10:19:33	68	20.60	0.80	
10:19:49	68	20.60	1.30	
10:10:05	68	20.70	1.10	
10:10:21	65	20.70	0.70	
10:10:37	65	20.70	1.00	
10:10:53	66	20.60	1.10	
10:21:00	66	20.60	1.20	
10:21:25	65	20.80	0.90	
10:21:41	65	20.70	1.00	
10:21:57	65	20.80	0.90	
10:22:11	67	20.70	0.80	
10:22:27	66	20.80	0.80	
10:22:43	67	20.80	1.40	
10:23:00	65	20.90	0.90	
10:23:16	65	20.90	0.70	
10:23:32	65	20.90	0.80	
10:23:48	65	21.10	0.80	
10:24:04	64	21.00	0.70	
10:24:10	63	21.10	0.90	
10:24:36	62	21.10	0.70	
10:24:52	63	21.10	0.80	
10:25:08	63	21.20	0.90	
10:25:24	62	21.10	1.10	
10:25:40	62	21.10	0.80	
10:25:56	62	21.00	0.70	
10:26:12	62	21.00	0.40	
10:26:28	62	20.90	1.00	
10:26:42	62	20.90	0.50	
10:26:58	62	20.80	0.70	
10:27:15	61	20.80	0.80	
10:27:31	59	20.70	0.80	
10:27:47	59	20.70	0.60	
10:28:03	58	20.60	0.60	
10:28:19	58	20.60	0.50	
10:28:35	58	20.60	0.40	
10:28:51	56	20.60	0.70	
10:29:07	57	20.60	0.50	
10:29:23	55	20.60	0.80	
10:29:39	54	20.70	0.60	
10:29:55	55	20.70	0.50	
10:30:11	54	20.70	0.30	
10:30:27	54	20.70	0.40	
10:30:43	52	20.80	0.80	
10:30:59	52	20.80	0.40	
10:31:15	51	20.80	0.40	
10:31:29	51	20.80	0.40	
10:31:46	51	20.80	0.60	
10:32:02	51	20.80	0.20	
10:32:18	48	20.70	0.20	
10:32:34	47	20.70	0.20	
10:32:50	49	20.70	0.30	
10:33:06	47	20.70	0.20	
10:33:22	44	20.50	0.00	
10:33:38	46	20.60	0.40	
10:33:54	46	20.50	0.00	
10:34:10	44	20.50	0.20	
10:36:52	41	20.10	0.40	
10:37:08	40	20.00	1.00	
10:37:24	41	20.00	-2.20	
10:37:40	40	20.00	-0.20	
10:37:56	40	19.90	-1.50	
10:38:12	40	19.90	-0.40	
10:38:28	40	19.90	-0.80	
10:38:44	39	19.90	0.00	
10:38:58	39	19.90	0.10	
10:39:15	38	19.90	0.00	
10:39:31	39	19.90	0.00	
10:39:47	38	19.90	0.30	
10:40:03	37	20.00	0.10	
10:40:19	36	20.00	-0.10	
10:40:35	36	20.00	-0.10	
10:40:51	36	20.00	0.50	
10:41:07	36	20.00	0.00	
10:41:23	36	20.00	-0.80	
10:41:39	36	20.00	-0.30	
10:41:55	36	20.00	0.20	
10:42:11	34	19.90	-0.30	
10:42:27	34	20.00	0.00	
10:42:43	35	19.90	-0.40	
10:42:59	34	19.90	-0.30	
10:43:15	33	19.90	-0.30	
10:43:29	32	19.80	0.00	
10:43:46	32	19.80	-0.20	
10:44:02	32	19.70	0.30	
10:44:18	32	19.70	0.10	
10:44:34	32	19.70	-0.50	
10:44:50	32	19.70	-0.60	
10:45:06	31	19.60	-0.70	
10:45:22	31	19.70	-0.40	
10:45:38	31	19.50	-0.30	
10:45:54	30	19.60	-0.30	
10:46:10	30	19.50	-0.20	
10:46:26	29	19.50	-0.30	
10:46:42	29	19.50	-0.30	
10:46:58	29	19.50	-0.50	
10:47:14	29	19.40	-0.30	
10:47:30	29	19.40	-0.40	
10:47:46	29	19.40	-0.30	
10:48:02	29	19.40	-0.50	
10:48:17	29	19.40	-0.40	
10:48:33	29	19.50	-0.50	
10:48:49	29	19.60	-0.50	
10:49:05	26	19.50	-0.40	
10:49:21	26	19.60	-0.30	
10:49:37	27	19.50	-0.50	
10:49:53	25	19.50	-0.60	
10:50:00	25	19.70	-0.70	
10:50:25	25	19.60	-0.40	
10:50:41	25	19.50	-0.50	
10:50:57	25	19.60	-0.50	
10:51:13	25	19.50	-0.80	
10:51:29	25	19.50	-0.70	
10:51:45	25	19.70	-0.50	
10:52:01	24	19.50	-0.70	
10:52:17	23	19.40	-0.60	
10:52:33	24	19.50	-0.50	
10:52:48	23	19.50	-0.80	
10:53:04	21	19.40	-0.60	
10:53:10	21	19.60	-0.90	
10:53:36	22	19.40	-1.00	
10:53:52	21	19.40	-0.20	
10:54:08	21	19.50	-0.80	
10:54:24	21	19.50	-0.90	
10:54:40	19	19.30	-0.70	
10:54:56	20	19.30	-0.90	
10:55:12	20	19.40	-0.80	
10:55:28	20	19.30	-0.40	
10:55:44	19	19.30	-0.70	
10:56:00	19	19.30	-1.00	
10:56:16	18	19.30	-0.90	
10:56:32	19	19.30	-1.00	
10:56:48	18	19.30	-0.70	
10:57:04	18	19.30	-0.90	
10:57:19	15	19.20	-1.00	
10:57:35	17	19.20	-0.90	
10:57:51	17	19.20	-0.80	
10:58:07	16	19.20	-0.90	
10:58:23	17	19.20	-1.10	
10:58:39	16	19.20	-1.20	
10:58:55	16	19.20	-1.20	
