date	smin	smax	smean	tmean
01/01/2009 	25.435951  	29.81361   	28.75500   	 2.55705270
02/01/2009 	24.433104  	30.18269   	27.56221   	 2.18471009
03/01/2009 	24.159752  	30.35472   	28.10786   	 2.30463536
04/01/2009 	23.867859  	29.74658   	26.95729   	 2.24118855
05/01/2009 	22.175846  	28.63588   	26.49678   	 1.87793536
06/01/2009 	25.962511  	30.62670   	29.09743   	 1.82157552
07/01/2009 	24.041912  	30.80855   	28.59055   	 1.38439775
08/01/2009 	21.787485  	30.49008   	27.67113   	 1.28288886
09/01/2009 	20.525229  	29.84396   	26.48830   	 1.05962745
10/01/2009 	22.926443  	30.33078   	26.59066   	 0.83982402
11/01/2009 	16.624159  	29.61889   	23.30251   	 0.22552434
12/01/2009 	17.441833  	23.17929   	19.64484   	 0.47588136
13/01/2009 	18.765707  	23.64500   	21.30730   	 1.64558591
14/01/2009 	17.394859  	24.70739   	21.21475   	 1.79761872
15/01/2009 	17.281748  	25.73650   	21.20198   	 1.66934800
16/01/2009 	15.765188  	25.20432   	20.16890   	 1.49849085
17/01/2009 	11.334328  	25.00539   	18.06994   	 1.54697485
18/01/2009 	15.850719  	19.86403   	17.23631   	 2.32923977
19/01/2009 	19.356155  	23.96686   	22.32091   	 2.79480362
20/01/2009 	22.409555  	24.01500   	23.13122   	 3.05305211
21/01/2009 	21.519840  	23.12880   	22.82657   	 2.89953941
22/01/2009 	15.876798  	22.92896   	19.98146   	 2.25251482
23/01/2009 	15.996940  	24.86172   	21.02384   	 2.57804242
24/01/2009 	20.557589  	26.11334   	23.19119   	 3.25839284
25/01/2009 	18.725025  	24.95858   	22.30334   	 3.03296638
26/01/2009 	19.172270  	25.88489   	23.07079   	 2.68334811
27/01/2009 	19.212788  	25.97707   	23.07605   	 2.21743211
28/01/2009 	20.147528  	26.37875   	23.71786   	 1.88630724
29/01/2009 	19.286736  	26.40553   	23.36295   	 1.51053603
30/01/2009 	19.759516  	26.34649   	23.69021   	 1.15476900
31/01/2009 	21.507528  	26.38392   	24.73443   	 0.84703825
01/02/2009 	22.012270  	27.41821   	25.62451   	 0.59562084
02/02/2009 	23.684616  	27.99908   	26.69700   	 0.60114008
03/02/2009 	25.711943  	28.29896   	27.32143   	 0.84851246
04/02/2009 	25.013668  	28.73612   	27.26537   	 0.95726527
05/02/2009 	24.952631  	28.74723   	27.46589   	 1.05388527
06/02/2009 	22.101068  	28.17618   	26.16228   	 1.24557371
07/02/2009 	23.095572  	27.96306   	26.08935   	 1.43404230
08/02/2009 	22.946596  	28.46089   	25.77844   	 1.45356674
09/02/2009 	17.394348  	28.56067   	23.81753   	 1.44463506
10/02/2009 	18.985846  	29.37999   	25.46059   	 1.59719814
11/02/2009 	22.247156  	29.20447   	25.46122   	 1.72558968
12/02/2009 	21.885473  	29.13363   	25.57517   	 1.86495987
13/02/2009 	22.033628  	29.35305   	25.98888   	 2.05115110
14/02/2009 	22.343639  	29.76630   	26.38930   	 1.95074566
15/02/2009 	17.887205  	29.65114   	24.18759   	 1.95709347
16/02/2009 	18.744682  	28.52499   	23.82986   	 2.41735426
17/02/2009 	15.504084  	27.81921   	22.82360   	 2.84371894
18/02/2009 	16.159031  	26.47777   	22.41149   	 2.71600496
19/02/2009 	15.518378  	24.98277   	20.77200   	 2.58513335
20/02/2009 	12.889872  	22.50673   	17.88475   	 2.78596468
21/02/2009 	13.306458  	23.54167   	19.10035   	 3.01769340
22/02/2009 	12.029927  	23.75926   	18.69760   	 3.38730213
23/02/2009 	11.867394  	27.40280   	18.91304   	 3.77167907
24/02/2009 	12.871260  	27.54725   	20.22642   	 3.89663263
25/02/2009 	10.786149  	27.00874   	19.31739   	 4.08796736
26/02/2009 	 9.001172  	24.25163   	16.96219   	 4.41554489
27/02/2009 	 8.386584  	27.08986   	16.71277   	 4.89839310
28/02/2009 	10.225613  	27.37858   	18.79883   	 5.03089599
01/03/2009 	13.701249  	28.00079   	21.01031   	 4.95522132
02/03/2009 	14.766628  	28.20990   	21.51520   	 5.05997040
03/03/2009 	10.039357  	27.13674   	18.64611   	 5.06206474
04/03/2009 	 9.113688  	23.16682   	14.97389   	 4.86332008
05/03/2009 	12.020188  	22.02212   	17.52078   	 4.89961076
06/03/2009 	14.537126  	21.98885   	19.03276   	 4.92754930
07/03/2009 	12.279604  	23.94092   	19.34726   	 4.79612875
08/03/2009 	 9.924278  	21.66265   	16.16904   	 5.03157169
09/03/2009 	11.447214  	19.87498   	17.09390   	 5.07422221
10/03/2009 	12.163091  	23.65957   	18.05421   	 4.98242722
11/03/2009 	12.758759  	25.05229   	18.42819   	 4.95846322
12/03/2009 	11.819379  	25.66524   	18.22196   	 5.17136524
13/03/2009 	13.635481  	26.29664   	20.05184   	 5.37060001
14/03/2009 	12.771151  	26.37142   	19.26755   	 5.58519430
15/03/2009 	12.102929  	25.56890   	19.07072   	 5.83516250
16/03/2009 	12.224854  	26.29115   	19.20382   	 6.08114422
17/03/2009 	13.464180  	26.63300   	20.64051   	 6.31461839
18/03/2009 	13.735265  	25.44868   	19.79935   	 6.35874122
19/03/2009 	12.843247  	25.49372   	20.63800   	 6.42962617
20/03/2009 	14.019339  	24.88667   	20.51387   	 6.48417726
21/03/2009 	13.980069  	24.29049   	21.17384   	 6.56398968
22/03/2009 	12.887938  	22.22671   	19.30824   	 6.63931337
23/03/2009 	12.272141  	26.05656   	18.46742   	 6.74636685
24/03/2009 	13.508288  	23.25539   	18.07661   	 6.45199473
25/03/2009 	12.307017  	24.63314   	17.78183   	 6.33066068
26/03/2009 	10.254474  	22.11851   	16.26394   	 6.43903701
27/03/2009 	11.412058  	23.17385   	16.78334   	 6.33553709
28/03/2009 	11.115047  	25.18690   	18.32228   	 6.28205043
29/03/2009 	12.431616  	25.60994   	18.20231   	 6.36331343
30/03/2009 	12.067533  	25.76818   	19.27226   	 6.16975389
31/03/2009 	12.692451  	26.04709   	18.95692   	 6.40439517
01/04/2009 	14.100025  	25.71703   	19.89902   	 6.75933619
02/04/2009 	15.965484  	26.19723   	21.75051   	 7.32566996
03/04/2009 	16.639971  	26.14031   	22.22765   	 7.78472458
04/04/2009 	 9.104994  	24.96233   	19.99078   	 8.24856750
05/04/2009 	11.323810  	24.21686   	19.29408   	 8.48702834
06/04/2009 	13.682982  	25.85210   	20.44136   	 8.62053744
07/04/2009 	14.518471  	26.29018   	20.94897   	 8.89469332
08/04/2009 	12.402036  	24.63414   	18.34570   	 8.98477215
09/04/2009 	13.336067  	24.53561   	18.29417   	 8.98224699
10/04/2009 	14.042861  	25.50471   	19.74471   	 9.46324076
11/04/2009 	16.153870  	26.44838   	21.63642   	 9.90757630
12/04/2009 	17.489882  	26.79622   	22.68281   	10.15525883
13/04/2009 	18.365335  	27.07294   	23.20001   	10.30729874
14/04/2009 	18.798510  	27.41990   	23.66557   	10.39624826
15/04/2009 	19.614313  	27.87638   	24.32265   	10.68086368
16/04/2009 	19.559769  	27.85106   	24.35519   	11.14811450
17/04/2009 	20.791033  	28.04719   	24.72304   	11.09566424
18/04/2009 	22.335718  	27.43490   	25.30240   	10.74928675
19/04/2009 	22.237503  	27.40064   	25.29726   	10.84274870
20/04/2009 	22.339447  	27.80295   	25.77357   	11.39969699
21/04/2009 	22.639740  	28.32694   	26.12046   	11.79559922
22/04/2009 	23.233345  	28.80435   	27.09932   	11.60341507
23/04/2009 	23.458101  	29.24075   	27.06081   	11.61216048
24/04/2009 	23.983530  	29.71992   	27.50398   	11.81026912
25/04/2009 	24.530630  	30.17021   	28.05759   	11.91907314
26/04/2009 	25.092731  	30.26247   	28.40411   	12.15485126
27/04/2009 	24.617796  	30.62527   	28.22276   	12.30590872
28/04/2009 	24.537430  	30.64992   	28.16033   	12.24080618
29/04/2009 	24.952732  	30.65336   	28.22597   	12.36619095
30/04/2009 	25.450794  	30.67696   	28.47586   	12.66170313
01/05/2009 	26.066097  	30.76575   	28.87471   	13.25155477
02/05/2009 	25.588184  	30.88446   	29.08467   	13.47799581
03/05/2009 	23.800119  	30.48619   	28.27189   	13.42381398
04/05/2009 	21.709776  	29.65991   	27.36899   	12.85186251
05/05/2009 	22.346489  	29.86739   	26.31632   	11.75423680
06/05/2009 	21.824120  	28.85841   	25.98515   	11.65810307
07/05/2009 	22.084625  	28.17945   	25.71801   	12.32965221
08/05/2009 	22.390760  	27.47210   	24.95205   	12.68884007
09/05/2009 	21.331732  	26.84610   	23.84392   	12.49600583
10/05/2009 	21.308271  	29.05479   	25.26763   	12.81609484
11/05/2009 	22.426313  	29.87269   	27.11585   	12.89378401
12/05/2009 	24.505833  	30.10774   	28.47894   	12.74203978
13/05/2009 	26.402105  	30.17784   	29.30357   	12.80089804
14/05/2009 	27.262812  	30.23795   	29.35788   	12.92200601
15/05/2009 	26.401209  	30.25033   	28.93510   	13.00792700
16/05/2009 	21.228270  	29.77042   	26.06154   	13.07703080
17/05/2009 	21.299644  	27.34200   	24.63573   	13.45512690
18/05/2009 	19.930019  	25.28048   	22.97049   	13.62441093
19/05/2009 	19.984383  	23.77595   	22.24662   	13.67038488
20/05/2009 	19.724709  	24.74592   	22.34746   	13.89852456
21/05/2009 	19.370287  	26.43575   	23.59860   	14.27466432
22/05/2009 	20.375153  	27.46069   	24.62588   	14.52158717
23/05/2009 	20.794788  	28.37064   	25.11816   	14.99142140
24/05/2009 	21.654215  	29.29604   	26.35078   	15.33937393
25/05/2009 	22.706476  	29.75483   	26.99786   	15.85757565
26/05/2009 	22.086187  	29.88547   	26.54201   	16.35123626
27/05/2009 	20.800999  	28.22523   	24.19155   	15.42862495
28/05/2009 	20.204277  	26.86219   	23.77144   	14.97098313
29/05/2009 	20.136801  	28.72150   	24.30310   	15.60398958
30/05/2009 	21.741465  	29.69850   	26.27704   	15.99542705
31/05/2009 	24.026087  	30.20672   	27.87156   	16.30078085
01/06/2009 	25.328983  	30.31851   	28.71403   	16.78169024
02/06/2009 	26.209667  	30.40263   	29.32874   	16.70371505
03/06/2009 	27.390015  	30.45559   	29.74487   	15.95807336
04/06/2009 	27.722525  	30.18567   	29.50590   	14.92389347
05/06/2009 	27.489492  	30.71272   	29.42002   	14.14162143
06/06/2009 	26.467987  	31.69018   	29.73803   	13.97414442
07/06/2009 	28.750092  	31.74334   	30.64922   	13.85457716
08/06/2009 	27.797571  	31.70230   	30.25242   	14.59654673
09/06/2009 	26.259602  	31.58500   	29.67189   	15.18429850
10/06/2009 	24.464643  	30.78124   	27.85818   	15.50717813
11/06/2009 	27.113445  	31.35705   	29.48396   	15.80371515
12/06/2009 	27.106092  	31.32104   	29.55284   	15.86792835
13/06/2009 	25.255722  	31.42952   	28.64765   	16.05589658
14/06/2009 	21.958410  	31.48984   	27.97958   	16.67738128
15/06/2009 	22.415094  	31.31139   	27.68679   	17.09173449
16/06/2009 	25.755085  	31.56911   	28.97734   	17.28277556
17/06/2009 	20.712852  	31.08513   	27.57675   	17.28539638
18/06/2009 	19.725584  	30.33027   	27.29404   	17.26429137
19/06/2009 	18.791992  	26.99571   	23.67981   	17.02945801
20/06/2009 	18.485731  	27.46590   	22.41500   	16.63661925
21/06/2009 	18.385357  	30.64180   	24.51416   	16.70165881
22/06/2009 	21.929623  	31.77687   	27.30154   	16.76762935
23/06/2009 	23.765478  	32.18482   	28.92688   	17.02511406
24/06/2009 	26.464083  	32.17957   	30.54841   	17.42035687
25/06/2009 	27.944550  	32.06153   	31.15184   	17.87248405
26/06/2009 	28.436073  	31.99401   	31.02940   	18.60317409
27/06/2009 	28.281870  	31.89459   	30.86298   	19.06033095
28/06/2009 	28.526030  	31.86137   	30.81244   	19.63561022
29/06/2009 	29.428471  	31.93548   	31.03563   	20.38650119
30/06/2009 	29.804745  	32.01457   	31.25113   	20.86179070
01/07/2009 	29.985008  	32.09548   	31.41068   	21.17601581
02/07/2009 	29.920052  	32.15313   	31.61491   	21.36464798
03/07/2009 	29.093714  	32.20689   	31.61378   	21.75393152
04/07/2009 	28.753456  	32.08009   	30.92606   	22.50042307
05/07/2009 	27.604599  	32.23397   	30.61091   	22.34593228
06/07/2009 	22.413204  	32.04450   	29.09284   	22.20209348
07/07/2009 	20.737190  	28.31685   	24.80355   	20.87901799
08/07/2009 	21.963003  	28.32050   	24.97104   	20.01383169
09/07/2009 	21.947168  	27.35377   	24.81280   	17.83057310
10/07/2009 	23.133675  	30.32197   	27.00747   	16.19004214
11/07/2009 	22.855299  	29.64843   	25.62470   	16.48247127
12/07/2009 	21.237074  	29.90907   	25.54419   	17.01890596
13/07/2009 	20.160044  	29.50682   	25.13268   	17.71767493
14/07/2009 	20.329958  	29.84170   	25.47647   	18.69428321
15/07/2009 	19.054649  	29.37123   	24.99128   	19.45141915
16/07/2009 	19.363041  	26.12317   	22.97008   	19.55556210
17/07/2009 	21.155066  	28.15089   	25.10452   	19.67159955
18/07/2009 	22.305231  	27.04539   	24.35068   	18.92456559
19/07/2009 	21.267990  	25.09960   	23.82249   	18.54712001
20/07/2009 	22.844925  	24.13246   	23.55337   	18.11538414
21/07/2009 	21.821136  	26.36540   	23.75475   	18.44562554
22/07/2009 	22.158352  	26.98915   	24.40369   	18.85005792
23/07/2009 	22.159088  	27.61325   	25.05852   	18.95737481
24/07/2009 	22.600386  	27.58217   	24.70729   	18.76498846
25/07/2009 	22.410971  	27.05210   	24.44511   	18.40293936
26/07/2009 	21.592661  	27.94620   	24.73935   	18.64941017
27/07/2009 	21.962091  	28.61863   	25.70532   	19.11891496
28/07/2009 	21.261541  	28.57957   	25.51706   	18.96652019
29/07/2009 	22.561409  	28.72366   	26.14156   	19.28686635
30/07/2009 	19.841284  	28.72817   	23.58876   	19.00645177
31/07/2009 	20.029598  	27.09074   	23.02597   	17.89967906
01/08/2009 	20.933573  	26.82336   	24.34057   	18.35785659
02/08/2009 	22.990843  	27.35391   	25.29103   	18.76379685
03/08/2009 	20.775837  	27.28882   	24.59695   	18.97284536
04/08/2009 	20.912964  	28.10724   	24.90624   	19.24855280
05/08/2009 	21.711569  	28.96098   	25.68389   	19.77486142
06/08/2009 	22.854841  	29.61537   	26.91337   	20.31948443
07/08/2009 	23.723139  	29.82068   	27.27487   	20.65815882
08/08/2009 	24.862179  	30.07652   	28.06616   	20.77218048
09/08/2009 	24.585844  	30.35124   	28.34878   	20.81184292
10/08/2009 	24.841406  	30.47828   	28.50814   	20.98285631
11/08/2009 	24.531168  	30.47191   	28.32472   	20.90701787
12/08/2009 	24.380882  	30.41504   	28.00420   	20.48250612
13/08/2009 	25.384630  	30.57384   	28.50446   	20.45499857
14/08/2009 	24.591179  	30.63920   	28.28306   	20.59183959
15/08/2009 	21.006220  	29.90373   	26.20316   	19.99569599
16/08/2009 	21.376253  	26.82738   	24.87501   	20.21144398
17/08/2009 	21.664148  	27.50971   	25.36967   	20.11571217
18/08/2009 	21.045540  	28.86700   	25.43023   	19.81708169
19/08/2009 	21.453918  	30.09583   	26.10563   	19.88293831
20/08/2009 	22.392181  	30.71743   	27.19744   	20.11887066
21/08/2009 	20.101061  	29.67741   	25.41962   	20.10504170
22/08/2009 	21.207882  	29.60901   	25.80203   	19.69696681
23/08/2009 	22.597303  	30.42828   	26.95367   	19.96799835
24/08/2009 	24.172676  	30.76834   	28.12466   	20.03501121
25/08/2009 	24.448853  	30.95336   	28.57060   	20.18710856
26/08/2009 	22.977514  	30.69911   	27.16866   	19.56976187
27/08/2009 	22.826307  	29.27420   	26.09291   	19.45659192
28/08/2009 	23.551809  	27.84482   	25.19581   	18.21771876
29/08/2009 	25.302504  	27.89596   	26.54156   	16.91426901
30/08/2009 	25.381931  	26.22696   	26.08196   	16.00864891
31/08/2009 	25.961695  	26.20141   	26.08451   	16.16826864
01/09/2009 	23.901871  	26.22122   	25.47198   	16.88680939
02/09/2009 	23.719421  	25.16533   	24.51259   	16.94326816
03/09/2009 	22.261328  	27.68572   	24.87008   	16.66992946
04/09/2009 	26.705994  	29.75300   	28.55342   	16.04750371
05/09/2009 	26.325111  	29.12886   	28.64346   	15.86189705
06/09/2009 	25.624914  	28.88789   	28.11331   	15.60512185
07/09/2009 	24.850744  	29.02281   	27.82398   	15.62203207
08/09/2009 	25.611607  	28.55130   	27.65505   	16.06924021
09/09/2009 	27.079351  	28.54781   	27.96183   	16.46838709
10/09/2009 	25.942482  	28.86830   	27.66625   	16.75215459
11/09/2009 	27.242767  	29.10614   	28.37559   	16.75029596
12/09/2009 	27.811831  	29.43382   	28.79489   	16.78333384
13/09/2009 	27.107088  	29.68724   	28.96050   	16.61761761
14/09/2009 	27.157688  	30.18063   	29.18146   	16.43621546
15/09/2009 	27.624905  	30.13677   	29.60517   	16.46945441
16/09/2009 	27.674360  	30.45781   	29.71919   	16.47910899
17/09/2009 	27.810501  	30.60717   	29.87340   	16.17341771
18/09/2009 	28.155478  	30.85370   	30.12560   	16.19391849
19/09/2009 	28.628084  	31.09241   	30.40187   	16.39520838
20/09/2009 	29.035366  	31.29970   	30.61422   	16.77706261
21/09/2009 	29.011606  	31.32400   	30.50813   	16.66956711
22/09/2009 	28.433855  	31.40296   	30.41624   	16.22505627
23/09/2009 	28.850626  	31.11164   	30.32945   	15.95972216
24/09/2009 	28.361183  	31.82553   	30.80024   	16.24492971
25/09/2009 	28.880123  	32.04590   	31.09509   	16.45640558
26/09/2009 	29.392784  	32.21038   	31.41023   	16.55114512
27/09/2009 	29.687256  	32.20867   	31.63962   	16.54000368
28/09/2009 	30.076080  	32.21019   	31.54587   	16.56145302
29/09/2009 	29.243629  	31.48847   	30.68060   	16.07362334
30/09/2009 	27.745697  	31.50317   	30.48679   	15.94522742
01/10/2009 	29.099018  	31.95730   	30.85977   	15.75784562
02/10/2009 	28.934456  	31.73248   	30.69615   	14.61674962
03/10/2009 	28.709784  	32.93915   	31.56429   	13.41245868
04/10/2009 	29.262699  	32.62089   	31.37726   	12.66252257
05/10/2009 	24.936291  	31.77050   	29.13783   	12.59068451
06/10/2009 	24.265301  	32.56311   	29.42031   	12.74291231
07/10/2009 	21.259308  	31.24844   	26.28813   	13.54922003
08/10/2009 	24.220518  	31.98739   	28.55548   	13.42403444
09/10/2009 	26.207285  	32.26936   	29.31314   	13.06081923
10/10/2009 	25.818130  	31.87059   	29.44057   	12.57849538
11/10/2009 	22.306223  	31.82240   	27.36449   	12.24409356
12/10/2009 	22.413208  	29.07816   	27.08863   	11.62750765
13/10/2009 	28.017834  	31.77462   	29.87249   	11.27279488
14/10/2009 	26.705818  	32.58005   	30.41728   	10.92438122
15/10/2009 	29.336859  	32.48213   	31.65684   	10.82756605
16/10/2009 	29.103422  	32.76109   	31.52136   	10.09045484
17/10/2009 	31.234520  	33.04887   	32.10595   	10.07707645
18/10/2009 	31.295605  	33.14712   	32.44254   	 9.53422441
19/10/2009 	28.995064  	33.12449   	32.01885   	 9.61050781
20/10/2009 	28.641384  	33.20103   	31.76606   	 9.40110266
21/10/2009 	25.572920  	33.18940   	31.26927   	 9.08745114
22/10/2009 	23.185663  	33.06268   	30.13081   	 8.68434688
23/10/2009 	25.428541  	31.88148   	28.99200   	 8.70647285
24/10/2009 	23.936844  	31.73384   	27.94285   	 8.94867583
25/10/2009 	23.547632  	29.09636   	25.38706   	10.33786283
26/10/2009 	25.152643  	27.82832   	27.25422   	11.11419511
27/10/2009 	26.764828  	28.05890   	27.43172   	11.16522948
28/10/2009 	25.226610  	27.93567   	27.27729   	11.24287645
29/10/2009 	25.676512  	27.75440   	27.26646   	11.40770918
30/10/2009 	25.900257  	27.90265   	27.21353   	11.22520149
31/10/2009 	25.251747  	28.91854   	27.50878   	10.84072449
01/11/2009 	21.720537  	29.03729   	26.41324   	10.95097891
02/11/2009 	21.037987  	26.57034   	24.18796   	11.15742652
03/11/2009 	22.047125  	28.16068   	24.50104   	10.58971562
04/11/2009 	20.487095  	25.95040   	23.20651   	10.03701993
05/11/2009 	21.404068  	25.87662   	24.63046   	 9.71237455
06/11/2009 	20.825403  	26.26106   	24.18479   	 9.69170590
07/11/2009 	21.246334  	26.54808   	24.71210   	 9.78286896
08/11/2009 	19.568218  	26.36615   	24.14032   	 9.35255255
09/11/2009 	20.236385  	27.36302   	24.85062   	 9.20328971
10/11/2009 	21.851831  	28.25546   	26.17964   	 9.09801769
11/11/2009 	22.100414  	28.12558   	25.62349   	 8.97055688
12/11/2009 	19.224289  	28.02277   	24.07202   	 8.73321029
13/11/2009 	16.742022  	26.42952   	21.59370   	 9.13076274
14/11/2009 	18.835217  	25.39278   	22.55244   	10.14622496
15/11/2009 	23.733713  	27.18624   	25.53724   	10.09004146
16/11/2009 	23.346466  	26.00573   	25.26381   	10.11302129
17/11/2009 	20.575073  	27.35709   	24.00919   	 9.97389793
18/11/2009 	23.134504  	29.89255   	26.48440   	10.22554696
19/11/2009 	26.342403  	30.12274   	28.56241   	10.73730109
20/11/2009 	22.921652  	30.22413   	26.92389   	 9.99216948
21/11/2009 	21.801491  	28.61583   	25.79197   	10.18992903
22/11/2009 	19.531199  	28.59133   	23.59286   	10.41330570
23/11/2009 	26.991602  	29.84268   	28.41729   	10.11107173
24/11/2009 	28.936790  	29.94932   	29.61361   	10.16526892
25/11/2009 	26.648676  	29.97411   	28.32400   	10.30809073
26/11/2009 	26.264978  	30.35968   	29.03376   	 9.47298259
27/11/2009 	29.555990  	30.52186   	30.33836   	 9.05206245
28/11/2009 	27.516914  	30.47636   	29.95531   	 8.40052198
29/11/2009 	26.768770  	30.07045   	28.43236   	 8.39579082
30/11/2009 	25.965132  	29.71364   	28.20540   	 8.19232722
01/12/2009 	22.873720  	29.69008   	26.99892   	 7.77633329
02/12/2009 	23.001781  	29.59528   	26.99947   	 7.02599464
03/12/2009 	14.685275  	28.70291   	22.98032   	 6.81897830
04/12/2009 	15.159875  	25.25637   	20.33875   	 7.08614853
05/12/2009 	15.433800  	25.21495   	19.07447   	 6.89499720
06/12/2009 	14.828660  	23.44231   	19.42024   	 7.59168502
07/12/2009 	17.560911  	24.52877   	21.47232   	 7.99865587
08/12/2009 	17.641054  	24.00137   	21.41358   	 7.72673271
09/12/2009 	16.346855  	24.53953   	20.22140   	 7.46902031
10/12/2009 	17.224152  	24.27382   	20.26655   	 7.68062955
11/12/2009 	17.151571  	24.07664   	20.57633   	 7.75679110
12/12/2009 	17.196339  	26.46372   	23.09893   	 7.55133012
13/12/2009 	17.619652  	26.97569   	23.61077   	 6.81953385
14/12/2009 	19.837284  	27.46016   	24.21569   	 6.37153988
15/12/2009 	19.997389  	27.46998   	23.82724   	 5.36481878
16/12/2009 	13.667450  	27.12619   	21.75192   	 4.58666798
17/12/2009 	10.913312  	24.62485   	17.70501   	 3.83876088
18/12/2009 	12.016640  	27.16268   	20.46753   	 3.40149753
19/12/2009 	17.939117  	27.29602   	23.15342   	 3.01952127
20/12/2009 	11.539060  	27.32705   	16.31123   	 2.00837427
21/12/2009 	12.321579  	17.94780   	14.88176   	 1.81763506
22/12/2009 	13.449205  	20.57211   	16.68375   	 1.70034239
23/12/2009 	13.262567  	19.75271   	16.82577   	 1.83464092
24/12/2009 	14.454308  	19.82991   	17.79960   	 1.69896819
25/12/2009 	17.625441  	24.43022   	19.85040   	 2.09261905
26/12/2009 	14.631001  	24.88533   	19.84171   	 3.15565835
27/12/2009 	18.729656  	21.49515   	20.10441   	 3.43546020
28/12/2009 	17.436295  	21.89023   	20.04944   	 3.50538560
29/12/2009 	16.806009  	24.40201   	20.42474   	 3.33790090
30/12/2009 	16.613375  	25.21470   	22.11085   	 3.11007190
31/12/2009 	17.340660  	25.92916   	22.95773   	 2.91835851
01/01/2010 	17.320385  	27.09138   	24.21355   	 2.90703706
02/01/2010 	17.493244  	26.92614   	23.06270   	 2.48304201
03/01/2010 	19.454569  	27.60539   	24.24835   	 2.29660563
04/01/2010 	19.351969  	27.79113   	23.64910   	 2.11300358
05/01/2010 	17.513258  	28.24697   	22.28221   	 2.13613520
06/01/2010 	14.425477  	27.36217   	20.10800   	 1.97985909
07/01/2010 	14.360778  	27.10922   	19.90480   	 1.88401796
08/01/2010 	15.776628  	26.27151   	21.24280   	 1.67094225
09/01/2010 	18.963890  	27.95229   	24.35444   	 1.38502922
10/01/2010 	23.297302  	28.58824   	27.49631   	 1.74013022
11/01/2010 	25.146650  	28.62116   	27.53570   	 1.65382789
12/01/2010 	20.326035  	28.87093   	26.22599   	 1.18674616
13/01/2010 	23.232380  	27.93647   	26.20928   	-0.17555972
14/01/2010 	17.759523  	27.87787   	24.51420   	-0.10360744
15/01/2010 	20.911165  	27.50598   	24.58005   	-0.08625393
16/01/2010 	21.016590  	26.52029   	23.71836   	-0.14576561
17/01/2010 	19.762228  	27.16343   	23.83070   	 0.06603018
18/01/2010 	19.027510  	27.06221   	22.83964   	 0.37470934
19/01/2010 	19.547409  	27.05932   	23.43858   	 0.76565153
20/01/2010 	20.206364  	27.96238   	24.15912   	 0.74052072
21/01/2010 	18.968765  	28.33877   	24.46956   	 0.84249004
22/01/2010 	18.372896  	27.95276   	23.38333   	 0.38157116
23/01/2010 	14.559511  	26.59131   	21.82053   	 0.30919060
24/01/2010 	15.280626  	24.66609   	20.70813   	 0.10044010
25/01/2010 	17.060564  	24.33674   	21.56509   	-0.11256240
26/01/2010 	20.274982  	25.65932   	23.54717   	-0.45577538
27/01/2010 	16.640999  	26.49795   	22.92456   	-0.52331991
28/01/2010 	16.434462  	24.59020   	21.85698   	 0.18998328
29/01/2010 	16.820408  	27.91132   	22.79319   	 0.71240235
30/01/2010 	18.564554  	28.56566   	24.00061   	 0.77540886
31/01/2010 	17.128611  	27.70617   	23.15081   	 0.77015762
01/02/2010 	14.802789  	29.05674   	21.58351   	 1.04522444
02/02/2010 	12.687186  	29.15137   	19.53533   	 1.14399149
03/02/2010 	12.465980  	27.92810   	19.86315   	 1.34066032
04/02/2010 	12.981688  	28.69561   	20.24599   	 1.48451863
05/02/2010 	14.122744  	27.97663   	20.72183   	 1.59209509
06/02/2010 	15.522711  	27.12559   	21.35785   	 1.77671944
07/02/2010 	16.105656  	25.84850   	21.33466   	 1.69747633
08/02/2010 	17.370817  	26.34595   	23.13155   	 1.31613818
09/02/2010 	20.772570  	27.60435   	25.37181   	 0.98722306
10/02/2010 	19.144941  	29.20815   	25.02319   	 0.54596943
11/02/2010 	20.216312  	29.01574   	26.59266   	 0.56012350
12/02/2010 	22.719772  	29.70042   	28.00054   	 0.42753012
13/02/2010 	23.161404  	30.01225   	28.23237   	 0.20765081
14/02/2010 	24.883924  	30.21977   	28.49443   	 0.01029313
15/02/2010 	25.595303  	30.39441   	28.58077   	-0.30356265
16/02/2010 	18.136650  	30.36871   	25.65249   	-0.62593626
17/02/2010 	17.862926  	28.74797   	24.35731   	-0.57196448
18/02/2010 	20.757654  	28.21459   	24.58820   	-0.38462321
19/02/2010 	16.926321  	28.99797   	23.40378   	 0.05641261
20/02/2010 	16.925407  	23.79878   	18.80846   	 0.55502880
21/02/2010 	16.439316  	24.65609   	19.85188   	 0.63173519
22/02/2010 	18.219656  	23.59664   	20.90626   	 0.95918492
23/02/2010 	19.449591  	26.16804   	23.07918   	 1.12261864
24/02/2010 	19.471064  	26.80261   	24.25931   	 1.24152397
25/02/2010 	16.480101  	26.01732   	22.66480   	 1.60776144
26/02/2010 	15.952021  	23.69962   	19.49380   	 2.26899895
27/02/2010 	17.409512  	23.57808   	21.76409   	 2.88917409
28/02/2010 	19.074646  	22.93585   	21.22381   	 3.07374260
01/03/2010 	19.502224  	25.07626   	21.00652   	 3.22993012
02/03/2010 	19.477381  	26.41090   	22.02004   	 3.19023271
03/03/2010 	18.476255  	27.05922   	22.78888   	 3.18253985
04/03/2010 	18.790510  	27.77376   	24.35677   	 3.19080554
05/03/2010 	19.719660  	28.16894   	24.39916   	 3.04278488
06/03/2010 	18.997936  	29.97356   	25.23633   	 2.77114170
07/03/2010 	20.314154  	28.96400   	25.41544   	 2.36568369
08/03/2010 	22.172441  	29.03402   	26.58732   	 2.44324178
09/03/2010 	21.169523  	29.05028   	26.55357   	 2.45503524
10/03/2010 	23.113216  	28.55747   	26.56839   	 2.44386036
11/03/2010 	23.192873  	29.58501   	27.51345   	 2.51624655
12/03/2010 	21.478317  	29.81080   	26.91034   	 2.77521278
13/03/2010 	19.612389  	29.52461   	25.96351   	 3.03474515
14/03/2010 	18.867990  	28.59963   	24.53214   	 3.61988375
15/03/2010 	18.276688  	28.19043   	23.71902   	 3.93542216
16/03/2010 	16.722284  	29.84795   	23.13821   	 4.41008041
17/03/2010 	13.820158  	29.13952   	21.98347   	 4.42982111
18/03/2010 	14.401528  	29.40941   	21.65157   	 4.66539790
19/03/2010 	12.159972  	29.46762   	19.96221   	 5.11886714
20/03/2010 	10.740530  	28.53234   	21.12450   	 5.57503170
21/03/2010 	12.504788  	26.18880   	18.86247   	 6.25512497
22/03/2010 	11.759089  	25.72440   	18.83546   	 6.39006755
23/03/2010 	12.711831  	25.28839   	19.33725   	 6.47704472
24/03/2010 	13.906806  	24.10156   	19.82077   	 6.71574885
25/03/2010 	15.124998  	24.14343   	20.58850   	 7.12864900
26/03/2010 	13.913488  	23.18973   	19.61630   	 7.49651081
27/03/2010 	12.948781  	23.11900   	18.32976   	 7.54082209
28/03/2010 	10.873551  	22.97890   	17.07879   	 7.51207226
29/03/2010 	10.285591  	25.97102   	18.15828   	 7.50956450
30/03/2010 	11.909139  	26.16814   	18.86000   	 7.74259434
31/03/2010 	10.346961  	25.67802   	16.26206   	 7.55867381
01/04/2010 	13.657511  	22.95659   	18.30923   	 6.62935079
02/04/2010 	15.800371  	22.62064   	19.53408   	 6.33034812
03/04/2010 	15.311521  	22.18334   	19.25907   	 6.61534548
04/04/2010 	16.254438  	23.34660   	20.14099   	 7.01557758
05/04/2010 	13.441151  	23.26585   	19.25934   	 7.13706658
06/04/2010 	12.691463  	22.78763   	18.66443   	 7.50749612
07/04/2010 	17.025547  	22.62303   	20.46906   	 7.81374119
08/04/2010 	18.606083  	23.28616   	20.75489   	 8.22491309
09/04/2010 	18.709679  	24.53102   	21.79160   	 8.54432718
10/04/2010 	17.812016  	25.95308   	22.59998   	 8.71706182
11/04/2010 	18.039600  	26.82733   	23.59323   	 8.47745270
12/04/2010 	18.902525  	27.48670   	25.05689   	 8.30436513
13/04/2010 	20.175951  	28.04984   	26.01250   	 8.21853979
14/04/2010 	20.981947  	28.56027   	26.25322   	 8.34858572
15/04/2010 	21.915649  	29.15343   	27.09080   	 8.37713335
16/04/2010 	23.225550  	29.42986   	27.65372   	 8.49329966
17/04/2010 	23.634340  	29.88238   	27.74863   	 8.82617333
18/04/2010 	24.369148  	30.28477   	28.21015   	 9.15307506
19/04/2010 	24.575048  	30.65515   	28.52845   	 9.49636692
20/04/2010 	23.734613  	30.62128   	28.28399   	 9.57656763
21/04/2010 	24.660625  	29.49597   	27.42945   	 8.73498771
22/04/2010 	24.879900  	30.27504   	27.76567   	 8.63279469
23/04/2010 	24.919313  	31.21797   	28.83957   	 9.23497953
24/04/2010 	22.874161  	31.60618   	28.62408   	 9.63250049
25/04/2010 	23.404528  	31.73511   	28.83318   	 9.87393423
26/04/2010 	23.951252  	31.73299   	28.85543   	10.14330471
27/04/2010 	23.228910  	31.70659   	28.51516   	10.49411583
28/04/2010 	24.566408  	31.78311   	28.39071   	10.98366761
29/04/2010 	25.447603  	32.06123   	29.22702   	11.08799523
30/04/2010 	23.809172  	31.98794   	28.67330   	11.54911933
01/05/2010 	21.996243  	31.55382   	26.54631   	11.82832023
02/05/2010 	22.518690  	31.59506   	27.94538   	11.48549420
03/05/2010 	26.516041  	31.79448   	29.82559   	10.30234337
04/05/2010 	28.027443  	31.55481   	30.33698   	 9.57827981
05/05/2010 	27.364523  	31.31042   	29.98432   	 9.74686795
06/05/2010 	28.770554  	31.61867   	30.60239   	10.00005498
07/05/2010 	28.800634  	31.69069   	30.68129   	 9.85694194
08/05/2010 	29.264942  	31.66782   	30.80392   	 9.94534562
09/05/2010 	28.811907  	31.63478   	30.89329   	10.12636360
10/05/2010 	29.166397  	31.81421   	31.12314   	10.22523189
11/05/2010 	28.793762  	32.00715   	31.08177   	10.14165696
12/05/2010 	29.400936  	32.10507   	31.36422   	 9.58349663
13/05/2010 	29.481415  	31.75799   	31.04448   	 9.14649012
14/05/2010 	28.641464  	31.96638   	30.86815   	 9.50591089
15/05/2010 	28.886795  	32.21024   	30.93112   	 9.92216716
16/05/2010 	28.580746  	32.10026   	31.04437   	10.15416292
17/05/2010 	27.502615  	32.35333   	30.52013   	10.67275580
18/05/2010 	28.498636  	32.51997   	31.02015   	11.27291824
19/05/2010 	28.623072  	32.41527   	31.12320   	11.89419049
20/05/2010 	26.319578  	32.57544   	30.43927   	12.62650363
21/05/2010 	28.188046  	32.63095   	30.78831   	13.50630053
22/05/2010 	29.372961  	32.72998   	31.51239   	14.00763184
23/05/2010 	27.455128  	32.74843   	31.41765   	14.63432389
24/05/2010 	27.594444  	32.73565   	31.21385   	15.19372229
25/05/2010 	26.448925  	32.86646   	31.51222   	14.91101907
26/05/2010 	28.818266  	32.89249   	31.89007   	14.58895193
27/05/2010 	29.715693  	32.82027   	31.93659   	14.28166880
28/05/2010 	26.896448  	32.80673   	30.85552   	14.40402844
29/05/2010 	24.419632  	32.68865   	29.35754   	14.21570186
30/05/2010 	22.433889  	32.54404   	28.66509   	14.31615281
31/05/2010 	21.483719  	32.23168   	27.00661   	14.52074573
01/06/2010 	25.226269  	32.13804   	28.60510   	14.70941114
02/06/2010 	27.198389  	32.51143   	30.07439   	15.10625611
03/06/2010 	27.902473  	32.57702   	30.74451   	15.73111961
04/06/2010 	28.358196  	32.63406   	31.20148   	16.30800291
05/06/2010 	28.533218  	32.65614   	31.50295   	16.77291381
06/06/2010 	27.292459  	32.64601   	31.44814   	17.04618752
07/06/2010 	23.368055  	32.10910   	29.33546   	17.35840114
08/06/2010 	23.668098  	30.87384   	28.10434   	17.53311185
09/06/2010 	23.924076  	30.76859   	28.03730   	17.82262814
10/06/2010 	23.932476  	31.66547   	28.52078   	17.96617595
11/06/2010 	24.618818  	32.04810   	29.13509   	18.24470941
12/06/2010 	23.820362  	32.05587   	29.09279   	17.87303809
13/06/2010 	25.370798  	32.25964   	29.60038   	17.48534628
14/06/2010 	25.555313  	32.40658   	29.87300   	17.70615538
15/06/2010 	28.349472  	32.47191   	31.16497   	17.13960230
16/06/2010 	28.930092  	32.49384   	31.37486   	16.77076391
17/06/2010 	30.667427  	32.58628   	32.04529   	16.64157478
18/06/2010 	31.247465  	32.64914   	32.27046   	16.34348528
19/06/2010 	32.072613  	32.61029   	32.33257   	15.29640450
20/06/2010 	32.120205  	32.50139   	32.29735   	13.79365422
21/06/2010 	32.363480  	32.97112   	32.55574   	13.20977940
22/06/2010 	32.525002  	33.03162   	32.82496   	13.82200023
23/06/2010 	32.362526  	33.03375   	32.87718   	15.22886940
24/06/2010 	32.329422  	33.12569   	32.92389   	16.15124627
25/06/2010 	32.095638  	33.17143   	32.93950   	16.58315988
26/06/2010 	31.938456  	33.16787   	32.94540   	17.12380560
27/06/2010 	32.021027  	33.22601   	32.97112   	17.67277396
28/06/2010 	31.893501  	33.20895   	32.98133   	18.69850787
29/06/2010 	31.721062  	33.26872   	32.95453   	19.12264097
30/06/2010 	31.522387  	33.27057   	32.97205   	19.33724805
01/07/2010 	30.598202  	33.27721   	32.58638   	19.76665608
02/07/2010 	30.465937  	33.30161   	32.46265   	20.48763724
03/07/2010 	30.778225  	33.42590   	32.64871   	20.95379559
04/07/2010 	28.956005  	33.49835   	32.17199   	21.21295921
05/07/2010 	28.777893  	33.14764   	31.56634   	21.40493604
06/07/2010 	27.882151  	32.92628   	31.04218   	21.30523098
07/07/2010 	26.916098  	32.78521   	30.85666   	20.62198794
08/07/2010 	27.273685  	32.50764   	30.64561   	20.55005924
09/07/2010 	27.264740  	32.42322   	30.76666   	20.89573872
10/07/2010 	28.564648  	33.12523   	31.20503   	21.61215464
11/07/2010 	28.504776  	33.23141   	31.34589   	22.00771336
12/07/2010 	28.830021  	33.19313   	31.86968   	21.90135634
13/07/2010 	27.545858  	32.87933   	30.66132   	21.59916067
14/07/2010 	28.348324  	32.97037   	31.36785   	21.80215017
15/07/2010 	22.331711  	32.82428   	28.31230   	21.09651697
16/07/2010 	19.776400  	29.93409   	25.20905   	19.74224758
17/07/2010 	19.107389  	29.00946   	24.60489   	19.28346113
18/07/2010 	19.814001  	29.43646   	24.97413   	19.19795986
19/07/2010 	22.080759  	30.56228   	26.60229   	19.76968567
20/07/2010 	23.798292  	30.97458   	28.22265   	20.31220992
21/07/2010 	25.289253  	31.16269   	29.12273   	20.60700901
22/07/2010 	23.874430  	30.81760   	28.44030   	20.58215177
23/07/2010 	24.779758  	30.45798   	28.15682   	20.59592541
24/07/2010 	26.227797  	31.35223   	29.21629   	20.49041649
25/07/2010 	26.204561  	31.55217   	29.74052   	20.52474550
26/07/2010 	26.951618  	31.60535   	30.23880   	20.59595625
27/07/2010 	26.826740  	31.63806   	30.24726   	20.60364914
28/07/2010 	26.858881  	31.69378   	30.39388   	20.71763730
29/07/2010 	27.625759  	31.78789   	30.82320   	20.68938561
30/07/2010 	27.432228  	31.81693   	30.84711   	20.47960830
31/07/2010 	22.216778  	31.70121   	28.88121   	19.78826451
01/08/2010 	22.498211  	31.08860   	27.13592   	19.96044036
02/08/2010 	24.137646  	31.25516   	28.18074   	20.35194806
03/08/2010 	24.239220  	31.19542   	28.26049   	20.47399084
04/08/2010 	21.784172  	30.82965   	27.00101   	20.25857186
05/08/2010 	19.418001  	27.53359   	24.54762   	19.88276656
06/08/2010 	19.784588  	27.37399   	24.36898   	19.62909083
07/08/2010 	18.337173  	28.06096   	24.09255   	19.63602912
08/08/2010 	19.179514  	28.45893   	24.30875   	19.62091374
09/08/2010 	20.730835  	30.21816   	25.64693   	19.75613372
10/08/2010 	18.023432  	30.52448   	25.31808   	19.67788776
11/08/2010 	17.689201  	28.87415   	23.32819   	19.62945004
12/08/2010 	17.883984  	29.49532   	23.83845   	19.60651688
13/08/2010 	17.870144  	29.66466   	23.95083   	19.39119995
14/08/2010 	19.006552  	29.77466   	24.55256   	19.69844210
15/08/2010 	21.072174  	30.88614   	27.65515   	19.62436795
16/08/2010 	23.069138  	30.26185   	27.38557   	19.61042778
17/08/2010 	22.379839  	29.54664   	25.69428   	19.55495608
18/08/2010 	18.974087  	27.36944   	24.22361   	18.86451610
19/08/2010 	19.155340  	26.69839   	23.26565   	18.41828223
20/08/2010 	18.678793  	26.56075   	22.70193   	18.28557682
21/08/2010 	18.582926  	26.18212   	22.43489   	18.59954886
22/08/2010 	16.718533  	24.85276   	21.74149   	19.07545714
23/08/2010 	15.202724  	28.17591   	20.45253   	19.18884834
24/08/2010 	15.825139  	22.96886   	20.34396   	17.58267923
25/08/2010 	18.953514  	23.07773   	21.70945   	16.63571773
26/08/2010 	17.305769  	26.75808   	22.36548   	16.99234164
27/08/2010 	17.946045  	27.73894   	23.99813   	16.85636832
28/08/2010 	19.829115  	27.15897   	24.09826   	16.39754945
29/08/2010 	17.673342  	26.23221   	22.73055   	15.45195282
30/08/2010 	20.458941  	27.00318   	23.59001   	15.23489596
31/08/2010 	19.677887  	28.03049   	24.25913   	15.22386342
01/09/2010 	19.245472  	28.31511   	24.57102   	15.76030568
02/09/2010 	20.259550  	28.36465   	25.35955   	16.13984962
03/09/2010 	20.518032  	28.18206   	25.15493   	16.17717193
04/09/2010 	20.724663  	28.37006   	25.63776   	16.37932082
05/09/2010 	18.934685  	28.66091   	24.85416   	16.30532914
06/09/2010 	19.265196  	29.07734   	24.89154   	15.98631793
07/09/2010 	18.787769  	28.59902   	25.43410   	15.16054694
08/09/2010 	18.709686  	28.67509   	24.82780   	14.95542890
09/09/2010 	17.317196  	28.72387   	24.05097   	15.36421239
10/09/2010 	16.803967  	28.75552   	23.22378   	15.76960607
11/09/2010 	12.751329  	27.15354   	20.32771   	16.18069951
12/09/2010 	13.754143  	26.39063   	19.67369   	16.68367116
13/09/2010 	13.962417  	26.70733   	20.32812   	16.53712877
14/09/2010 	12.577608  	23.63280   	18.21417   	16.55094516
15/09/2010 	17.633587  	22.72476   	20.37436   	15.36600876
16/09/2010 	18.151917  	22.66607   	21.17182   	14.35098996
17/09/2010 	18.926973  	22.93914   	21.10836   	13.56225570
18/09/2010 	18.830509  	22.96549   	20.36764   	12.96692961
19/09/2010 	18.417583  	24.40839   	21.02830   	12.86720691
20/09/2010 	15.700110  	26.35717   	20.82983   	13.53328534
21/09/2010 	14.915199  	24.77812   	19.92587   	14.11134309
22/09/2010 	14.771727  	25.59031   	20.36852   	14.33203820
23/09/2010 	14.870233  	25.75238   	20.72618   	14.69960761
24/09/2010 	15.135755  	26.28480   	21.05325   	15.04179291
25/09/2010 	16.972763  	25.57078   	21.56234   	14.32953338
26/09/2010 	14.824766  	26.08495   	20.06988   	13.87821903
27/09/2010 	15.192517  	26.36951   	20.63117   	14.00888145
28/09/2010 	15.443631  	26.45409   	21.11641   	14.06577472
29/09/2010 	14.356056  	26.22495   	20.54935   	13.70512724
30/09/2010 	12.711405  	25.35146   	20.07128   	13.11564461
01/10/2010 	 9.741798  	23.78534   	17.22131   	13.11814394
02/10/2010 	 8.346069  	18.64106   	14.77503   	13.24605352
03/10/2010 	12.184698  	22.09226   	17.56145   	13.98339272
04/10/2010 	13.148134  	21.40344   	18.09507   	14.55688486
05/10/2010 	13.728053  	22.67582   	18.62467   	15.06978569
06/10/2010 	12.130259  	24.08640   	18.87625   	15.42530572
07/10/2010 	14.097590  	23.57526   	18.72000   	15.48951640
08/10/2010 	15.415969  	25.08983   	20.62567   	15.54464602
09/10/2010 	16.779306  	25.65498   	21.73152   	15.21374740
10/10/2010 	17.780481  	26.61419   	23.26774   	14.66245538
11/10/2010 	18.833006  	26.88593   	24.17453   	14.17268189
12/10/2010 	19.545210  	27.53455   	25.17776   	14.10268390
13/10/2010 	20.735096  	27.80009   	25.13062   	13.87108425
14/10/2010 	22.451147  	28.19830   	25.96822   	13.85889633
15/10/2010 	22.985617  	28.34870   	25.95393   	13.46477727
16/10/2010 	21.164783  	28.39448   	25.88203   	12.45140288
17/10/2010 	23.893490  	29.06826   	27.73691   	12.05683289
18/10/2010 	18.395824  	29.31888   	25.21266   	11.10709314
19/10/2010 	17.930561  	25.40560   	21.12616   	10.03721138
20/10/2010 	17.844997  	25.41574   	20.92746   	 9.65625785
21/10/2010 	19.798664  	28.30240   	23.61040   	 8.61632439
22/10/2010 	23.660013  	29.57201   	26.93851   	 9.03618354
23/10/2010 	20.129528  	28.91324   	24.74485   	 9.18938073
24/10/2010 	18.801044  	26.30934   	22.15792   	 8.88260647
25/10/2010 	21.465244  	28.51335   	25.00893   	 8.41463486
26/10/2010 	18.598373  	27.09706   	24.33576   	 8.01058297
27/10/2010 	14.246518  	25.61780   	19.39943   	 8.35476332
28/10/2010 	16.591993  	23.54650   	19.82949   	 9.32001489
29/10/2010 	14.185694  	21.63048   	18.41875   	 9.77030931
30/10/2010 	12.704974  	22.52612   	18.56226   	 9.84671434
31/10/2010 	13.908410  	23.84102   	19.99345   	 9.96881815
01/11/2010 	16.969131  	23.71229   	20.85522   	10.01114313
02/11/2010 	12.438937  	23.57465   	18.33639   	 9.98934543
03/11/2010 	14.013025  	20.09476   	18.10920   	10.55524180
04/11/2010 	14.186326  	24.78482   	21.33647   	11.37129756
05/11/2010 	22.329733  	25.24388   	24.20444   	12.21273464
06/11/2010 	20.907806  	24.75154   	23.68592   	11.85804772
07/11/2010 	19.314247  	26.00085   	23.40817   	11.37071892
08/11/2010 	19.441517  	26.13877   	23.30099   	10.20885136
09/11/2010 	20.515896  	26.99161   	24.76011   	 9.19834103
10/11/2010 	19.552631  	27.43904   	25.14503   	 8.70517136
11/11/2010 	15.060485  	27.06734   	20.91407   	 7.57763020
12/11/2010 	18.170002  	25.37837   	22.87167   	 8.12101424
13/11/2010 	22.376900  	27.78626   	24.88623   	 8.57128249
14/11/2010 	22.534706  	26.20615   	24.75128   	 8.60623519
15/11/2010 	20.178949  	25.39543   	22.96634   	 8.38970420
16/11/2010 	19.042089  	25.38215   	23.02142   	 8.10990218
17/11/2010 	18.961308  	26.11651   	23.39459   	 7.56872606
18/11/2010 	15.933906  	26.30651   	22.87404   	 7.15763728
19/11/2010 	17.809872  	26.07595   	22.18961   	 6.98600954
20/11/2010 	17.929178  	26.20439   	22.28892   	 7.00461408
21/11/2010 	17.616163  	27.59875   	22.90004   	 6.94413678
22/11/2010 	20.891991  	28.48469   	25.35114   	 6.90432433
23/11/2010 	22.179325  	28.67645   	26.37335   	 6.76580960
24/11/2010 	22.059189  	28.41186   	25.86579   	 6.11363961
25/11/2010 	20.816492  	28.48577   	25.14638   	 5.66423763
26/11/2010 	21.424232  	28.53137   	25.25740   	 5.13325781
27/11/2010 	20.309921  	28.15452   	23.89935   	 4.47204696
28/11/2010 	17.717043  	28.25091   	23.68811   	 3.89648249
29/11/2010 	21.034719  	28.21913   	25.38906   	 3.44615626
30/11/2010 	23.584612  	28.94158   	27.14211   	 3.25949074
01/12/2010 	25.259315  	29.45306   	28.04026   	 2.44696378
02/12/2010 	25.923981  	29.62323   	28.87630   	 2.19525843
03/12/2010 	26.992407  	30.01916   	29.00520   	 2.18466373
04/12/2010 	18.422022  	29.77037   	24.60068   	 0.82555423
05/12/2010 	16.595940  	25.36066   	20.53864   	 0.74434798
06/12/2010 	17.743923  	27.79000   	22.49745   	 1.11170526
07/12/2010 	19.676298  	28.46972   	24.19123   	 0.97006561
08/12/2010 	21.365683  	29.24994   	25.87744   	 1.04699076
09/12/2010 	24.091814  	29.27911   	26.78121   	 1.37591422
10/12/2010 	22.095182  	27.14177   	25.00345   	 1.36371693
11/12/2010 	23.888538  	27.30289   	25.85696   	 2.64662074
12/12/2010 	24.822895  	28.12574   	26.90869   	 3.66366120
13/12/2010 	27.095758  	30.23859   	28.73917   	 3.79088492
14/12/2010 	28.360582  	30.36405   	29.43134   	 3.11408328
15/12/2010 	28.197058  	30.38458   	29.41713   	 2.32374840
16/12/2010 	24.079214  	29.79428   	27.97326   	 2.28041595
17/12/2010 	20.370596  	29.79517   	27.13473   	 1.88848284
18/12/2010 	16.677965  	28.76381   	24.67523   	 1.38591239
19/12/2010 	18.183809  	29.33187   	25.02084   	 0.62122992
20/12/2010 	22.650291  	29.70841   	26.98786   	 0.35633093
21/12/2010 	18.968069  	29.13307   	25.05107   	-0.05628182
22/12/2010 	22.227644  	30.24449   	27.07969   	-0.24716262
23/12/2010 	24.347109  	30.44979   	28.08949   	-0.04779455
24/12/2010 	26.940798  	30.81572   	29.67620   	 0.38262818
25/12/2010 	28.742514  	30.89660   	30.01159   	 0.05302110
26/12/2010 	27.884676  	30.68481   	29.76597   	 0.03682622
27/12/2010 	25.598259  	30.82711   	28.87878   	 0.36090569
28/12/2010 	21.596565  	30.87789   	26.92713   	 0.12000227
29/12/2010 	21.395088  	30.34172   	26.93644   	-0.07470398
30/12/2010 	24.193563  	30.55498   	27.64300   	 0.11000725
31/12/2010 	23.373228  	30.15347   	27.48850   	 0.40382928
