date	smin	smax	smean	tmean
01/01/2009 	29.24413   	32.00462   	30.52061   	 3.30796155
02/01/2009 	28.52602   	32.05548   	30.47393   	 3.23205962
03/01/2009 	29.68281   	31.95234   	30.87965   	 3.19297753
04/01/2009 	28.35984   	32.29771   	30.34580   	 3.10381543
05/01/2009 	27.25430   	32.04167   	30.18110   	 2.92144207
06/01/2009 	30.35671   	31.85893   	31.18602   	 2.70020343
07/01/2009 	29.54937   	32.38670   	31.18670   	 2.55601692
08/01/2009 	29.53303   	32.05737   	31.02895   	 2.38562770
09/01/2009 	28.10587   	32.23031   	30.75800   	 2.12781095
10/01/2009 	28.42457   	32.23048   	30.79414   	 1.93309131
11/01/2009 	25.56281   	32.29955   	29.34097   	 1.32292788
12/01/2009 	20.07500   	30.92800   	25.50359   	 0.66604760
13/01/2009 	21.04055   	29.25916   	24.96134   	 1.43584047
14/01/2009 	20.79995   	29.23567   	25.37784   	 1.77353136
15/01/2009 	21.79121   	29.22556   	25.42189   	 1.85275583
16/01/2009 	21.35540   	28.04955   	25.52980   	 1.83929557
17/01/2009 	18.12111   	29.20177   	23.71046   	 1.91526036
18/01/2009 	16.51341   	27.47952   	21.55478   	 2.30804547
19/01/2009 	21.72039   	28.81947   	24.01748   	 2.99439383
20/01/2009 	21.93618   	24.81640   	23.62565   	 3.11162318
21/01/2009 	23.01054   	24.88202   	23.83239   	 3.06262166
22/01/2009 	19.68496   	24.90341   	22.84988   	 2.58068316
23/01/2009 	20.39715   	28.10454   	25.46890   	 2.60583666
24/01/2009 	22.71914   	27.29330   	24.72474   	 2.92721259
25/01/2009 	22.12925   	26.58253   	24.61321   	 3.01729527
26/01/2009 	23.89555   	28.58713   	26.01261   	 2.84144002
27/01/2009 	24.19367   	28.66855   	26.32919   	 2.59725459
28/01/2009 	25.20214   	29.67699   	27.01657   	 2.42338636
29/01/2009 	23.73196   	29.27207   	26.95530   	 2.14395653
30/01/2009 	25.12535   	29.14945   	26.81558   	 1.84040383
31/01/2009 	25.79399   	29.20794   	27.09785   	 1.53537437
01/02/2009 	26.33405   	29.26559   	27.76432   	 1.35254338
02/02/2009 	27.10415   	29.70985   	28.43384   	 1.14644078
03/02/2009 	28.09281   	30.01393   	28.91946   	 1.13152449
04/02/2009 	28.39053   	30.20588   	29.15474   	 1.23426818
05/02/2009 	28.59199   	30.16312   	29.31345   	 1.27582915
06/02/2009 	27.25043   	30.08565   	28.79005   	 1.40870791
07/02/2009 	26.92662   	30.52415   	28.93641   	 1.56923547
08/02/2009 	26.59832   	30.91465   	29.14749   	 1.64726573
09/02/2009 	24.88967   	31.02088   	28.61447   	 1.70693071
10/02/2009 	25.24201   	31.12347   	29.08228   	 1.84538145
11/02/2009 	24.35701   	31.11808   	28.82452   	 1.95525706
12/02/2009 	25.25416   	31.35627   	29.20034   	 2.11861944
13/02/2009 	25.60552   	31.29553   	29.32648   	 2.29647126
14/02/2009 	26.46972   	31.40664   	29.58728   	 2.30150389
15/02/2009 	26.06379   	31.33999   	29.47953   	 2.34007646
16/02/2009 	25.78536   	31.21358   	29.31719   	 2.53649036
17/02/2009 	26.90070   	31.10213   	29.29259   	 2.80774980
18/02/2009 	26.03530   	30.37355   	28.36606   	 2.90114581
19/02/2009 	23.94256   	29.36061   	27.21934   	 2.78848173
20/02/2009 	24.43463   	28.99622   	27.05454   	 2.88388197
21/02/2009 	24.21395   	29.73238   	27.10763   	 3.00906536
22/02/2009 	22.53931   	30.40513   	27.06690   	 3.24303627
23/02/2009 	19.72425   	30.40867   	26.96668   	 3.50023494
24/02/2009 	22.79167   	30.51823   	27.72886   	 3.64576385
25/02/2009 	20.27139   	30.88626   	27.17438   	 3.80897682
26/02/2009 	21.13013   	31.10843   	27.38693   	 4.07766928
27/02/2009 	19.13013   	30.82165   	26.55020   	 4.46706415
28/02/2009 	20.33489   	31.07506   	27.09305   	 4.68260804
01/03/2009 	24.05376   	31.05428   	28.01270   	 4.71199886
02/03/2009 	23.26818   	31.08144   	28.25725   	 4.84072028
03/03/2009 	20.46421   	30.45116   	26.44808   	 4.99794352
04/03/2009 	18.30868   	28.41622   	23.00953   	 4.97519773
05/03/2009 	22.01914   	27.86795   	25.33724   	 4.90828369
06/03/2009 	21.58716   	27.47795   	25.27718   	 4.94341684
07/03/2009 	20.88401   	28.35710   	26.16524   	 4.82277807
08/03/2009 	19.45407   	28.45276   	24.43245   	 4.93770549
09/03/2009 	18.87320   	28.11790   	24.03100   	 4.97333073
10/03/2009 	16.91348   	28.53490   	23.31534   	 4.91838091
11/03/2009 	19.22072   	28.81579   	24.91800   	 4.89052300
12/03/2009 	19.07076   	30.58220   	25.14297   	 5.02404166
13/03/2009 	21.03863   	29.78250   	26.56277   	 5.18448248
14/03/2009 	20.48123   	30.69816   	26.25265   	 5.36138615
15/03/2009 	20.18560   	30.60505   	27.06279   	 5.52047682
16/03/2009 	22.39108   	30.06747   	26.95136   	 5.80397555
17/03/2009 	24.74616   	30.05481   	27.76829   	 5.95111693
18/03/2009 	24.17877   	29.50277   	27.21432   	 6.15258064
19/03/2009 	25.34084   	29.49688   	27.68865   	 6.19911602
20/03/2009 	24.18222   	29.05268   	27.07852   	 6.34783497
21/03/2009 	23.22495   	28.89666   	26.98907   	 6.35946066
22/03/2009 	23.55544   	29.40981   	26.67040   	 6.32864813
23/03/2009 	22.69248   	29.83417   	26.65619   	 6.41335965
24/03/2009 	22.25410   	30.28430   	27.19399   	 6.16747980
25/03/2009 	18.06239   	30.54861   	25.67665   	 6.19628545
26/03/2009 	16.34320   	29.49561   	24.97559   	 6.21605171
27/03/2009 	17.26522   	29.36539   	25.02811   	 6.20191130
28/03/2009 	18.67907   	29.29108   	24.94283   	 6.14841791
29/03/2009 	17.75360   	28.73631   	25.16414   	 6.23136634
30/03/2009 	21.07022   	29.51246   	25.95003   	 6.20614252
31/03/2009 	20.41495   	29.51032   	25.86541   	 6.39037186
01/04/2009 	22.04659   	28.85707   	26.38241   	 6.70714211
02/04/2009 	24.18060   	28.94926   	27.00892   	 7.09458921
03/04/2009 	24.62915   	29.18551   	27.30240   	 7.41542229
04/04/2009 	21.62751   	28.81684   	26.54183   	 7.77527089
05/04/2009 	21.56590   	29.00700   	26.25844   	 7.94862745
06/04/2009 	21.46483   	29.45077   	26.56997   	 8.03504292
07/04/2009 	21.79488   	29.78997   	26.80647   	 8.20466246
08/04/2009 	20.33166   	28.85622   	24.99528   	 8.48069096
09/04/2009 	17.63168   	28.62372   	24.27616   	 8.58183704
10/04/2009 	20.28914   	29.42356   	25.37109   	 8.85074101
11/04/2009 	22.62236   	29.50160   	26.62014   	 9.11685558
12/04/2009 	24.56862   	29.46415   	27.37269   	 9.30843423
13/04/2009 	25.30673   	29.56039   	27.72372   	 9.48011367
14/04/2009 	25.94429   	29.81945   	28.05215   	 9.60070884
15/04/2009 	26.40256   	29.97999   	28.32677   	 9.84288832
16/04/2009 	26.19804   	29.93375   	28.35734   	10.19556409
17/04/2009 	26.69139   	29.69800   	28.30707   	10.39873018
18/04/2009 	27.13030   	29.67687   	28.45996   	10.36848281
19/04/2009 	27.13241   	29.31404   	28.36661   	10.50349585
20/04/2009 	27.23583   	29.60165   	28.40063   	10.73758616
21/04/2009 	27.03842   	30.03299   	28.63062   	10.95042143
22/04/2009 	27.51241   	31.10865   	29.32877   	10.87620747
23/04/2009 	27.72139   	31.42805   	29.55773   	10.94427119
24/04/2009 	28.23199   	31.81752   	30.04266   	11.06174626
25/04/2009 	28.87289   	32.44085   	30.55402   	11.18812809
26/04/2009 	29.18510   	32.30618   	30.77983   	11.37773514
27/04/2009 	29.33629   	32.31371   	30.93870   	11.51063432
28/04/2009 	29.87922   	32.27509   	31.09024   	11.59788932
29/04/2009 	29.69361   	32.15646   	31.05141   	11.78904849
30/04/2009 	29.58666   	31.94787   	30.98715   	12.12037295
01/05/2009 	29.43739   	31.88507   	31.01228   	12.56492070
02/05/2009 	30.16192   	31.89564   	31.13782   	12.81775628
03/05/2009 	28.94813   	31.71505   	30.83154   	13.00235210
04/05/2009 	27.10818   	31.67932   	30.47946   	12.73568708
05/05/2009 	27.89791   	31.57766   	30.16940   	12.28272442
06/05/2009 	27.04353   	31.39621   	29.66963   	11.95708444
07/05/2009 	26.17937   	31.14548   	29.11001   	12.14445098
08/05/2009 	25.96605   	30.95878   	28.97162   	12.32665906
09/05/2009 	24.62188   	30.45955   	27.92626   	12.35722244
10/05/2009 	25.54768   	30.53754   	28.69041   	12.56939026
11/05/2009 	26.80290   	30.48094   	29.20516   	12.73999170
12/05/2009 	28.44730   	30.61219   	29.90251   	12.68271573
13/05/2009 	29.74459   	30.92563   	30.31651   	12.75634307
14/05/2009 	29.96096   	31.32597   	30.47061   	12.79483134
15/05/2009 	29.90319   	31.29894   	30.48452   	12.87380942
16/05/2009 	26.47131   	30.43550   	29.35980   	13.09759482
17/05/2009 	25.74674   	30.50934   	28.22025   	13.30608189
18/05/2009 	23.33150   	29.09627   	26.25576   	13.50148364
19/05/2009 	23.21235   	28.64822   	25.51464   	13.66532713
20/05/2009 	23.34179   	28.99480   	26.19992   	13.74204669
21/05/2009 	23.29674   	29.75168   	27.38386   	13.87086654
22/05/2009 	24.70951   	30.28323   	28.09616   	13.96636415
23/05/2009 	25.51789   	30.39384   	28.50190   	14.21661500
24/05/2009 	27.12482   	31.20464   	29.38414   	14.49360611
25/05/2009 	28.16427   	31.31668   	29.91086   	14.87578942
26/05/2009 	28.11203   	31.53697   	30.17982   	15.19990444
27/05/2009 	25.48938   	31.40742   	28.96374   	15.18384103
28/05/2009 	23.62565   	31.05835   	27.76891   	15.02936029
29/05/2009 	24.97555   	30.85862   	28.55509   	15.50599190
30/05/2009 	26.89460   	31.05391   	29.45178   	15.76333972
31/05/2009 	28.68138   	31.26380   	30.17594   	15.92547284
01/06/2009 	29.40615   	31.37626   	30.45104   	16.23454984
02/06/2009 	29.73780   	31.54809   	30.65456   	16.21699131
03/06/2009 	29.69720   	31.94377   	30.98452   	15.69229376
04/06/2009 	29.44920   	32.11376   	31.08821   	14.96362634
05/06/2009 	29.14065   	32.44248   	31.23941   	14.27417787
06/06/2009 	29.28115   	32.44914   	31.48643   	14.14452070
07/06/2009 	30.96340   	32.68978   	32.00756   	14.35920948
08/06/2009 	30.80451   	32.71432   	31.95350   	14.69602279
09/06/2009 	30.35221   	32.83218   	31.86802   	15.11390942
10/06/2009 	28.75979   	32.67344   	31.22042   	15.40584689
11/06/2009 	29.90674   	32.77599   	31.64195   	15.64682959
12/06/2009 	29.79153   	32.75201   	31.70262   	15.86298362
13/06/2009 	29.56948   	32.69992   	31.61187   	16.18850843
14/06/2009 	29.71368   	32.70444   	31.64662   	16.47597378
15/06/2009 	29.97834   	32.62687   	31.57901   	16.79973853
16/06/2009 	30.64264   	32.59314   	31.82113   	16.91527756
17/06/2009 	29.39710   	32.39850   	31.47012   	17.21822838
18/06/2009 	27.93221   	32.50724   	31.36874   	16.97238346
19/06/2009 	26.39132   	32.31308   	30.30276   	16.94295919
20/06/2009 	23.66138   	32.24401   	29.61251   	16.77304025
21/06/2009 	25.49454   	32.32438   	30.35630   	16.64945718
22/06/2009 	27.30055   	32.36752   	31.03856   	16.65488509
23/06/2009 	30.01219   	32.34609   	31.72952   	16.92216758
24/06/2009 	30.45372   	32.30954   	31.91098   	17.26592020
25/06/2009 	30.91619   	32.35367   	31.96802   	17.57554471
26/06/2009 	31.14682   	32.37299   	31.97632   	17.97256784
27/06/2009 	31.18087   	32.42854   	31.94831   	18.36888488
28/06/2009 	31.21417   	32.52331   	31.98923   	18.74734974
29/06/2009 	31.31984   	32.50246   	32.06144   	19.34143372
30/06/2009 	31.57624   	32.46952   	32.13323   	19.91767963
01/07/2009 	31.91092   	32.46298   	32.20958   	20.23868163
02/07/2009 	32.05173   	32.52996   	32.28805   	20.29469168
03/07/2009 	32.04363   	32.59010   	32.35587   	20.45735578
04/07/2009 	31.82431   	32.58759   	32.29541   	20.96505241
05/07/2009 	31.87568   	32.69854   	32.36064   	21.13444567
06/07/2009 	30.09094   	32.77552   	31.97258   	21.21720954
07/07/2009 	26.35720   	32.56544   	30.35224   	20.66311268
08/07/2009 	27.12196   	32.61947   	30.57139   	20.12825950
09/07/2009 	26.16257   	32.64745   	30.52283   	19.35094933
10/07/2009 	26.12327   	32.58814   	30.43612   	18.04503711
11/07/2009 	25.55246   	32.39154   	29.91683   	17.57680662
12/07/2009 	26.57833   	32.25323   	30.18954   	17.89074576
13/07/2009 	26.85123   	32.09100   	30.01462   	18.22030449
14/07/2009 	27.54434   	31.85012   	30.19179   	18.91285515
15/07/2009 	27.60425   	31.70042   	29.99288   	19.56933387
16/07/2009 	24.03796   	31.19233   	28.22880   	19.71358732
17/07/2009 	27.34167   	31.17915   	29.60436   	19.85811106
18/07/2009 	24.16572   	30.06232   	27.58005   	19.24376623
19/07/2009 	24.28319   	29.21694   	26.23170   	18.68750970
20/07/2009 	23.33941   	28.64266   	25.74212   	18.42046956
21/07/2009 	23.34470   	29.18236   	26.40784   	18.51297275
22/07/2009 	24.61783   	30.00339   	27.50060   	18.84806053
23/07/2009 	25.47985   	30.63578   	28.10858   	19.08585536
24/07/2009 	24.48634   	30.78249   	28.06672   	19.08915377
25/07/2009 	24.66508   	31.15620   	28.21007   	19.07731366
26/07/2009 	25.11843   	30.90217   	28.29258   	19.25285439
27/07/2009 	26.37977   	30.78452   	29.01148   	19.50268320
28/07/2009 	26.11876   	30.64269   	28.95350   	19.51932283
29/07/2009 	27.24410   	30.38882   	29.08569   	19.64573173
30/07/2009 	25.65410   	30.25487   	28.61843   	19.47216547
31/07/2009 	24.37451   	29.77881   	27.55373   	18.85443270
01/08/2009 	26.56843   	29.57790   	28.39194   	18.85445627
02/08/2009 	27.04472   	30.20028   	28.90865   	19.01479534
03/08/2009 	26.39989   	30.29432   	28.71136   	19.08775699
04/08/2009 	26.58831   	30.50918   	28.86877   	19.33149354
05/08/2009 	27.20527   	30.84272   	29.30793   	19.70320872
06/08/2009 	28.00628   	31.33916   	29.90652   	20.17386115
07/08/2009 	28.18535   	31.35031   	30.09120   	20.50405351
08/08/2009 	28.50467   	31.34407   	30.30225   	20.65449397
09/08/2009 	29.42523   	31.50496   	30.55968   	20.70777174
10/08/2009 	29.64234   	31.46284   	30.69959   	20.85305305
11/08/2009 	29.86648   	31.46097   	30.80934   	20.98150806
12/08/2009 	29.57874   	31.42675   	30.76688   	20.99501363
13/08/2009 	29.89713   	31.46654   	30.88558   	20.82380493
14/08/2009 	30.10726   	31.42836   	30.89439   	20.84192268
15/08/2009 	27.76262   	31.29997   	29.92029   	20.45510995
16/08/2009 	26.10216   	31.20468   	29.25265   	20.28793645
17/08/2009 	26.74707   	31.12273   	29.61407   	20.21663892
18/08/2009 	25.97947   	31.32085   	29.62190   	19.98118083
19/08/2009 	27.06067   	31.45832   	30.03064   	19.99337657
20/08/2009 	28.59423   	31.62041   	30.55560   	20.14382831
21/08/2009 	26.32130   	31.67703   	29.85889   	20.13937068
22/08/2009 	26.57735   	31.71133   	29.93721   	20.04020210
23/08/2009 	27.55794   	31.71913   	30.32850   	20.26391260
24/08/2009 	29.13431   	31.60120   	30.83811   	20.34618898
25/08/2009 	30.06114   	31.55836   	31.07899   	20.57200706
26/08/2009 	27.95263   	31.46062   	30.35205   	20.19210617
27/08/2009 	27.32743   	31.16671   	29.48926   	19.80642871
28/08/2009 	25.74596   	30.55177   	27.78888   	18.77870532
29/08/2009 	26.21775   	29.12832   	27.38159   	17.38872190
30/08/2009 	25.98416   	28.61867   	27.12635   	16.46463207
31/08/2009 	25.98560   	28.67943   	27.04389   	16.21397007
01/09/2009 	26.00624   	29.08787   	27.41995   	16.58972247
02/09/2009 	24.45832   	28.52228   	26.61395   	16.88067993
03/09/2009 	22.75958   	28.62387   	25.50831   	16.71544321
04/09/2009 	25.40292   	29.43910   	27.62160   	16.05798537
05/09/2009 	27.61358   	29.52615   	28.50806   	15.83825386
06/09/2009 	27.44245   	28.60792   	28.21464   	15.79677069
07/09/2009 	27.42902   	28.69640   	28.18209   	15.82192516
08/09/2009 	27.45810   	29.39737   	28.31718   	16.16791473
09/09/2009 	27.81607   	30.96617   	29.09783   	16.83723585
10/09/2009 	26.88634   	30.08052   	28.80213   	17.01662183
11/09/2009 	28.30336   	30.34612   	29.39402   	17.20933000
12/09/2009 	28.82572   	30.58095   	29.79960   	17.33899685
13/09/2009 	29.39763   	30.86254   	30.20657   	17.28269978
14/09/2009 	29.35420   	30.65124   	30.17351   	16.92828977
15/09/2009 	29.48853   	30.99819   	30.29678   	16.72015587
16/09/2009 	29.55511   	31.19757   	30.60987   	16.66502361
17/09/2009 	29.80450   	31.43865   	30.84450   	16.47774967
18/09/2009 	30.24788   	31.93088   	31.11406   	16.55604410
19/09/2009 	30.43398   	32.35474   	31.36211   	16.72444121
20/09/2009 	30.63144   	32.82342   	31.64069   	17.03030618
21/09/2009 	29.83695   	32.79345   	31.64541   	17.06381631
22/09/2009 	30.47284   	32.99751   	31.89773   	17.07385480
23/09/2009 	30.53074   	32.99477   	32.04394   	17.03398959
24/09/2009 	30.68980   	32.93949   	32.22408   	17.04224583
25/09/2009 	31.33841   	32.91674   	32.39776   	17.01323982
26/09/2009 	32.17851   	32.94559   	32.53808   	16.98951042
27/09/2009 	32.31331   	32.85790   	32.54819   	17.00621871
28/09/2009 	32.06750   	32.86499   	32.51942   	17.01430682
29/09/2009 	31.44542   	32.93198   	32.23948   	16.78147459
30/09/2009 	31.21535   	32.91635   	32.27856   	16.64848439
01/10/2009 	31.48228   	33.12755   	32.65453   	16.43027918
02/10/2009 	30.82486   	33.17719   	32.46040   	15.61970323
03/10/2009 	30.22135   	33.15666   	32.17798   	14.45084689
04/10/2009 	31.62340   	32.93217   	32.48918   	13.10063354
05/10/2009 	28.98186   	33.01961   	31.85304   	12.83100778
06/10/2009 	29.94169   	32.88871   	32.33484   	12.97164559
07/10/2009 	27.27954   	32.91189   	31.38886   	13.42110103
08/10/2009 	28.02203   	32.81395   	31.61976   	13.50594920
09/10/2009 	30.09896   	32.81084   	31.98084   	13.33274152
10/10/2009 	31.15321   	32.73658   	32.30489   	13.05245622
11/10/2009 	29.82089   	32.73251   	31.99897   	12.89031919
12/10/2009 	28.66390   	32.79773   	31.73478   	12.52104827
13/10/2009 	29.84051   	32.82775   	32.29148   	12.14596726
14/10/2009 	30.44135   	32.98812   	32.50511   	12.08868303
15/10/2009 	31.65154   	33.21143   	32.68113   	11.92369656
16/10/2009 	30.80426   	33.40104   	32.67585   	11.46303699
17/10/2009 	31.86824   	33.37882   	32.82672   	10.88191603
18/10/2009 	32.05111   	33.44041   	33.02889   	10.67111780
19/10/2009 	32.56560   	33.61950   	33.21179   	10.97539951
20/10/2009 	32.23006   	33.61069   	33.18761   	10.54442785
21/10/2009 	32.81229   	33.59565   	33.18843   	 9.91633844
22/10/2009 	31.84559   	33.64196   	32.84118   	 9.35810093
23/10/2009 	30.43538   	33.63992   	32.40658   	 9.30374696
24/10/2009 	29.51581   	33.51740   	31.26520   	 9.36590572
25/10/2009 	24.90461   	32.27818   	27.49723   	 9.99831291
26/10/2009 	24.99013   	30.79620   	27.01253   	10.75406714
27/10/2009 	26.83869   	28.68881   	27.39728   	11.04510899
28/10/2009 	27.10697   	29.07725   	27.97108   	11.03036932
29/10/2009 	27.19818   	30.08506   	28.59017   	11.04054147
30/10/2009 	27.18704   	29.95447   	28.66783   	11.05152637
31/10/2009 	27.59958   	30.37321   	29.16305   	10.95434139
01/11/2009 	27.95778   	31.14628   	29.39458   	11.06912279
02/11/2009 	24.48803   	30.96283   	28.21789   	11.31392497
03/11/2009 	25.27212   	31.20611   	27.99144   	10.96990428
04/11/2009 	23.86908   	30.35648   	27.56829   	10.57980539
05/11/2009 	24.36686   	29.73950   	27.43163   	10.21292510
06/11/2009 	24.29658   	29.30650   	27.16311   	10.03374956
07/11/2009 	23.35947   	29.23220   	26.79207   	 9.79257172
08/11/2009 	24.97241   	29.28690   	27.37295   	 9.69075165
09/11/2009 	25.57939   	29.35616   	27.89420   	 9.55796943
10/11/2009 	27.31053   	30.05803   	28.90581   	 9.69536865
11/11/2009 	26.76512   	30.46508   	28.84657   	 9.64728794
12/11/2009 	25.40589   	30.34922   	28.04356   	 9.33180465
13/11/2009 	21.46709   	29.68396   	26.48495   	 9.31368448
14/11/2009 	21.29424   	28.94317   	24.93770   	10.03861469
15/11/2009 	23.83121   	27.05704   	25.37791   	10.20668646
16/11/2009 	24.32731   	27.53914   	25.93218   	10.14524535
17/11/2009 	23.92866   	27.85786   	26.05525   	10.18879086
18/11/2009 	25.87928   	28.22296   	26.85837   	10.03269515
19/11/2009 	27.22662   	29.98596   	28.85987   	10.95097170
20/11/2009 	28.08705   	29.89573   	29.26944   	10.27618402
21/11/2009 	27.19809   	29.52436   	28.78495   	10.24608854
22/11/2009 	24.57920   	29.35353   	27.31558   	10.51906143
23/11/2009 	27.06717   	28.93897   	28.00366   	10.18072846
24/11/2009 	28.83360   	29.87229   	29.46733   	10.04503540
25/11/2009 	28.94727   	29.96619   	29.72172   	10.42180135
26/11/2009 	28.91339   	30.22170   	29.85491   	 9.63234729
27/11/2009 	30.12069   	30.48882   	30.31779   	 9.16040774
28/11/2009 	29.62011   	30.44032   	30.29186   	 8.50425271
29/11/2009 	29.25067   	30.36170   	29.86849   	 8.22920310
30/11/2009 	28.94194   	29.98170   	29.57862   	 8.23091928
01/12/2009 	27.34154   	29.84352   	29.19891   	 7.86884709
02/12/2009 	28.61346   	29.85548   	29.45725   	 7.44060580
03/12/2009 	24.57302   	29.60142   	28.05371   	 7.04486164
04/12/2009 	21.39083   	29.01172   	25.89081   	 7.04598673
05/12/2009 	20.16663   	28.51453   	24.77655   	 6.90081103
06/12/2009 	20.00544   	27.89293   	23.89099   	 7.22397220
07/12/2009 	21.54730   	27.58701   	24.52677   	 7.72448912
08/12/2009 	22.44570   	27.61242   	25.04111   	 7.73204210
09/12/2009 	21.21953   	27.24230   	24.30856   	 7.63705255
10/12/2009 	21.59485   	27.78284   	25.06953   	 7.78855769
11/12/2009 	19.88394   	27.96192   	25.61757   	 8.00606987
12/12/2009 	23.78835   	28.45864   	26.75544   	 7.93162563
13/12/2009 	24.46023   	28.64420   	27.32796   	 7.57940267
14/12/2009 	25.86818   	29.32136   	27.86597   	 7.33295981
15/12/2009 	26.52584   	29.84102   	28.10535   	 6.75849970
16/12/2009 	24.56638   	30.02197   	27.67726   	 6.09609931
17/12/2009 	19.21984   	29.37040   	25.28220   	 5.22057475
18/12/2009 	21.32163   	29.87085   	26.20415   	 4.85860010
19/12/2009 	24.30462   	30.64132   	27.68432   	 4.69626070
20/12/2009 	16.61896   	30.28061   	23.72514   	 2.88462567
21/12/2009 	15.09721   	28.06155   	20.84025   	 2.24965449
22/12/2009 	19.08625   	27.30233   	23.23336   	 2.48718044
23/12/2009 	17.63967   	27.53967   	22.20161   	 2.34932721
24/12/2009 	19.11014   	26.24985   	22.93382   	 2.40216816
25/12/2009 	21.44684   	26.53884   	24.55747   	 2.89723094
26/12/2009 	20.11524   	25.82717   	22.82470   	 3.29236002
27/12/2009 	20.10803   	25.24640   	22.10456   	 3.71641373
28/12/2009 	19.93078   	25.56372   	22.64153   	 3.85685578
29/12/2009 	19.97801   	26.47182   	24.12527   	 3.96461871
30/12/2009 	22.20776   	27.46424   	25.21908   	 3.82999468
31/12/2009 	22.94127   	28.12596   	25.88422   	 3.67616953
01/01/2010 	23.42022   	29.97667   	27.02529   	 3.69060780
02/01/2010 	23.80053   	29.62633   	27.38460   	 3.53169841
03/01/2010 	24.87364   	30.99579   	27.76626   	 3.28696261
04/01/2010 	23.87642   	31.56323   	28.28262   	 3.27974346
05/01/2010 	23.35619   	31.62018   	28.11688   	 3.27278356
06/01/2010 	21.59164   	31.05426   	26.91727   	 3.01304597
07/01/2010 	21.76567   	30.97984   	26.70192   	 2.91111440
08/01/2010 	23.50729   	30.28969   	27.25540   	 2.74033304
09/01/2010 	25.47217   	29.74539   	28.12426   	 2.31932871
10/01/2010 	27.62522   	29.68651   	28.32505   	 2.06323945
11/01/2010 	27.95623   	29.87075   	28.89147   	 2.04657137
12/01/2010 	27.79353   	29.86083   	28.94442   	 1.83105584
13/01/2010 	27.84276   	30.22544   	28.76728   	 1.02423103
14/01/2010 	27.57360   	30.79773   	28.95076   	 0.69409649
15/01/2010 	25.35194   	30.29758   	28.32018   	 0.53221485
16/01/2010 	24.85271   	29.16589   	27.35921   	 0.36014683
17/01/2010 	25.29371   	31.01524   	28.21861   	 0.80965835
18/01/2010 	23.78583   	30.69364   	27.57458   	 0.92475669
19/01/2010 	24.28836   	30.50932   	27.84043   	 1.22196257
20/01/2010 	25.37508   	30.28879   	27.96944   	 1.31891400
21/01/2010 	27.09250   	30.58428   	28.83239   	 1.48182328
22/01/2010 	26.17351   	29.93543   	27.90797   	 1.09234292
23/01/2010 	24.49218   	29.94760   	27.28805   	 1.03853550
24/01/2010 	23.47704   	29.39337   	26.31295   	 0.92003635
25/01/2010 	23.92932   	28.85271   	26.52388   	 0.87581445
26/01/2010 	24.91126   	28.88856   	27.17984   	 0.66993888
27/01/2010 	25.39850   	29.72556   	27.66789   	 0.64242013
28/01/2010 	25.10033   	30.72484   	28.49476   	 1.26553975
29/01/2010 	21.86993   	31.18727   	28.24787   	 1.46779085
30/01/2010 	23.95431   	31.29801   	29.02936   	 1.57939011
31/01/2010 	24.86796   	31.48377   	29.13611   	 1.64018418
01/02/2010 	23.28394   	31.43940   	28.64510   	 1.70546966
02/02/2010 	21.26721   	31.66853   	27.77473   	 1.75659683
03/02/2010 	20.53735   	31.66084   	27.89041   	 1.92657116
04/02/2010 	21.90018   	31.19803   	27.49508   	 1.92341841
05/02/2010 	23.02529   	30.79061   	27.68293   	 1.97083362
06/02/2010 	24.16882   	30.66212   	27.93962   	 2.10905716
07/02/2010 	24.73583   	29.91764   	27.60828   	 2.08844826
08/02/2010 	25.81402   	29.71417   	28.08525   	 1.90304479
09/02/2010 	27.40427   	30.23065   	29.01573   	 1.69313998
10/02/2010 	27.07402   	30.25144   	28.89699   	 1.38812149
11/02/2010 	27.10988   	30.75546   	29.13836   	 1.15957520
12/02/2010 	28.63251   	31.14296   	29.81205   	 1.02392012
13/02/2010 	28.71617   	31.47674   	30.12545   	 0.79819898
14/02/2010 	29.19348   	31.90640   	30.55926   	 0.65383610
15/02/2010 	29.54554   	31.93423   	30.75076   	 0.43951423
16/02/2010 	25.99055   	31.63208   	29.86641   	 0.02111686
17/02/2010 	25.31637   	31.64731   	28.81980   	-0.12138575
18/02/2010 	25.83767   	31.67036   	29.15538   	 0.05967983
19/02/2010 	24.86626   	31.75725   	28.57389   	 0.39557176
20/02/2010 	19.20664   	30.52210   	25.56650   	 0.73047307
21/02/2010 	22.03563   	29.61717   	26.13495   	 0.85809706
22/02/2010 	22.43510   	28.99718   	26.24259   	 1.06063411
23/02/2010 	26.32280   	29.32097   	27.98327   	 1.33883942
24/02/2010 	25.45921   	29.48518   	27.87145   	 1.42651061
25/02/2010 	21.95876   	29.29216   	26.97738   	 1.67565274
26/02/2010 	19.73146   	28.38212   	25.20182   	 2.13639753
27/02/2010 	17.67232   	25.82159   	21.33988   	 2.77565438
28/02/2010 	20.88597   	29.03076   	24.27385   	 2.95697501
01/03/2010 	20.48175   	29.33149   	25.22634   	 3.07958140
02/03/2010 	20.40154   	30.63972   	26.13291   	 3.10057955
03/03/2010 	23.06665   	30.61082   	27.01368   	 3.13293505
04/03/2010 	23.98788   	30.90410   	27.98087   	 3.18495430
05/03/2010 	25.14627   	31.19155   	28.72664   	 3.14743709
06/03/2010 	23.85622   	31.76365   	28.80712   	 2.94129911
07/03/2010 	27.56273   	30.76117   	29.36723   	 2.79613686
08/03/2010 	28.60522   	30.83350   	29.75266   	 2.77427038
09/03/2010 	28.53623   	30.80339   	29.79005   	 2.75141504
10/03/2010 	28.59898   	30.55066   	29.76634   	 2.74051100
11/03/2010 	28.62731   	31.13930   	30.03212   	 2.73360362
12/03/2010 	29.05942   	31.43852   	30.31312   	 2.83404299
13/03/2010 	27.90834   	31.57511   	30.18977   	 2.96351088
14/03/2010 	26.87910   	31.90785   	29.89268   	 3.26116141
15/03/2010 	25.26521   	32.01666   	29.80271   	 3.53030020
16/03/2010 	24.66090   	32.12715   	29.60478   	 3.84077347
17/03/2010 	23.22148   	32.31209   	29.29213   	 4.01275794
18/03/2010 	23.99857   	32.41614   	29.26098   	 4.21848957
19/03/2010 	20.91060   	32.56596   	28.33294   	 4.69138764
20/03/2010 	21.80029   	32.54819   	28.38064   	 5.22263489
21/03/2010 	22.39219   	30.72313   	27.18707   	 5.87347518
22/03/2010 	22.67932   	30.13538   	26.76920   	 6.13728094
23/03/2010 	22.70591   	30.29283   	27.02074   	 6.24802903
24/03/2010 	24.20993   	29.40768   	26.95831   	 6.42853021
25/03/2010 	24.04233   	29.42420   	26.91330   	 6.65678994
26/03/2010 	20.55118   	28.92157   	26.03809   	 6.92589101
27/03/2010 	20.25293   	29.36309   	25.57613   	 6.96703729
28/03/2010 	18.80555   	29.29293   	24.97435   	 6.97310368
29/03/2010 	17.11828   	29.48137   	25.24565   	 6.98764164
30/03/2010 	19.85827   	30.29905   	25.85291   	 7.11539999
31/03/2010 	15.99668   	28.37572   	22.88925   	 7.30095223
01/04/2010 	15.47830   	25.41121   	20.48560   	 6.82612114
02/04/2010 	18.20427   	26.05481   	21.74275   	 6.52849927
03/04/2010 	20.41722   	26.24181   	23.31888   	 6.59936475
04/04/2010 	21.52126   	27.24740   	24.47559   	 6.77508902
05/04/2010 	19.93763   	27.14236   	24.38342   	 6.93996730
06/04/2010 	21.06222   	27.30740   	24.30558   	 7.17477287
07/04/2010 	23.26399   	27.91595   	25.48527   	 7.41755173
08/04/2010 	22.86230   	27.42234   	25.53861   	 7.69722452
09/04/2010 	23.52781   	27.65247   	25.78244   	 7.96910770
10/04/2010 	23.50159   	28.22537   	26.22750   	 8.09126871
11/04/2010 	24.74444   	28.63777   	26.86407   	 8.09105052
12/04/2010 	26.01476   	29.61757   	27.63228   	 8.03206958
13/04/2010 	26.58868   	30.54538   	28.39748   	 7.96614941
14/04/2010 	27.30440   	30.95439   	29.00596   	 7.98882918
15/04/2010 	28.05786   	31.39171   	29.54852   	 8.02557023
16/04/2010 	28.50280   	31.58411   	29.96968   	 8.12314033
17/04/2010 	28.66634   	32.09019   	30.38110   	 8.34955315
18/04/2010 	29.60367   	32.19511   	30.89318   	 8.60258742
19/04/2010 	29.88494   	32.25784   	31.06830   	 8.89462324
20/04/2010 	29.78139   	32.58630   	31.20193   	 9.00217889
21/04/2010 	28.48775   	32.50674   	30.92565   	 8.86371835
22/04/2010 	28.99481   	32.46507   	30.99773   	 8.80921745
23/04/2010 	29.69956   	32.53608   	31.67465   	 8.85526983
24/04/2010 	29.84438   	32.59187   	31.75515   	 9.13542430
25/04/2010 	29.81096   	32.76271   	31.87123   	 9.29063096
26/04/2010 	29.38621   	32.87217   	31.85201   	 9.47311256
27/04/2010 	29.14922   	32.78392   	31.78846   	 9.74434431
28/04/2010 	29.32590   	32.88294   	31.83805   	10.05355461
29/04/2010 	29.66267   	32.84650   	32.12166   	10.16533846
30/04/2010 	29.16404   	32.70785   	32.01639   	10.50405171
01/05/2010 	27.35712   	32.61237   	31.00139   	10.93767506
02/05/2010 	27.74399   	32.50936   	31.05979   	10.99221470
03/05/2010 	29.37487   	32.35381   	31.55855   	10.27430320
04/05/2010 	30.46871   	32.37716   	31.59728   	 9.96447299
05/05/2010 	30.46889   	32.31640   	31.49698   	10.07549016
06/05/2010 	31.13705   	32.33231   	31.68535   	10.21424945
07/05/2010 	31.50068   	32.19007   	31.79688   	10.10866066
08/05/2010 	31.56079   	32.33247   	31.78269   	10.09397221
09/05/2010 	31.55265   	32.38596   	31.86289   	10.13607472
10/05/2010 	31.52825   	32.54465   	32.06373   	10.12864600
11/05/2010 	31.38244   	32.53419   	32.08443   	10.08533655
12/05/2010 	31.26003   	32.63820   	32.15181   	 9.83188246
13/05/2010 	30.38189   	32.74733   	31.96664   	 9.55357645
14/05/2010 	30.51826   	32.91384   	32.05698   	 9.73038052
15/05/2010 	30.83112   	33.14157   	32.31194   	10.03315127
16/05/2010 	30.85412   	33.17572   	32.41266   	10.24725811
17/05/2010 	31.04037   	33.20039   	32.51298   	10.62360859
18/05/2010 	31.17813   	33.22254   	32.58735   	11.14287859
19/05/2010 	31.05652   	33.18250   	32.57765   	11.64010241
20/05/2010 	30.10743   	33.15034   	32.57716   	12.15901301
21/05/2010 	31.35049   	33.12572   	32.67035   	12.76970661
22/05/2010 	31.79310   	33.08361   	32.77514   	13.18566086
23/05/2010 	31.93778   	33.03749   	32.82506   	13.49493082
24/05/2010 	32.06892   	32.97025   	32.81548   	13.78780216
25/05/2010 	32.25213   	32.90685   	32.78467   	13.81450729
26/05/2010 	32.30281   	32.89013   	32.75593   	13.69825786
27/05/2010 	32.21254   	32.85983   	32.67567   	13.56137490
28/05/2010 	32.02650   	32.80519   	32.61799   	13.70479649
29/05/2010 	30.32063   	32.76015   	32.39469   	13.83622930
30/05/2010 	30.27415   	32.68372   	32.25579   	13.77770056
31/05/2010 	27.93951   	32.66598   	31.67869   	13.99479079
01/06/2010 	29.43919   	32.64180   	31.87616   	14.26861324
02/06/2010 	30.88293   	32.63108   	32.29996   	14.58456232
03/06/2010 	31.79149   	32.63747   	32.49202   	15.07785912
04/06/2010 	32.38558   	32.65139   	32.57745   	15.65634928
05/06/2010 	32.45478   	32.66495   	32.59624   	16.15246441
06/06/2010 	32.42636   	32.66966   	32.58101   	16.39950385
07/06/2010 	30.04859   	32.63391   	32.12934   	16.75786495
08/06/2010 	29.61758   	32.46955   	31.66965   	16.90081223
09/06/2010 	29.55007   	32.41775   	31.54206   	16.90665547
10/06/2010 	29.80209   	32.40422   	31.71188   	16.91836562
11/06/2010 	30.36332   	32.41611   	31.96256   	16.91913547
12/06/2010 	30.48750   	32.50366   	32.03537   	16.78527359
13/06/2010 	30.51004   	32.51823   	32.07347   	16.76316100
14/06/2010 	31.43050   	32.53747   	32.27434   	16.78738801
15/06/2010 	30.58771   	32.54976   	32.19703   	16.63073430
16/06/2010 	30.88305   	32.62310   	32.18174   	16.46696657
17/06/2010 	31.65729   	32.67752   	32.42006   	16.34200654
18/06/2010 	32.03636   	32.83960   	32.56488   	16.14220744
19/06/2010 	32.17052   	32.85991   	32.69841   	15.37056557
20/06/2010 	32.18662   	32.90893   	32.70694   	14.35749274
21/06/2010 	32.62387   	33.03009   	32.86676   	14.23396868
22/06/2010 	32.86977   	33.05488   	32.94156   	14.95810342
23/06/2010 	32.91548   	33.09678   	32.98105   	15.53504823
24/06/2010 	32.91721   	33.15199   	33.01311   	15.94713547
25/06/2010 	32.98230   	33.18946   	33.06366   	16.23562239
26/06/2010 	33.01420   	33.23531   	33.09831   	16.76283610
27/06/2010 	33.05653   	33.23856   	33.11913   	17.34929744
28/06/2010 	32.96674   	33.32581   	33.11595   	17.98380518
29/06/2010 	32.88967   	33.33578   	33.10007   	18.48727099
30/06/2010 	32.82232   	33.33754   	33.08134   	18.90288675
01/07/2010 	32.80879   	33.35779   	33.09511   	19.39921427
02/07/2010 	32.68581   	33.44001   	33.06853   	19.68376084
03/07/2010 	32.71626   	33.58565   	33.06713   	20.02701135
04/07/2010 	32.69508   	33.69936   	33.11750   	20.47779751
05/07/2010 	32.68223   	33.33834   	32.97828   	20.83276681
06/07/2010 	32.42637   	33.20559   	32.79678   	21.00525328
07/07/2010 	32.15898   	33.06147   	32.73514   	20.69953879
08/07/2010 	31.84554   	32.99488   	32.56762   	20.32011787
09/07/2010 	31.58392   	32.98885   	32.51617   	20.36533781
10/07/2010 	31.82476   	33.12089   	32.61186   	20.68736327
11/07/2010 	32.00860   	33.23162   	32.65332   	20.99873372
12/07/2010 	32.26480   	33.20140   	32.71158   	21.02240574
13/07/2010 	32.12918   	33.15419   	32.59315   	20.95855093
14/07/2010 	31.90761   	32.94939   	32.48576   	21.08961074
15/07/2010 	27.99163   	32.79157   	31.24992   	21.01587244
16/07/2010 	25.52631   	32.12445   	29.54308   	20.18961958
17/07/2010 	25.89031   	31.92148   	29.56063   	19.75414590
18/07/2010 	25.92688   	31.75170   	29.64892   	19.77790876
19/07/2010 	27.78268   	31.65805   	30.45708   	19.86992915
20/07/2010 	29.47219   	31.59943   	30.99296   	20.03929293
21/07/2010 	30.52344   	31.58345   	31.27670   	20.22123635
22/07/2010 	29.71750   	31.59628   	31.05190   	20.28355936
23/07/2010 	29.77564   	31.63016   	30.97476   	20.33935233
24/07/2010 	29.89175   	31.90188   	31.26938   	20.29238153
25/07/2010 	30.82221   	32.15363   	31.64794   	20.25837278
26/07/2010 	31.29934   	32.30486   	31.80299   	20.30617364
27/07/2010 	31.13777   	32.37010   	31.82761   	20.38781305
28/07/2010 	31.34126   	32.36240   	31.91230   	20.61145778
29/07/2010 	31.22739   	32.27347   	31.90597   	20.72389555
30/07/2010 	31.02399   	32.25099   	31.88049   	20.73501082
31/07/2010 	29.22678   	32.19412   	31.60638   	20.60069974
01/08/2010 	28.82512   	32.10709   	31.08980   	20.34736188
02/08/2010 	29.92024   	32.08327   	31.34622   	20.54001466
03/08/2010 	30.27148   	32.07495   	31.39452   	20.69492984
04/08/2010 	28.81088   	31.97449   	30.85085   	20.54076127
05/08/2010 	26.62865   	31.70543   	29.78769   	20.20854068
06/08/2010 	26.80514   	31.47953   	29.75670   	20.06848113
07/08/2010 	25.83336   	31.42402   	29.45371   	19.84275460
08/08/2010 	26.02855   	31.70621   	29.57993   	19.72362538
09/08/2010 	26.71282   	31.86035   	30.04472   	19.83425411
10/08/2010 	25.60246   	31.99169   	30.15895   	19.91025507
11/08/2010 	23.60062   	31.95743   	29.18989   	19.86566623
12/08/2010 	24.29049   	31.92645   	29.44177   	19.97981906
13/08/2010 	24.46588   	31.74991   	29.52662   	19.89304972
14/08/2010 	25.17193   	31.58567   	29.56806   	20.00472554
15/08/2010 	25.83950   	31.58471   	30.01687   	20.00225953
16/08/2010 	27.20719   	31.56789   	30.34402   	19.84778063
17/08/2010 	28.09014   	31.47037   	30.15323   	19.98495861
18/08/2010 	26.40054   	31.30800   	29.55410   	19.60306156
19/08/2010 	25.60399   	30.98122   	28.98263   	18.95523441
20/08/2010 	25.07180   	30.77940   	28.61160   	18.49825390
21/08/2010 	24.07838   	30.64463   	28.23295   	18.50065915
22/08/2010 	22.44353   	30.52908   	27.38166   	18.78402841
23/08/2010 	23.57286   	30.52054   	26.89057   	18.98088825
24/08/2010 	19.06292   	28.90625   	24.20806   	18.37695754
25/08/2010 	20.99363   	28.51299   	24.84965   	17.48697905
26/08/2010 	20.92196   	29.26638   	26.08216   	17.53600776
27/08/2010 	22.51965   	29.58036   	27.12637   	17.44670097
28/08/2010 	23.76654   	29.82678   	27.68440   	17.36349610
29/08/2010 	23.46467   	30.18024   	27.60455   	17.09019591
30/08/2010 	24.07557   	30.43903   	27.97891   	16.51741787
31/08/2010 	24.91793   	30.30361   	28.54007   	16.57753895
01/09/2010 	26.92994   	30.47896   	29.07690   	16.86148985
02/09/2010 	27.67427   	30.39155   	29.30326   	16.94063413
03/09/2010 	27.86831   	30.22566   	29.24105   	16.92406384
04/09/2010 	27.64893   	30.28751   	29.36030   	16.94201740
05/09/2010 	27.64157   	30.48941   	29.38344   	16.83063233
06/09/2010 	27.36435   	30.68813   	29.28094   	16.54755874
07/09/2010 	27.62650   	31.10745   	29.31807   	16.05228142
08/09/2010 	27.59882   	31.37338   	29.44542   	15.81596106
09/09/2010 	24.41301   	31.61317   	29.29961   	15.97586739
10/09/2010 	22.78620   	31.32389   	28.59507   	16.15738823
11/09/2010 	21.39497   	30.94974   	27.12779   	16.38937443
12/09/2010 	19.52730   	30.27044   	26.52094   	16.76103612
13/09/2010 	21.50490   	29.85754   	26.81703   	16.79078666
14/09/2010 	20.46622   	29.31170   	24.84540   	16.58990848
15/09/2010 	19.36687   	27.78179   	22.80302   	15.99076470
16/09/2010 	21.05454   	26.79497   	23.43433   	14.83000877
17/09/2010 	21.73195   	27.16059   	24.82058   	14.68073948
18/09/2010 	20.72151   	27.63552   	24.74907   	14.12862454
19/09/2010 	20.76430   	28.21250   	25.01406   	13.70297416
20/09/2010 	22.87708   	27.84377   	25.84319   	13.66803749
21/09/2010 	21.89145   	27.94653   	25.89868   	14.01714526
22/09/2010 	21.99637   	28.24769   	25.91580   	14.34323217
23/09/2010 	21.91814   	29.15102   	26.36949   	14.74503700
24/09/2010 	22.75153   	29.75966   	26.90845   	15.22485904
25/09/2010 	22.87913   	30.14113   	27.67810   	15.12311333
26/09/2010 	22.09047   	29.95820   	27.08255   	14.71357052
27/09/2010 	22.47414   	29.76299   	26.91782   	14.59150463
28/09/2010 	23.02933   	29.69503   	27.19201   	14.68278509
29/09/2010 	24.02023   	29.48388   	27.02022   	14.53680348
30/09/2010 	23.74531   	28.67086   	26.42431   	14.07845861
01/10/2010 	18.57706   	28.87674   	24.15980   	13.73080409
02/10/2010 	16.88817   	26.37128   	23.39091   	13.78510787
03/10/2010 	19.89013   	26.99528   	23.86844   	14.19403648
04/10/2010 	20.38484   	26.20035   	23.63947   	14.72840577
05/10/2010 	19.55611   	26.29210   	23.70122   	15.11257879
06/10/2010 	19.11896   	27.56572   	23.82019   	15.42592466
07/10/2010 	19.02567   	27.25739   	23.75546   	15.55285033
08/10/2010 	20.41458   	28.37881   	24.93786   	15.64977109
09/10/2010 	22.30009   	29.04179   	25.92221   	15.55664666
10/10/2010 	23.98775   	29.91096   	27.03484   	15.26596693
11/10/2010 	25.04876   	29.83018   	27.54422   	14.94809792
12/10/2010 	26.18448   	30.09728   	28.18488   	14.83556785
13/10/2010 	26.88350   	30.17559   	28.60098   	14.71142058
14/10/2010 	27.52046   	30.35042   	29.05645   	14.53975646
15/10/2010 	27.62562   	30.52039   	29.25879   	14.27288487
16/10/2010 	27.06745   	30.75610   	29.22262   	13.51851310
17/10/2010 	28.94157   	30.18442   	29.37622   	12.91116003
18/10/2010 	26.83746   	30.39560   	29.00529   	12.12258055
19/10/2010 	26.09820   	30.25585   	28.38789   	11.22625665
20/10/2010 	25.27634   	30.91315   	28.72906   	11.03272903
21/10/2010 	23.95514   	31.14861   	27.99538   	10.11781253
22/10/2010 	26.04882   	31.09598   	28.71609   	 9.67079689
23/10/2010 	24.70304   	30.11956   	28.26215   	 9.37859509
24/10/2010 	24.68130   	30.62799   	28.21327   	 9.48119315
25/10/2010 	25.11496   	31.06902   	29.10110   	 9.29638477
26/10/2010 	25.09730   	31.12017   	28.92343   	 8.98689160
27/10/2010 	22.60707   	30.53553   	26.99828   	 8.66381139
28/10/2010 	20.64165   	30.21461   	25.79828   	 9.31486255
29/10/2010 	19.76845   	28.99158   	23.38688   	 9.83177163
30/10/2010 	21.09057   	27.47004   	24.46518   	10.03107061
31/10/2010 	22.31559   	27.77151   	25.60014   	10.19869824
01/11/2010 	22.77654   	28.02841   	25.59651   	10.31872700
02/11/2010 	20.19558   	27.27420   	24.32061   	10.29379094
03/11/2010 	18.86426   	27.16355   	23.43633   	10.69159836
04/11/2010 	18.38526   	26.98873   	23.22005   	11.18747924
05/11/2010 	22.94954   	26.20831   	25.11147   	12.11372974
06/11/2010 	23.30053   	27.33766   	25.37453   	11.93547825
07/11/2010 	23.10985   	28.34476   	26.00468   	11.58470496
08/11/2010 	24.03558   	28.18290   	26.19785   	10.80319297
09/11/2010 	24.59094   	29.69392   	27.14589   	10.06798728
10/11/2010 	25.87383   	29.96558   	28.00794   	 9.72875436
11/11/2010 	19.18740   	29.93953   	25.13319   	 8.38854393
12/11/2010 	19.60592   	25.32269   	23.26796   	 7.87886373
13/11/2010 	24.40379   	28.43621   	26.34134   	 8.76116045
14/11/2010 	25.70639   	27.46148   	26.82813   	 8.80984384
15/11/2010 	24.69803   	27.46840   	26.25722   	 8.63874340
16/11/2010 	23.99962   	27.54338   	26.27191   	 8.45627012
17/11/2010 	25.06866   	27.84410   	26.55857   	 8.09032416
18/11/2010 	24.81673   	28.13340   	26.80960   	 7.75974542
19/11/2010 	23.50409   	28.85131   	26.80587   	 7.68260930
20/11/2010 	23.71537   	29.42156   	27.22537   	 7.77727039
21/11/2010 	24.36078   	29.81511   	27.64919   	 7.82371932
22/11/2010 	24.96287   	30.20750   	28.30390   	 7.77504083
23/11/2010 	26.18351   	30.29587   	28.82233   	 7.66401353
24/11/2010 	25.90998   	30.30392   	28.94269   	 7.34211635
25/11/2010 	26.09753   	30.21698   	28.73712   	 6.95719436
26/11/2010 	26.79576   	30.16806   	28.78940   	 6.53551039
27/11/2010 	24.33584   	30.17167   	28.40491   	 5.94948722
28/11/2010 	24.48064   	30.17505   	28.08430   	 5.37137493
29/11/2010 	27.08338   	30.42856   	28.87753   	 5.24195374
30/11/2010 	27.62341   	30.36923   	29.15593   	 4.80914063
01/12/2010 	27.53415   	30.45627   	29.29162   	 3.84326819
02/12/2010 	28.93516   	30.89822   	29.99200   	 3.36002518
03/12/2010 	29.15141   	30.87312   	30.24702   	 2.88598717
04/12/2010 	24.44186   	30.90208   	28.54960   	 1.83934598
05/12/2010 	21.63545   	29.84810   	26.48434   	 1.14839004
06/12/2010 	22.57751   	30.20252   	27.36788   	 1.45501624
07/12/2010 	25.20738   	30.43461   	28.30728   	 1.69760643
08/12/2010 	26.74602   	30.90179   	28.98589   	 2.14855627
09/12/2010 	26.52432   	30.71710   	29.48864   	 2.83950438
10/12/2010 	24.90700   	30.70742   	28.77066   	 2.75840805
11/12/2010 	27.64179   	30.98427   	29.63435   	 3.81431363
12/12/2010 	27.59957   	30.94509   	29.89256   	 4.33694574
13/12/2010 	29.32550   	30.95046   	30.36457   	 4.13794698
14/12/2010 	29.57150   	30.96685   	30.42209   	 3.64157796
15/12/2010 	29.75622   	30.96559   	30.48021   	 3.44340548
16/12/2010 	29.85563   	31.15899   	30.61177   	 3.69005069
17/12/2010 	27.96754   	31.10247   	30.13808   	 3.14896997
18/12/2010 	26.20747   	30.74111   	29.35477   	 2.36325948
19/12/2010 	27.39315   	30.85486   	29.49897   	 1.75388895
20/12/2010 	27.56705   	31.23372   	30.02335   	 1.61371543
21/12/2010 	26.87153   	31.10553   	29.51450   	 1.13912183
22/12/2010 	27.46554   	31.35271   	29.80150   	 0.92580613
23/12/2010 	27.59592   	31.25025   	29.87800   	 0.78769943
24/12/2010 	29.22740   	31.61881   	30.50187   	 0.87578124
25/12/2010 	29.59826   	31.77685   	30.80135   	 0.43142800
26/12/2010 	29.62154   	31.81504   	30.96098   	 0.36828362
27/12/2010 	29.63935   	31.83987   	31.03089   	 0.48488319
28/12/2010 	27.72103   	31.82519   	30.36852   	 0.52276634
29/12/2010 	28.74778   	31.52219   	30.65493   	 0.54821511
30/12/2010 	28.69811   	31.79465   	30.60849   	 0.62490931
31/12/2010 	28.81300   	31.78223   	30.71921   	 0.75360693
