date	smin	smax	smean	tmean
01/01/2009   	17.519154    	19.71075     	18.95097     	 1.8607818658
02/01/2009   	17.420944    	19.62391     	18.68066     	 1.8187724302
03/01/2009   	14.833508    	19.49603     	18.30843     	 1.5825193127
04/01/2009   	15.007016    	19.26686     	17.05277     	 1.6287409514
05/01/2009   	16.049826    	18.34906     	17.24290     	 1.4528808817
06/01/2009   	17.215992    	20.23360     	18.38184     	 0.9996649089
07/01/2009   	17.756311    	21.14144     	19.39112     	 0.9123467915
08/01/2009   	17.953922    	20.07602     	19.37960     	 0.8503378257
09/01/2009   	18.300573    	20.67084     	19.67028     	 0.6454752100
10/01/2009   	18.572287    	20.90499     	19.87894     	 0.4414921142
11/01/2009   	19.088736    	21.82006     	20.62106     	 0.2536289565
12/01/2009   	20.446064    	21.90029     	21.35253     	 0.4546086869
13/01/2009   	20.752394    	23.79434     	22.42974     	 1.1403325765
14/01/2009   	20.862253    	23.61659     	22.71356     	 1.4695084319
15/01/2009   	18.309864    	23.55673     	22.35071     	 1.4778308272
16/01/2009   	18.672516    	23.91079     	22.20904     	 1.5023911620
17/01/2009   	21.546043    	24.15363     	23.43934     	 1.9316093822
18/01/2009   	20.951195    	23.50781     	22.80265     	 2.4968698670
19/01/2009   	20.787710    	23.49360     	22.64577     	 2.7375077754
20/01/2009   	23.016262    	25.17840     	24.38878     	 2.9867766201
21/01/2009   	24.701506    	25.83596     	25.21716     	 2.9277753482
22/01/2009   	25.144657    	26.81354     	26.06881     	 2.7151735624
23/01/2009   	25.203751    	28.28175     	26.94754     	 2.6703576545
24/01/2009   	26.192980    	27.67187     	26.80027     	 2.8266092837
25/01/2009   	26.011192    	27.00825     	26.42510     	 2.8092244069
26/01/2009   	25.372980    	26.84413     	26.33844     	 2.6482907583
27/01/2009   	21.958340    	27.04815     	25.91024     	 2.3752582967
28/01/2009   	21.612509    	26.53363     	25.18101     	 2.0996941974
29/01/2009   	20.068251    	26.49412     	24.39212     	 1.8644771576
30/01/2009   	20.694284    	25.40307     	23.45913     	 1.5671527510
31/01/2009   	21.624779    	25.11745     	23.56414     	 1.1811618085
01/02/2009   	21.386200    	24.69063     	23.32051     	 0.7813258587
02/02/2009   	21.961374    	24.39160     	23.21230     	 0.4139138836
03/02/2009   	23.004307    	23.63096     	23.41951     	 0.5110728089
04/02/2009   	23.121162    	23.82051     	23.58932     	 0.6419557941
05/02/2009   	23.227421    	23.92736     	23.64750     	 0.7358702843
06/02/2009   	23.480314    	24.15575     	23.85288     	 1.0023032551
07/02/2009   	22.058178    	23.94535     	23.39545     	 1.1398742137
08/02/2009   	20.827875    	23.72031     	22.33506     	 1.1788972194
09/02/2009   	20.773476    	22.41881     	21.59956     	 1.2788364664
10/02/2009   	19.977079    	22.61263     	21.83464     	 1.3876162718
11/02/2009   	17.766647    	22.28308     	20.16024     	 1.5103067632
12/02/2009   	17.573610    	20.46711     	19.07107     	 1.6586772129
13/02/2009   	16.052670    	20.20910     	18.57832     	 1.8167591393
14/02/2009   	15.898129    	20.02552     	18.77019     	 1.8261953567
15/02/2009   	16.816689    	20.90642     	19.37623     	 1.9041781425
16/02/2009   	16.054522    	20.08123     	18.34607     	 2.1821818699
17/02/2009   	16.513596    	18.72478     	17.74661     	 2.5589526743
18/02/2009   	17.484882    	19.65816     	18.85282     	 2.5184461027
19/02/2009   	17.532736    	19.94212     	18.84669     	 2.4799278378
20/02/2009   	15.478784    	19.05914     	17.86672     	 2.6781129688
21/02/2009   	14.587528    	17.53793     	16.12459     	 2.8603441914
22/02/2009   	14.563948    	16.76843     	15.68328     	 3.1408538719
23/02/2009   	12.501513    	16.09576     	14.40851     	 3.4322956751
24/02/2009   	12.687903    	16.39679     	14.61248     	 3.6584283710
25/02/2009   	13.104851    	16.47017     	15.31934     	 3.8572063794
26/02/2009   	13.441927    	16.65923     	15.29113     	 4.1534960022
27/02/2009   	13.952018    	16.10091     	14.74576     	 4.4744050900
28/02/2009   	13.672360    	15.40594     	14.81762     	 4.7025216420
01/03/2009   	13.821645    	16.99690     	15.65803     	 4.7549275060
02/03/2009   	14.512085    	17.49954     	16.20547     	 4.9251153171
03/03/2009   	15.580591    	18.25630     	16.92481     	 4.9946022828
04/03/2009   	16.747581    	19.46198     	18.30484     	 4.9578866760
05/03/2009   	17.941246    	20.14046     	19.48701     	 4.8728773991
06/03/2009   	15.200921    	20.15342     	17.99042     	 4.9430582921
07/03/2009   	15.418429    	17.72903     	16.70925     	 4.8646443685
08/03/2009   	16.069765    	18.14437     	17.32454     	 5.0531826317
09/03/2009   	15.532533    	18.14109     	16.92199     	 5.0779964228
10/03/2009   	16.504103    	18.10792     	17.25057     	 5.0779617826
11/03/2009   	16.053005    	18.34415     	17.35673     	 5.0635646979
12/03/2009   	14.663651    	17.72856     	16.92534     	 5.2350532512
13/03/2009   	14.426986    	18.25148     	16.62405     	 5.3945587973
14/03/2009   	13.925891    	17.82091     	16.51247     	 5.5177530348
15/03/2009   	13.172915    	17.80950     	16.00859     	 5.7085714142
16/03/2009   	12.826061    	16.94563     	15.15265     	 5.9790532688
17/03/2009   	13.293223    	16.23412     	15.17350     	 6.2140491903
18/03/2009   	11.998256    	15.71881     	14.44214     	 6.3465074599
19/03/2009   	12.786960    	15.78796     	14.59178     	 6.4736895363
20/03/2009   	13.349596    	15.38965     	14.46622     	 6.5964599848
21/03/2009   	13.240848    	15.10968     	14.40426     	 6.6696530382
22/03/2009   	10.600544    	14.79503     	13.05695     	 6.8229836623
23/03/2009   	 9.271749    	13.79790     	11.62959     	 6.9418086112
24/03/2009   	 9.576675    	13.83306     	11.12538     	 6.8093041976
25/03/2009   	11.916750    	14.80980     	13.07825     	 6.6781611542
26/03/2009   	13.077325    	14.89876     	14.18823     	 6.6817774773
27/03/2009   	12.682499    	15.03886     	14.07697     	 6.6562422017
28/03/2009   	14.247453    	16.29244     	14.91059     	 6.6220248342
29/03/2009   	13.212109    	16.54073     	15.41611     	 6.5798428754
30/03/2009   	13.630595    	16.20018     	15.18365     	 6.5237822831
31/03/2009   	13.079158    	16.83254     	15.41399     	 6.6613558531
01/04/2009   	12.238331    	16.27843     	15.15431     	 6.9144286811
02/04/2009   	12.167198    	15.93767     	14.60974     	 7.2889285187
03/04/2009   	13.516126    	16.39747     	15.19669     	 7.7114497523
04/04/2009   	14.116713    	16.67384     	15.62170     	 7.9687374334
05/04/2009   	14.656125    	17.25566     	16.16186     	 8.2152451376
06/04/2009   	14.492526    	17.94998     	16.76389     	 8.4323154291
07/04/2009   	16.234594    	19.01233     	17.80110     	 8.6769456665
08/04/2009   	17.128323    	19.93258     	18.73235     	 8.6999568741
09/04/2009   	18.379187    	20.27087     	19.39723     	 8.7671459516
10/04/2009   	18.445940    	20.42730     	19.67948     	 9.0799159408
11/04/2009   	18.821404    	20.75832     	19.99574     	 9.4160593748
12/04/2009   	18.555725    	20.77642     	19.98715     	 9.7242681185
13/04/2009   	18.488113    	20.69839     	19.86198     	 9.9677292307
14/04/2009   	18.513737    	20.54681     	19.79255     	10.2026449045
15/04/2009   	18.547079    	20.44150     	19.71794     	10.5761846304
16/04/2009   	19.038548    	20.41657     	19.97029     	10.9753095110
17/04/2009   	19.767735    	21.35873     	20.40761     	11.1062400738
18/04/2009   	19.888689    	21.19230     	20.58585     	11.0679440300
19/04/2009   	19.901628    	21.11721     	20.65397     	11.2414348722
20/04/2009   	19.867634    	21.10196     	20.65599     	11.6885887186
21/04/2009   	19.737139    	21.08830     	20.59705     	12.1016745965
22/04/2009   	19.245831    	20.97536     	20.41311     	12.2914061944
23/04/2009   	19.068516    	20.77041     	20.02039     	12.3468658725
24/04/2009   	19.151815    	21.00443     	20.09827     	12.5900195638
25/04/2009   	19.263544    	22.02721     	20.90626     	12.6125053763
26/04/2009   	20.478256    	22.19743     	21.43261     	12.7370636463
27/04/2009   	20.517395    	22.22385     	21.60677     	12.8359791040
28/04/2009   	21.080431    	23.01138     	22.12351     	12.7558032473
29/04/2009   	21.528906    	22.87355     	22.24182     	12.7820838491
30/04/2009   	21.515930    	22.80508     	22.25329     	12.9688715339
01/05/2009   	21.541201    	22.79825     	22.26151     	13.3251834313
02/05/2009   	21.371313    	22.78311     	22.17564     	13.5429698229
03/05/2009   	21.373312    	22.88405     	22.14076     	13.5881112417
04/05/2009   	20.720997    	22.59659     	21.89883     	13.2798913320
05/05/2009   	17.950041    	22.19606     	20.49521     	12.9806634585
06/05/2009   	17.547127    	21.85135     	20.01640     	12.9440140525
07/05/2009   	18.669247    	21.83111     	20.18740     	12.9787998796
08/05/2009   	19.138287    	21.44022     	20.43535     	12.9925050735
09/05/2009   	19.670868    	20.96238     	20.37466     	12.9496860504
10/05/2009   	20.270626    	21.26236     	20.79271     	13.2055364450
11/05/2009   	20.686258    	21.72481     	21.13486     	13.1884027719
12/05/2009   	20.136688    	21.57028     	20.87436     	13.0884794593
13/05/2009   	20.447382    	22.75280     	21.59457     	13.0065248211
14/05/2009   	21.502554    	23.68643     	22.62002     	12.9753574133
15/05/2009   	22.604376    	24.36023     	23.55294     	13.0488749345
16/05/2009   	23.326429    	24.69818     	24.23615     	13.1504624287
17/05/2009   	24.041952    	24.79891     	24.50518     	13.3569562833
18/05/2009   	24.274881    	25.00783     	24.72201     	13.3980576396
19/05/2009   	22.863720    	24.76071     	23.98202     	13.5097406109
20/05/2009   	22.639812    	24.18184     	23.36956     	13.7034327984
21/05/2009   	22.967497    	24.18809     	23.63290     	14.0266011357
22/05/2009   	23.078241    	24.15536     	23.62611     	14.3677270611
23/05/2009   	23.382204    	24.08652     	23.72732     	14.8179861903
24/05/2009   	23.428610    	24.08466     	23.79339     	15.3198582729
25/05/2009   	23.435635    	24.15375     	23.90930     	15.7578794161
26/05/2009   	23.460951    	24.55001     	24.05968     	16.1600806713
27/05/2009   	20.985477    	24.44594     	23.57808     	15.9025181532
28/05/2009   	21.629019    	24.14563     	23.12197     	15.8453158140
29/05/2009   	20.968565    	23.66806     	22.73746     	16.1409913898
30/05/2009   	19.329693    	23.34140     	21.92446     	16.3225696087
31/05/2009   	20.135515    	23.01579     	21.91662     	16.5771654050
01/06/2009   	19.710491    	22.74507     	21.56804     	17.0140165091
02/06/2009   	19.011026    	22.27318     	20.94361     	17.1373211940
03/06/2009   	18.545921    	21.46315     	19.92586     	16.6799500783
04/06/2009   	19.310509    	21.78573     	20.13092     	15.5817979972
05/06/2009   	19.685049    	23.78185     	21.75748     	14.6815993190
06/06/2009   	22.399673    	24.49107     	23.64194     	14.2436793049
07/06/2009   	23.598173    	25.39294     	24.40536     	14.3164673845
08/06/2009   	24.637373    	26.19000     	25.30137     	14.6732574900
09/06/2009   	24.922897    	26.42871     	25.75501     	15.0365320444
10/06/2009   	25.337145    	26.77742     	26.10566     	15.2566618323
11/06/2009   	23.762508    	26.67586     	25.74156     	15.4179562330
12/06/2009   	21.929142    	26.50271     	24.59681     	15.5602899988
13/06/2009   	21.612617    	25.51602     	23.48320     	15.8115027150
14/06/2009   	21.219749    	24.88471     	23.59313     	16.2315396468
15/06/2009   	21.438856    	24.41295     	23.41080     	16.6425561508
16/06/2009   	20.826332    	24.18469     	23.01645     	16.7990936041
17/06/2009   	21.096018    	24.03058     	23.03584     	17.0361352364
18/06/2009   	22.155319    	24.85630     	23.66139     	17.1861823002
19/06/2009   	21.892645    	24.77281     	23.55405     	17.2460207144
20/06/2009   	21.419151    	24.43175     	23.01415     	17.1151389678
21/06/2009   	21.040310    	23.94419     	22.45320     	17.0314097007
22/06/2009   	20.673531    	23.34248     	22.34414     	16.9950826168
23/06/2009   	21.225967    	23.90945     	22.79291     	17.1651456753
24/06/2009   	21.128447    	24.13930     	22.88628     	17.4434336424
25/06/2009   	21.557327    	24.93270     	23.37608     	17.6920586030
26/06/2009   	22.195158    	25.19710     	24.16406     	18.1315751473
27/06/2009   	23.004890    	25.79351     	24.77458     	18.5261372328
28/06/2009   	23.719482    	26.20006     	25.24302     	18.9135261377
29/06/2009   	24.039835    	26.12304     	25.24913     	19.5502815247
30/06/2009   	23.671320    	26.28661     	25.17152     	20.1862626076
01/07/2009   	23.471226    	25.74741     	24.82959     	20.6407227914
02/07/2009   	23.550766    	25.56446     	24.77885     	21.1132403612
03/07/2009   	24.053694    	25.78216     	25.04167     	21.6189613342
04/07/2009   	24.558586    	26.31109     	25.39360     	21.9707939227
05/07/2009   	24.525909    	26.05151     	25.45212     	22.2830128272
06/07/2009   	24.179920    	26.19425     	25.36950     	22.1370904843
07/07/2009   	24.949093    	26.06182     	25.45333     	21.3824648460
08/07/2009   	24.967770    	26.07857     	25.54654     	20.9444537958
09/07/2009   	24.588310    	26.11732     	25.28219     	19.9602190653
10/07/2009   	23.415026    	25.58732     	24.74682     	18.6106835604
11/07/2009   	23.555202    	26.11047     	25.21809     	17.5411824385
12/07/2009   	23.985264    	26.45534     	25.47343     	17.5399256547
13/07/2009   	22.320295    	25.68114     	24.17502     	17.9623067776
14/07/2009   	22.882410    	24.78179     	23.80549     	18.4602820873
15/07/2009   	22.302553    	24.07864     	23.62913     	18.9346925815
16/07/2009   	21.249969    	23.98403     	22.85682     	19.1392513116
17/07/2009   	22.340538    	23.81663     	23.13058     	19.3166657289
18/07/2009   	22.347511    	23.68051     	22.99170     	19.2677083810
19/07/2009   	21.129572    	23.23913     	22.53670     	19.1247083346
20/07/2009   	21.214195    	22.97857     	22.07331     	19.1065919399
21/07/2009   	21.202211    	22.86373     	22.22928     	19.2033054034
22/07/2009   	22.127623    	23.25546     	22.72230     	19.4181756973
23/07/2009   	22.514511    	23.49920     	22.88071     	19.4548664888
24/07/2009   	22.590265    	23.43917     	23.06249     	19.3330196540
25/07/2009   	21.727114    	23.43805     	22.84268     	19.1866068840
26/07/2009   	21.937355    	23.29800     	22.82992     	19.2823102077
27/07/2009   	21.718996    	23.06192     	22.49520     	19.4948261579
28/07/2009   	21.095697    	22.92161     	22.03884     	19.5025544564
29/07/2009   	21.231180    	22.51664     	21.99464     	19.5729105473
30/07/2009   	20.026045    	22.47961     	21.68575     	19.5444258451
31/07/2009   	19.819632    	22.39326     	21.49644     	19.1576397419
01/08/2009   	20.591421    	22.20474     	21.47853     	19.2402359645
02/08/2009   	20.922058    	22.09867     	21.65575     	19.3582687378
03/08/2009   	21.221716    	22.02822     	21.64438     	19.4389064312
04/08/2009   	21.320648    	22.28149     	21.69633     	19.7066940069
05/08/2009   	21.400995    	22.37403     	21.86079     	20.0199237665
06/08/2009   	21.548443    	23.00896     	22.23156     	20.3228046099
07/08/2009   	21.629993    	23.28773     	22.53052     	20.4799836477
08/08/2009   	21.782717    	23.60968     	22.69535     	20.5655786991
09/08/2009   	21.507858    	23.46599     	22.49878     	20.5910012722
10/08/2009   	21.401165    	23.38874     	22.50609     	20.7704264720
11/08/2009   	21.626940    	23.32694     	22.65417     	20.8786561886
12/08/2009   	21.261297    	23.37285     	22.51342     	20.7640022039
13/08/2009   	21.696968    	23.24139     	22.57354     	20.6432550351
14/08/2009   	21.844446    	23.27087     	22.72830     	20.6332185666
15/08/2009   	22.454573    	23.27420     	22.87781     	20.4201527437
16/08/2009   	21.846987    	23.37031     	22.78004     	20.4532148441
17/08/2009   	22.174711    	23.35327     	22.75599     	20.5214994748
18/08/2009   	22.314537    	23.26190     	22.81163     	20.4579786062
19/08/2009   	22.507872    	23.35794     	22.94444     	20.5328254700
20/08/2009   	22.409662    	24.16317     	23.33880     	20.5941066345
21/08/2009   	22.898039    	24.47918     	23.73131     	20.4709347486
22/08/2009   	22.816687    	24.47510     	23.78980     	20.2533280849
23/08/2009   	22.701191    	24.89887     	23.96256     	20.3119811614
24/08/2009   	22.886293    	25.50346     	24.40362     	20.3126443624
25/08/2009   	23.827387    	25.60303     	24.83520     	20.4377598763
26/08/2009   	24.234531    	25.43324     	24.81491     	20.0554811954
27/08/2009   	22.236856    	25.21481     	24.51980     	19.8232926528
28/08/2009   	22.157938    	24.95653     	23.66731     	19.4445360104
29/08/2009   	20.600388    	24.86023     	22.99414     	18.6808089018
30/08/2009   	21.924517    	25.05191     	23.49458     	18.1273640792
31/08/2009   	20.755756    	24.50612     	22.77353     	17.8568257491
01/09/2009   	22.316717    	24.60331     	23.63652     	17.8776865005
02/09/2009   	23.256180    	24.39212     	23.87687     	17.6739904881
03/09/2009   	20.005203    	25.01481     	23.44450     	17.3882686297
04/09/2009   	19.331284    	26.55552     	23.97629     	16.4963303208
05/09/2009   	22.554609    	25.60748     	24.21628     	16.2582814495
06/09/2009   	23.553087    	26.74624     	25.57542     	16.2153308789
07/09/2009   	24.799442    	27.01917     	26.02034     	16.1849628687
08/09/2009   	25.012911    	26.71985     	25.97313     	16.4055522680
09/09/2009   	25.239754    	26.42042     	25.94519     	16.6312603156
10/09/2009   	24.060244    	26.31908     	25.53130     	16.6784601609
11/09/2009   	23.656416    	26.23743     	24.91161     	16.5702792406
12/09/2009   	24.366467    	25.55816     	24.81154     	16.4859507879
13/09/2009   	24.490356    	25.92583     	25.04788     	16.2301824490
14/09/2009   	24.492445    	26.21607     	25.67732     	16.0229318937
15/09/2009   	25.869740    	26.79254     	26.30080     	15.8757873376
16/09/2009   	26.237957    	27.66244     	26.85135     	15.9784108202
17/09/2009   	26.506861    	27.59557     	26.99759     	15.8529277841
18/09/2009   	26.588129    	27.73300     	27.12238     	15.8517067432
19/09/2009   	26.727049    	28.15049     	27.36105     	15.9258614182
20/09/2009   	26.842497    	28.31997     	27.63314     	16.0839103262
21/09/2009   	27.056110    	28.36974     	27.68335     	16.0108748674
22/09/2009   	27.240940    	28.09778     	27.67333     	16.0678342779
23/09/2009   	27.359154    	28.25997     	27.73984     	16.1014158726
24/09/2009   	27.608286    	28.30834     	27.94341     	16.0487965345
25/09/2009   	27.800423    	28.43144     	28.11309     	15.9831437667
26/09/2009   	27.789560    	28.51070     	28.12616     	15.9883418481
27/09/2009   	27.792631    	28.45049     	28.15310     	16.0956216653
28/09/2009   	27.303463    	28.37178     	28.00411     	16.2564076583
29/09/2009   	26.952072    	28.29366     	27.63707     	16.2899914185
30/09/2009   	26.142082    	28.44926     	27.33332     	16.2576604287
01/10/2009   	25.050116    	27.99777     	26.55378     	15.9641072551
02/10/2009   	25.019640    	26.89858     	25.96416     	15.1582900484
03/10/2009   	17.389338    	27.06466     	23.88974     	14.6957578063
04/10/2009   	17.459053    	27.42857     	23.25413     	13.9888007442
05/10/2009   	23.680145    	27.89745     	26.14455     	13.4981354276
06/10/2009   	24.149508    	27.69340     	25.86688     	13.5029933453
07/10/2009   	21.526880    	26.39483     	24.55365     	13.8647591670
08/10/2009   	24.173838    	25.55827     	24.94526     	13.6934553385
09/10/2009   	23.607014    	25.25394     	24.83121     	13.4102878372
10/10/2009   	23.418051    	25.38832     	24.79509     	13.0283449888
11/10/2009   	22.168837    	25.25644     	24.11161     	12.9204245607
12/10/2009   	20.136070    	24.54702     	22.74051     	12.5287278493
13/10/2009   	18.931934    	23.32897     	20.71346     	11.9171689550
14/10/2009   	20.243118    	23.72365     	21.86585     	11.4915201664
15/10/2009   	20.067625    	23.66854     	22.29376     	11.0282329718
16/10/2009   	18.467710    	22.91274     	20.53407     	10.7791868846
17/10/2009   	18.673018    	26.42925     	22.19066     	10.2302087545
18/10/2009   	23.441931    	27.18859     	25.86177     	10.1375568509
19/10/2009   	26.154387    	26.99878     	26.52899     	10.1743996342
20/10/2009   	25.924496    	27.74062     	26.75562     	 9.8602324327
21/10/2009   	26.161175    	28.43832     	27.67776     	 9.6357375383
22/10/2009   	27.368982    	28.38562     	28.10401     	 9.4601087968
23/10/2009   	27.352699    	28.13293     	27.92183     	 9.5298696756
24/10/2009   	27.465059    	28.03620     	27.90779     	 9.7067916195
25/10/2009   	25.800282    	27.96149     	27.73516     	10.0619024038
26/10/2009   	25.500633    	27.88134     	26.84714     	10.4010186593
27/10/2009   	25.831217    	27.93732     	27.24905     	10.5468282898
28/10/2009   	25.938852    	27.71913     	26.93935     	10.7004973888
29/10/2009   	26.437727    	27.39780     	26.93686     	10.8905191024
30/10/2009   	26.558014    	27.37747     	27.03796     	10.9795934757
31/10/2009   	26.816467    	27.56499     	27.11620     	10.9291331967
01/11/2009   	26.944141    	28.09604     	27.53651     	11.2185531855
02/11/2009   	26.957861    	28.14416     	27.68160     	11.4104607900
03/11/2009   	25.640652    	27.92787     	27.10804     	11.0435068607
04/11/2009   	25.211317    	27.77517     	26.66568     	10.8368404508
05/11/2009   	25.604982    	27.16664     	26.69193     	10.6299649477
06/11/2009   	25.887779    	26.99328     	26.58964     	10.4638136029
07/11/2009   	25.298943    	27.01338     	26.50484     	10.3045444290
08/11/2009   	25.174751    	26.73479     	26.32565     	10.0636713306
09/11/2009   	23.776176    	26.80976     	25.90458     	 9.8057248990
10/11/2009   	23.642021    	26.47117     	25.45335     	 9.6221343279
11/11/2009   	23.028521    	25.97000     	24.67182     	 9.4767367641
12/11/2009   	23.919781    	25.41235     	24.86717     	 9.2372794946
13/11/2009   	24.031860    	25.75217     	24.89846     	 9.4834995866
14/11/2009   	24.393194    	25.76681     	25.16036     	 9.9650640090
15/11/2009   	23.468672    	25.70711     	24.94986     	10.0871263742
16/11/2009   	24.446428    	26.54992     	25.44782     	10.1653569937
17/11/2009   	24.831306    	26.02468     	25.49374     	10.2423820694
18/11/2009   	20.227573    	26.02609     	24.06328     	10.1465094288
19/11/2009   	21.526028    	27.12907     	24.24384     	10.2599610488
20/11/2009   	23.812876    	27.58982     	25.94932     	10.1625572443
21/11/2009   	25.322367    	27.12501     	26.25652     	10.3213557204
22/11/2009   	22.685734    	27.33788     	26.31430     	10.4693498810
23/11/2009   	21.700733    	27.10904     	24.21693     	10.2763660550
24/11/2009   	23.348642    	27.89443     	24.73954     	10.1900612712
25/11/2009   	24.324026    	30.61919     	28.14625     	10.0603508949
26/11/2009   	26.912548    	29.41474     	28.67207     	 9.8112788796
27/11/2009   	28.753460    	30.01452     	29.32245     	 9.3390758236
28/11/2009   	27.258989    	29.38642     	28.49201     	 8.6935492357
29/11/2009   	25.877296    	28.85911     	27.38040     	 8.4663124879
30/11/2009   	26.250437    	27.83118     	27.31559     	 8.3145037691
01/12/2009   	26.710442    	27.70650     	27.37902     	 8.0622149607
02/12/2009   	23.211237    	27.57747     	26.49491     	 7.5818217794
03/12/2009   	25.562855    	27.31601     	26.79763     	 7.6157610317
04/12/2009   	23.935497    	26.56075     	25.44421     	 7.7029331128
05/12/2009   	23.090961    	25.88380     	24.65724     	 7.5264981786
06/12/2009   	22.997082    	25.02676     	24.19410     	 7.7414313356
07/12/2009   	21.839823    	24.39026     	23.51948     	 7.8496514956
08/12/2009   	22.821909    	24.12176     	23.51573     	 7.8232015272
09/12/2009   	22.091579    	23.81403     	23.25524     	 7.7366448343
10/12/2009   	19.519949    	23.92696     	22.40969     	 7.9061118762
11/12/2009   	17.173901    	23.73188     	20.29340     	 7.8897756835
12/12/2009   	15.962054    	20.41755     	19.19583     	 7.6149643362
13/12/2009   	16.058193    	19.88066     	18.68324     	 7.1145895223
14/12/2009   	15.736773    	19.40449     	18.45174     	 6.5948640009
15/12/2009   	15.632888    	19.22312     	18.21415     	 5.9542934199
16/12/2009   	15.981040    	19.47256     	18.44014     	 5.3587274353
17/12/2009   	16.797319    	19.87403     	18.37633     	 4.9246273438
18/12/2009   	15.573128    	19.92418     	18.52859     	 4.3301471273
19/12/2009   	15.781417    	19.33849     	18.15558     	 3.6065702091
20/12/2009   	17.766024    	19.88098     	19.00127     	 2.8674197743
21/12/2009   	18.153299    	19.81590     	18.98923     	 2.6842109362
22/12/2009   	18.126112    	19.91954     	19.20284     	 2.5766122739
23/12/2009   	18.583616    	20.40356     	19.61665     	 2.6024475495
24/12/2009   	19.508665    	21.80808     	20.56724     	 2.7523722947
25/12/2009   	19.620491    	21.91306     	21.22778     	 2.9468992551
26/12/2009   	19.473625    	22.86049     	21.29055     	 3.1957123429
27/12/2009   	21.879787    	22.89744     	22.39449     	 3.6390951077
28/12/2009   	22.193121    	23.33685     	22.91297     	 3.7951753388
29/12/2009   	20.788441    	23.62375     	22.92081     	 3.5768035203
30/12/2009   	19.915499    	24.19927     	22.74427     	 3.2688859552
31/12/2009   	18.990162    	23.84934     	22.22009     	 2.9582268745
01/01/2010   	17.244345    	22.69617     	20.53758     	 2.5128912280
02/01/2010   	17.823557    	21.52526     	20.27405     	 2.2328832597
03/01/2010   	17.872828    	21.13266     	20.00992     	 1.9639759262
04/01/2010   	17.118919    	20.95543     	19.53603     	 1.7096597105
05/01/2010   	16.968719    	20.06733     	18.99964     	 1.6871773923
06/01/2010   	16.582924    	19.43942     	18.54785     	 1.6439017355
07/01/2010   	16.735453    	19.61257     	18.65749     	 1.5578310316
08/01/2010   	16.132517    	19.24614     	18.44779     	 1.2925653656
09/01/2010   	11.064311    	19.16845     	16.25849     	 0.6338456854
10/01/2010   	12.378288    	16.27725     	14.07320     	 0.2542557731
11/01/2010   	13.810671    	17.72501     	16.41901     	 0.4681597402
12/01/2010   	15.613758    	19.05904     	17.76729     	 0.5458812534
13/01/2010   	15.842362    	22.03632     	19.13260     	 0.1007678570
14/01/2010   	19.955622    	22.59885     	21.32548     	 0.3440043700
15/01/2010   	20.819260    	22.39289     	21.66586     	 0.4373500648
16/01/2010   	20.867363    	22.24799     	21.73478     	 0.5296767907
17/01/2010   	21.540251    	22.90721     	22.24736     	 0.8628993016
18/01/2010   	21.251654    	22.77422     	22.09587     	 1.0729465236
19/01/2010   	20.075726    	22.65094     	21.76788     	 1.2121965761
20/01/2010   	16.772633    	22.43263     	20.76651     	 1.1222080849
21/01/2010   	17.799976    	21.96372     	20.68299     	 1.0858491920
22/01/2010   	16.667139    	21.46255     	20.20025     	 0.9455433326
23/01/2010   	19.819685    	21.97589     	21.29186     	 1.0297768265
24/01/2010   	20.441010    	22.28399     	21.72533     	 1.0634878241
25/01/2010   	19.871145    	22.19586     	21.45811     	 0.8380267136
26/01/2010   	18.317850    	21.70833     	20.66024     	 0.2484932408
27/01/2010   	18.337761    	21.34870     	20.13093     	-0.0369800239
28/01/2010   	16.071140    	20.63986     	18.62654     	 0.2948407423
29/01/2010   	15.741930    	18.76137     	17.22903     	 0.5120966317
30/01/2010   	16.207905    	18.60687     	17.22265     	 0.5030640805
31/01/2010   	16.853418    	18.70104     	17.90620     	 0.6009876827
01/02/2010   	16.868950    	19.24081     	18.39811     	 0.7341557729
02/02/2010   	17.531540    	19.86383     	18.95602     	 0.9177379285
03/02/2010   	17.766142    	19.81256     	18.86538     	 1.0323729167
04/02/2010   	16.946047    	19.79397     	18.98889     	 1.1839341670
05/02/2010   	17.189251    	20.49195     	19.23426     	 1.3270741031
06/02/2010   	16.970362    	20.66643     	19.66675     	 1.4957798918
07/02/2010   	15.587307    	19.79785     	18.59933     	 1.4404999365
08/02/2010   	16.292669    	19.45901     	18.46556     	 1.2220344245
09/02/2010   	17.066036    	19.41118     	18.41222     	 0.8283867786
10/02/2010   	15.675211    	18.94687     	17.67090     	 0.6159192367
11/02/2010   	13.788292    	16.63738     	15.48510     	 0.3743341034
12/02/2010   	14.157393    	16.87158     	15.71649     	 0.1413707770
13/02/2010   	14.806503    	17.18173     	16.13052     	-0.0008668556
14/02/2010   	15.582542    	18.30029     	17.12233     	-0.1571992769
15/02/2010   	17.180481    	20.34008     	18.83035     	-0.3768364042
16/02/2010   	18.038448    	21.11407     	19.63870     	-0.4402826888
17/02/2010   	19.903015    	21.20174     	20.53410     	-0.4130117480
18/02/2010   	19.959047    	21.37798     	20.72293     	-0.2480437340
19/02/2010   	20.276533    	22.09157     	21.01448     	 0.1975042519
20/02/2010   	20.683994    	22.08630     	21.25210     	 0.4587336633
21/02/2010   	20.066595    	21.44182     	20.91110     	 0.4847373624
22/02/2010   	20.485350    	21.82931     	21.19408     	 0.8942140589
23/02/2010   	20.060989    	22.31646     	21.17071     	 1.0686630582
24/02/2010   	21.284460    	22.40362     	21.86666     	 1.2573833913
25/02/2010   	22.050402    	23.98285     	23.06550     	 1.7678768262
26/02/2010   	22.365292    	23.93501     	23.49270     	 2.2282102481
27/02/2010   	18.031389    	23.77028     	21.49628     	 2.5866650343
28/02/2010   	21.772470    	23.22050     	22.54248     	 2.7487944116
01/03/2010   	21.369116    	22.88667     	22.30858     	 2.8765423199
02/03/2010   	18.914202    	22.56970     	21.61907     	 2.8773517162
03/03/2010   	16.725250    	22.33595     	20.45499     	 2.9112260143
04/03/2010   	14.172706    	21.34369     	18.47595     	 2.9283995380
05/03/2010   	13.327292    	19.51443     	16.62768     	 2.8898338775
06/03/2010   	12.588093    	17.49996     	14.71501     	 2.6849122395
07/03/2010   	13.287788    	17.54511     	15.73664     	 2.4921174745
08/03/2010   	13.494546    	16.48686     	15.25252     	 2.3792882214
09/03/2010   	13.788141    	15.85702     	15.05832     	 2.2974873632
10/03/2010   	14.014487    	16.45779     	15.29282     	 2.3244340618
11/03/2010   	13.671681    	16.23594     	15.10344     	 2.3215127091
12/03/2010   	13.078199    	15.31621     	14.26634     	 2.5048388640
13/03/2010   	12.190040    	16.49120     	14.58102     	 2.6591509332
14/03/2010   	11.733174    	15.67145     	13.58622     	 3.0065952688
15/03/2010   	11.285715    	14.29133     	12.89609     	 3.3453954458
16/03/2010   	12.863453    	15.31836     	14.16007     	 3.6548484365
17/03/2010   	13.910585    	17.21598     	15.76942     	 3.9178357919
18/03/2010   	14.617177    	17.72226     	16.46850     	 4.2354581157
19/03/2010   	15.287659    	18.33488     	17.15586     	 4.6588661273
20/03/2010   	17.213757    	19.56793     	18.40048     	 5.0924057265
21/03/2010   	16.907637    	19.22335     	18.22009     	 5.5035287837
22/03/2010   	16.592232    	18.96269     	18.16041     	 5.6575333277
23/03/2010   	16.787704    	19.42113     	18.29852     	 5.8261985083
24/03/2010   	16.438150    	19.62360     	18.72381     	 6.0803285638
25/03/2010   	17.484705    	20.69211     	19.38414     	 6.4317340155
26/03/2010   	17.794870    	21.10942     	20.02152     	 6.7321730852
27/03/2010   	17.370338    	21.58108     	20.04879     	 6.8639086882
28/03/2010   	17.948820    	20.89697     	19.75037     	 7.0881497959
29/03/2010   	17.690542    	20.63498     	19.58668     	 7.2911459704
30/03/2010   	17.179224    	21.17651     	19.80983     	 7.4116157393
31/03/2010   	19.579063    	23.51867     	21.57286     	 7.2632681926
01/04/2010   	21.469423    	23.36893     	22.51089     	 6.9448869030
02/04/2010   	22.114597    	23.19797     	22.62025     	 6.8013255596
03/04/2010   	20.718124    	24.05980     	22.98377     	 6.9047612051
04/04/2010   	19.628347    	23.95189     	22.53068     	 7.1096771061
05/04/2010   	18.454082    	23.15305     	21.37980     	 7.2574197451
06/04/2010   	18.022577    	23.09684     	21.37961     	 7.4639550149
07/04/2010   	20.264477    	23.75923     	22.38325     	 7.7079363962
08/04/2010   	19.698263    	23.11644     	21.43341     	 8.0924575229
09/04/2010   	19.124134    	21.29467     	20.63215     	 8.5086564422
10/04/2010   	19.011719    	21.37868     	20.51938     	 8.8429292440
11/04/2010   	16.957243    	20.91607     	19.73615     	 8.9681369861
12/04/2010   	16.247652    	19.87128     	18.54783     	 9.0326438149
13/04/2010   	16.077957    	19.35168     	17.97834     	 9.0352994800
14/04/2010   	16.566986    	19.36403     	18.18798     	 9.0765943130
15/04/2010   	17.105949    	19.96204     	18.80390     	 9.0761239727
16/04/2010   	17.041927    	20.20139     	18.83208     	 9.1299048066
17/04/2010   	17.115782    	20.13392     	18.79604     	 9.3263374964
18/04/2010   	18.583717    	20.96050     	19.83341     	 9.5840161641
19/04/2010   	18.801229    	21.24739     	20.29567     	 9.7425649762
20/04/2010   	19.200495    	21.80956     	20.67405     	 9.8485705058
21/04/2010   	18.022478    	21.43191     	19.71599     	 9.6025093198
22/04/2010   	18.431786    	20.54088     	19.53937     	 9.4167452256
23/04/2010   	19.897350    	22.16247     	21.00794     	 9.5186298092
24/04/2010   	20.481564    	22.94264     	22.00393     	 9.7549499671
25/04/2010   	20.666265    	23.43869     	22.52439     	 9.9541678230
26/04/2010   	21.670469    	23.64486     	22.88147     	10.2604875167
27/04/2010   	21.498615    	23.90289     	22.92543     	10.6168121497
28/04/2010   	21.425058    	23.94499     	23.04197     	10.9782511592
29/04/2010   	21.949389    	24.35583     	23.41537     	11.3435875376
30/04/2010   	22.217026    	24.77163     	23.69119     	11.6915418108
01/05/2010   	22.610302    	24.57807     	23.77043     	11.8501157959
02/05/2010   	20.690775    	24.73075     	23.50442     	11.8180918892
03/05/2010   	16.846220    	23.70049     	19.60017     	11.2437472145
04/05/2010   	17.414892    	19.83150     	18.72738     	10.6843396028
05/05/2010   	17.126066    	20.89098     	19.18301     	10.4283738335
06/05/2010   	18.456306    	20.96684     	19.86055     	10.3148998221
07/05/2010   	19.325773    	21.63098     	20.62477     	10.1702753703
08/05/2010   	21.381409    	23.46076     	22.35601     	10.2054511309
09/05/2010   	22.072662    	23.54329     	22.91643     	10.3435262243
10/05/2010   	21.923758    	23.57454     	22.88926     	10.5043077866
11/05/2010   	20.913118    	23.69845     	22.62846     	10.4450548490
12/05/2010   	19.074505    	23.18067     	21.08623     	10.0708026886
13/05/2010   	19.259619    	21.60381     	20.07935     	 9.8185021480
14/05/2010   	19.422493    	22.87132     	21.57356     	 9.9275496006
15/05/2010   	20.744053    	23.63068     	22.49380     	10.1088587840
16/05/2010   	20.926035    	23.45948     	22.36840     	10.3080289563
17/05/2010   	21.289927    	24.08823     	22.78757     	10.5978244344
18/05/2010   	19.897207    	23.81163     	22.38558     	11.0680165291
19/05/2010   	18.739744    	23.20370     	21.09320     	11.5697987278
20/05/2010   	18.896935    	22.91113     	21.10701     	12.1921556791
21/05/2010   	18.994228    	22.82316     	21.11158     	12.9654063185
22/05/2010   	18.738560    	21.52543     	20.12554     	13.6384097139
23/05/2010   	18.982622    	22.30473     	20.90379     	14.2810122371
24/05/2010   	20.189703    	22.84425     	21.62560     	14.8963298996
25/05/2010   	20.106920    	23.12142     	22.08615     	15.1048651338
26/05/2010   	19.830103    	23.05475     	21.88730     	15.0893359184
27/05/2010   	20.056105    	23.72809     	22.39618     	15.0195050240
28/05/2010   	21.180529    	24.35006     	23.15955     	15.0939645966
29/05/2010   	21.435848    	24.67441     	23.40137     	15.0410700838
30/05/2010   	22.980349    	25.74522     	24.65455     	15.0086863041
31/05/2010   	23.038544    	25.69918     	24.50414     	14.9251788656
01/06/2010   	22.371082    	25.20513     	24.07781     	15.0354450345
02/06/2010   	21.408224    	25.21305     	23.77941     	15.2845961452
03/06/2010   	21.429989    	24.77327     	23.44619     	15.6632575194
04/06/2010   	21.999287    	24.59644     	23.65247     	16.0503641168
05/06/2010   	22.590675    	24.93078     	24.13717     	16.4201808373
06/06/2010   	23.531567    	25.17827     	24.56305     	16.7706957261
07/06/2010   	24.111628    	25.69374     	24.88954     	16.9080647230
08/06/2010   	24.010920    	25.49821     	24.76641     	17.1171475649
09/06/2010   	24.213978    	25.49227     	24.71060     	17.4320842425
10/06/2010   	22.669319    	25.07841     	24.27528     	17.7080144087
11/06/2010   	22.130674    	24.67007     	23.82457     	18.0338415702
12/06/2010   	21.143345    	24.27609     	23.27360     	17.9373966853
13/06/2010   	20.330040    	23.93601     	22.15573     	17.7875756025
14/06/2010   	19.598011    	23.13005     	22.03819     	17.9239137173
15/06/2010   	17.697342    	22.72579     	20.88504     	17.6103994449
16/06/2010   	18.136719    	21.41653     	19.86328     	17.3016405503
17/06/2010   	19.464636    	22.69330     	20.92581     	17.0989991029
18/06/2010   	21.140171    	23.20981     	22.09095     	16.7925397158
19/06/2010   	21.728333    	23.75485     	22.67286     	15.8679797649
20/06/2010   	22.366896    	26.86518     	24.38757     	14.7607882818
21/06/2010   	25.390781    	27.76056     	26.69189     	14.3591935237
22/06/2010   	26.031561    	28.12952     	27.27672     	14.7713403503
23/06/2010   	26.874802    	28.24343     	27.46512     	15.4869346619
24/06/2010   	27.194925    	28.33741     	27.68441     	16.1514682372
25/06/2010   	27.140415    	28.30704     	27.75277     	16.6211096843
26/06/2010   	26.871103    	28.34996     	27.72351     	17.2112923861
27/06/2010   	26.575804    	28.66592     	27.87264     	17.7588823239
28/06/2010   	26.865610    	28.92516     	28.02837     	18.6458743811
29/06/2010   	26.367851    	28.90295     	28.05767     	19.2752136787
30/06/2010   	26.615387    	28.88093     	28.10418     	19.6142425934
01/07/2010   	26.593954    	28.89134     	28.03873     	19.9568372170
02/07/2010   	26.602087    	28.95973     	28.19461     	20.4038377206
03/07/2010   	26.570976    	29.02138     	28.09463     	20.8619807164
04/07/2010   	26.828245    	28.96231     	28.05870     	21.2066851854
05/07/2010   	26.766830    	28.74900     	28.11045     	21.3151806593
06/07/2010   	26.328045    	28.68797     	27.79550     	21.3931605021
07/07/2010   	26.610563    	28.68474     	27.93763     	21.0773454110
08/07/2010   	27.599718    	28.86191     	28.38474     	20.9735415379
09/07/2010   	27.477907    	28.88151     	28.40033     	21.3610959450
10/07/2010   	27.358376    	28.92447     	28.40033     	21.9213248491
11/07/2010   	27.209070    	28.97975     	28.30899     	22.3470476866
12/07/2010   	27.023443    	29.06132     	28.40812     	22.3763369719
13/07/2010   	27.449673    	29.15922     	28.55113     	22.1556578080
14/07/2010   	27.527784    	29.21702     	28.58451     	22.3378828367
15/07/2010   	27.358347    	28.99565     	28.53807     	21.8655751149
16/07/2010   	26.892185    	28.91505     	28.27260     	21.0101519028
17/07/2010   	27.269699    	28.76818     	28.11244     	20.5959157944
18/07/2010   	27.100388    	28.32760     	27.90688     	20.4518962701
19/07/2010   	27.136694    	28.20639     	27.92502     	20.6108088493
20/07/2010   	27.130144    	28.21817     	27.88202     	20.9152118762
21/07/2010   	27.399046    	28.38464     	27.97628     	21.0611293316
22/07/2010   	27.273684    	28.40477     	27.99620     	21.1033244133
23/07/2010   	26.260738    	28.34209     	27.80659     	21.2174990177
24/07/2010   	25.196732    	28.28885     	27.10322     	21.0586568515
25/07/2010   	25.163084    	28.09127     	27.01489     	20.9800894658
26/07/2010   	24.360767    	27.84118     	26.68826     	20.9115581512
27/07/2010   	23.885050    	27.54878     	25.90240     	20.7847902775
28/07/2010   	23.062996    	27.10671     	25.73616     	20.8444582224
29/07/2010   	22.778679    	26.65284     	25.02789     	20.7219953537
30/07/2010   	22.283998    	26.04740     	24.11886     	20.5608661175
31/07/2010   	22.226744    	26.43850     	24.70008     	20.4279832443
01/08/2010   	23.254257    	26.48544     	25.32960     	20.4028564692
02/08/2010   	23.081638    	26.24539     	25.25632     	20.5314326684
03/08/2010   	23.486919    	26.19605     	25.15595     	20.6064666112
04/08/2010   	24.506199    	26.69831     	25.67474     	20.4607991378
05/08/2010   	24.184582    	26.88159     	25.73995     	20.2095542749
06/08/2010   	23.825197    	26.15197     	25.11399     	20.1513679822
07/08/2010   	24.322956    	25.90680     	25.19865     	20.0822777748
08/08/2010   	23.099976    	26.55725     	25.29551     	20.0463767052
09/08/2010   	22.360294    	25.68781     	24.22804     	20.0990669727
10/08/2010   	22.511255    	25.69968     	24.55892     	20.0996797482
11/08/2010   	22.054800    	26.11730     	24.82171     	20.0216670831
12/08/2010   	21.698151    	25.49317     	24.29386     	19.9804441134
13/08/2010   	21.714712    	25.22916     	23.96972     	19.7499940395
14/08/2010   	21.283602    	25.02843     	23.84665     	19.8681375186
15/08/2010   	17.595217    	24.63451     	21.80602     	19.7076419989
16/08/2010   	18.160746    	22.64168     	20.36711     	19.5415594180
17/08/2010   	20.144688    	22.87370     	21.47658     	19.5362300078
18/08/2010   	20.086592    	22.23840     	21.08134     	19.2892304262
19/08/2010   	18.672434    	21.22054     	20.18297     	18.9430421193
20/08/2010   	18.622654    	21.47517     	20.29976     	18.9228082498
21/08/2010   	19.174496    	20.73384     	20.05946     	19.1460949977
22/08/2010   	19.467720    	20.56653     	20.09740     	19.2985503674
23/08/2010   	19.612074    	21.67360     	20.45482     	19.3758169413
24/08/2010   	17.074034    	21.32417     	19.45807     	18.9048495690
25/08/2010   	17.730955    	21.66262     	20.17090     	18.3361456792
26/08/2010   	19.592010    	22.34477     	21.22879     	17.9284474452
27/08/2010   	21.369478    	22.87018     	22.00037     	17.5587491989
28/08/2010   	19.188812    	22.73201     	20.99642     	17.0455770493
29/08/2010   	18.440138    	21.05964     	19.70804     	16.6822832823
30/08/2010   	17.269033    	20.73095     	19.06325     	16.0420822104
31/08/2010   	16.742748    	19.75066     	18.05440     	15.7434748809
01/09/2010   	17.101126    	19.86648     	18.59112     	15.7751756708
02/09/2010   	16.445045    	19.83780     	18.53607     	15.8630527258
03/09/2010   	15.811555    	19.18882     	17.74939     	16.0149671833
04/09/2010   	15.243638    	17.98876     	16.95842     	16.2388990124
05/09/2010   	14.183446    	17.54917     	16.48707     	16.3593513568
06/09/2010   	13.132980    	17.66118     	16.33167     	16.2412897746
07/09/2010   	13.943183    	19.71433     	18.02174     	15.6063358188
08/09/2010   	16.914173    	20.16503     	19.29455     	15.4406887889
09/09/2010   	18.131245    	20.78094     	19.93779     	15.7505878409
10/09/2010   	18.099585    	20.63362     	19.68629     	15.9357005755
11/09/2010   	18.179876    	20.36294     	19.69180     	16.1462494731
12/09/2010   	17.723421    	20.27084     	19.57281     	16.4392705758
13/09/2010   	17.443554    	20.17138     	19.05731     	16.3782927990
14/09/2010   	14.108855    	19.94904     	18.21845     	16.3971583843
15/09/2010   	13.689164    	19.44718     	16.86393     	16.1051413417
16/09/2010   	13.137128    	18.84316     	16.72975     	15.4926224947
17/09/2010   	15.376096    	19.35627     	17.86195     	14.9906068444
18/09/2010   	17.332603    	20.32052     	18.74293     	14.1645645102
19/09/2010   	17.138824    	20.18963     	18.75294     	13.9219555656
20/09/2010   	16.301987    	20.09469     	18.05360     	14.0795802673
21/09/2010   	16.705036    	19.47452     	18.19295     	14.3407481710
22/09/2010   	16.750427    	18.56161     	17.97776     	14.5265950163
23/09/2010   	16.040117    	19.19752     	18.04245     	14.8252173861
24/09/2010   	15.853131    	18.58033     	17.90420     	15.1013752023
25/09/2010   	14.785239    	18.57430     	16.80277     	14.6062927047
26/09/2010   	15.314142    	17.70862     	16.74139     	14.3641348282
27/09/2010   	14.778587    	17.85229     	16.90230     	14.4176196456
28/09/2010   	15.311821    	18.05024     	17.11596     	14.4606936375
29/09/2010   	14.512914    	18.06125     	16.99327     	14.1979244153
30/09/2010   	13.919968    	19.33884     	17.43500     	13.7818345428
01/10/2010   	17.530657    	19.39428     	18.47879     	13.7715498408
02/10/2010   	18.428629    	20.06528     	19.10581     	13.8771048586
03/10/2010   	19.758488    	20.78555     	20.25018     	14.4244357347
04/10/2010   	20.022079    	22.14319     	21.26863     	14.9470166763
05/10/2010   	20.526474    	22.36049     	21.58463     	15.2610473434
06/10/2010   	20.606110    	22.63268     	21.87940     	15.5094260772
07/10/2010   	20.207344    	22.29538     	21.77572     	15.5131968458
08/10/2010   	18.396091    	22.18003     	21.18990     	15.5154019396
09/10/2010   	17.392721    	21.98958     	20.50273     	15.2318736116
10/10/2010   	17.738424    	21.38803     	20.24121     	14.8125843803
11/10/2010   	16.547113    	21.00446     	19.31557     	14.3271971941
12/10/2010   	15.323959    	19.83871     	17.95377     	13.9349320134
13/10/2010   	15.171881    	18.97015     	17.17826     	13.6651055217
14/10/2010   	14.750488    	18.30200     	16.77619     	13.4708323677
15/10/2010   	14.658156    	17.62977     	15.99338     	13.2155677676
16/10/2010   	14.162498    	17.01430     	15.37136     	12.6631030043
17/10/2010   	15.123700    	19.68925     	17.16557     	12.0997300943
18/10/2010   	17.030714    	19.79625     	18.84449     	11.6651671727
19/10/2010   	17.752071    	19.56253     	19.11103     	11.3967367212
20/10/2010   	17.239496    	19.51177     	18.44705     	10.9523918430
21/10/2010   	17.224277    	19.15076     	18.16590     	10.1855182449
22/10/2010   	15.739154    	19.91825     	18.01420     	 9.7909931739
23/10/2010   	16.809338    	20.93715     	18.36697     	 9.4661928614
24/10/2010   	17.835888    	19.54435     	18.70755     	 9.3032797972
25/10/2010   	17.420612    	19.36068     	18.60304     	 8.8343904614
26/10/2010   	16.890875    	19.00212     	17.84292     	 8.4812272191
27/10/2010   	16.684420    	19.35308     	18.20959     	 8.5252165198
28/10/2010   	16.465925    	19.28819     	18.62923     	 8.8639519811
29/10/2010   	18.471832    	19.81926     	18.82723     	 9.1029530168
30/10/2010   	19.091257    	21.06277     	20.06498     	 9.5372512142
31/10/2010   	20.035337    	22.17233     	21.00225     	 9.8370354772
01/11/2010   	19.675621    	22.66797     	21.55900     	 9.9958368142
02/11/2010   	20.108677    	22.41311     	21.76410     	10.1518681447
03/11/2010   	18.431803    	22.00710     	20.84039     	10.4463516076
04/11/2010   	18.200937    	21.88795     	20.44760     	10.7614689867
05/11/2010   	17.643038    	21.94505     	20.27456     	11.3731265465
06/11/2010   	20.381458    	21.80385     	21.11368     	11.2906276584
07/11/2010   	19.851301    	21.80905     	21.20082     	10.9517639677
08/11/2010   	18.346413    	22.31197     	21.02261     	10.3130294879
09/11/2010   	17.850401    	23.91669     	21.66339     	 9.5116650263
10/11/2010   	17.773264    	23.34818     	21.04963     	 8.9511205951
11/11/2010   	18.105133    	21.78526     	20.28123     	 8.1896409790
12/11/2010   	 9.978969    	19.91954     	17.05860     	 7.7624916335
13/11/2010   	15.552327    	20.91917     	18.52453     	 8.0357827246
14/11/2010   	17.843195    	22.70071     	20.56610     	 8.3550297221
15/11/2010   	20.344873    	22.49768     	21.44146     	 8.4389081995
16/11/2010   	19.235451    	21.78858     	21.11701     	 8.2634636362
17/11/2010   	17.036789    	22.50626     	21.10941     	 8.0070972840
18/11/2010   	17.403908    	22.57885     	21.39926     	 7.7774116000
19/11/2010   	18.713537    	22.56999     	21.24309     	 7.6851432025
20/11/2010   	17.917725    	21.46260     	20.35373     	 7.6103583475
21/11/2010   	16.963810    	20.77503     	19.68890     	 7.4817387561
22/11/2010   	15.609297    	20.21960     	18.62283     	 7.1905994018
23/11/2010   	13.593876    	19.07336     	16.66836     	 6.8033058345
24/11/2010   	14.060124    	17.31939     	15.66445     	 6.3928718567
25/11/2010   	15.547322    	18.54751     	17.20489     	 6.1445856094
26/11/2010   	16.193060    	19.10199     	18.17636     	 5.7871738573
27/11/2010   	16.280893    	19.91273     	18.58248     	 5.3603511751
28/11/2010   	14.886053    	19.99378     	18.59748     	 4.8174852928
29/11/2010   	16.132170    	19.77896     	18.45369     	 4.0728238225
30/11/2010   	16.517164    	20.16120     	18.66422     	 3.3913913717
01/12/2010   	16.136602    	20.10102     	18.50219     	 2.3753459702
02/12/2010   	17.613148    	21.20822     	20.05540     	 1.6518531864
03/12/2010   	19.491140    	21.20493     	20.54703     	 1.6207894559
04/12/2010   	19.799938    	21.99446     	21.10897     	 1.4790730799
05/12/2010   	21.016243    	22.44322     	21.86563     	 1.6563128581
06/12/2010   	21.422380    	22.64503     	22.07871     	 1.8086512387
07/12/2010   	21.149466    	22.73148     	22.16795     	 1.7187790473
08/12/2010   	20.675795    	22.89638     	22.15681     	 1.6261620323
09/12/2010   	17.632584    	22.76762     	20.64909     	 1.5092358738
10/12/2010   	18.301767    	20.91341     	19.34582     	 1.4303184152
11/12/2010   	17.847679    	20.84688     	19.48968     	 2.0207813159
12/12/2010   	17.649803    	21.74468     	19.66735     	 2.8079503328
13/12/2010   	19.340248    	23.19340     	21.82054     	 3.0629120270
14/12/2010   	19.048153    	23.26588     	21.46339     	 2.7561472158
15/12/2010   	16.878220    	22.38795     	19.27352     	 2.3312629064
16/12/2010   	17.125816    	20.59808     	18.48321     	 2.2930498123
17/12/2010   	17.292002    	20.52184     	19.01069     	 2.1575162262
18/12/2010   	19.057631    	22.12955     	20.50396     	 1.9289692193
19/12/2010   	20.756847    	22.49420     	21.72017     	 1.3978965431
20/12/2010   	21.040123    	22.75384     	21.96005     	 0.9077780644
21/12/2010   	20.982063    	22.26782     	21.79209     	 0.5229986900
22/12/2010   	19.966106    	22.20834     	21.60929     	 0.1492846632
23/12/2010   	16.968084    	21.97965     	20.18209     	 0.0289805164
24/12/2010   	16.047289    	19.97414     	17.78242     	-0.2656406116
25/12/2010   	17.598063    	20.21140     	18.74729     	-0.4929453048
26/12/2010   	18.657064    	22.39016     	20.65536     	-0.3796493125
27/12/2010   	19.186970    	20.81663     	20.20699     	-0.1691510329
28/12/2010   	19.540306    	21.06448     	20.38480     	-0.1328458893
29/12/2010   	20.384388    	21.55311     	20.96703     	-0.1012379540
30/12/2010   	18.869934    	21.73365     	20.93633     	-0.0546129231
31/12/2010   	18.251417    	21.38674     	19.75678     	 0.1460426200
