date	smin	smax	smean	tmean
01/01/2009 	 9.5244541 	18.11610   	15.699911  	 0.64891781
02/01/2009 	 8.1114492 	18.11869   	14.384156  	 0.96061345
03/01/2009 	 8.6392765 	17.59420   	13.624639  	 0.70864305
04/01/2009 	 6.3165321 	16.05017   	12.356059  	 1.19465913
05/01/2009 	 7.2356091 	16.80033   	12.875682  	 1.04652916
06/01/2009 	11.9469442 	16.62379   	14.586879  	 0.21090625
07/01/2009 	14.4658699 	18.13390   	16.302550  	 0.67900635
08/01/2009 	 6.8580575 	18.32543   	15.781690  	 0.41638757
09/01/2009 	 8.2999687 	18.72770   	15.402276  	 0.33036017
10/01/2009 	12.0243397 	19.35866   	16.175607  	 0.06845601
11/01/2009 	13.8592377 	20.89427   	18.514020  	 0.09728525
12/01/2009 	 9.5987320 	21.85097   	19.135467  	 0.37639261
13/01/2009 	13.4619370 	22.63690   	20.634065  	 0.98592076
14/01/2009 	 9.4305983 	22.24169   	18.543158  	 1.20818045
15/01/2009 	 6.1369290 	21.30967   	14.915641  	 1.14441328
16/01/2009 	 2.9053259 	20.23650   	12.005919  	 1.08062466
17/01/2009 	 6.5859795 	22.07296   	17.099253  	 1.47732470
18/01/2009 	16.0291424 	23.93874   	22.227071  	 2.27705278
19/01/2009 	20.1589336 	23.44184   	22.818585  	 2.45750850
20/01/2009 	19.0498619 	24.06586   	22.569256  	 2.74590294
21/01/2009 	11.5190182 	24.44473   	21.193982  	 2.58804661
22/01/2009 	 2.9540107 	25.71750   	20.552566  	 2.53975961
23/01/2009 	12.9950294 	26.88201   	24.618715  	 2.74859635
24/01/2009 	24.7781219 	26.48445   	25.993657  	 2.92392716
25/01/2009 	11.6160736 	26.25577   	22.884360  	 2.78685609
26/01/2009 	10.0402822 	26.22513   	21.037213  	 2.46556992
27/01/2009 	 8.6599207 	23.53698   	19.276692  	 2.05135736
28/01/2009 	 6.2106986 	23.34972   	17.004012  	 1.68933529
29/01/2009 	 6.9947248 	21.09127   	16.483395  	 1.45504788
30/01/2009 	11.2980738 	21.59892   	15.822365  	 0.89653541
31/01/2009 	13.8780842 	21.58780   	17.549037  	 0.42237506
01/02/2009 	15.0103893 	21.77330   	18.154809  	-0.31645675
02/02/2009 	19.2528095 	22.00311   	20.417037  	-0.46049150
03/02/2009 	20.1339893 	23.07360   	21.640618  	 0.22780644
04/02/2009 	20.6401825 	23.41500   	22.198507  	 0.51071755
05/02/2009 	12.6650524 	23.52784   	21.281039  	 0.59284226
06/02/2009 	13.9140320 	23.54400   	21.309315  	 0.87309248
07/02/2009 	12.4549208 	22.66426   	19.478950  	 0.98440504
08/02/2009 	11.5544786 	21.15090   	17.724891  	 1.02417272
09/02/2009 	 9.1770000 	21.30717   	17.417048  	 1.13608896
10/02/2009 	 6.5107365 	21.07211   	16.304007  	 1.22671209
11/02/2009 	 8.6247292 	18.48157   	14.524104  	 1.44812694
12/02/2009 	 8.0808372 	18.05092   	14.879094  	 1.63005893
13/02/2009 	 6.4625287 	17.56416   	13.044889  	 1.77518968
14/02/2009 	 4.9252439 	16.76040   	12.301237  	 1.59854577
15/02/2009 	 4.8624277 	17.47095   	12.628983  	 1.78745781
16/02/2009 	 2.9282868 	17.56322   	11.672552  	 2.21615327
17/02/2009 	 7.0025697 	17.17301   	13.433044  	 2.50906633
18/02/2009 	 5.6329598 	16.86980   	12.831977  	 2.40128952
19/02/2009 	 3.3445480 	16.37874   	11.941486  	 2.35753615
20/02/2009 	 6.7632346 	15.46174   	12.760887  	 2.62750008
21/02/2009 	 4.1392164 	15.43202   	11.218951  	 2.71123312
22/02/2009 	 4.1917095 	15.13767   	10.864466  	 3.05571398
23/02/2009 	 3.8092108 	13.55379   	 9.141507  	 3.48264142
24/02/2009 	 2.1935246 	13.52516   	 8.902050  	 3.59784054
25/02/2009 	 0.9772365 	14.75657   	 9.217878  	 3.79646328
26/02/2009 	 3.0431864 	14.40307   	10.789979  	 4.15807631
27/02/2009 	 3.2217600 	14.78298   	10.640153  	 4.59867530
28/02/2009 	 3.1633177 	14.50343   	10.410296  	 4.83761358
01/03/2009 	 3.1775205 	14.77699   	 9.909980  	 4.80137685
02/03/2009 	 4.8628130 	14.96896   	11.194363  	 5.01366191
03/03/2009 	 4.2136369 	15.96830   	12.207131  	 5.02539477
04/03/2009 	 2.3637056 	17.34504   	13.115451  	 4.91008253
05/03/2009 	10.9603138 	18.97902   	16.013612  	 5.02121225
06/03/2009 	 7.4870987 	16.13074   	12.668840  	 4.92606924
07/03/2009 	 5.4135761 	15.52551   	11.894710  	 4.81854679
08/03/2009 	 3.5574973 	17.26157   	14.645496  	 5.13196592
09/03/2009 	10.0852728 	17.31656   	16.179758  	 5.07413354
10/03/2009 	 8.4889889 	17.97581   	15.237726  	 5.04574300
11/03/2009 	 5.0615931 	16.30253   	12.874858  	 5.04392381
12/03/2009 	 1.8366599 	16.26712   	10.993413  	 5.35470126
13/03/2009 	 4.1304398 	15.45100   	10.930643  	 5.56017415
14/03/2009 	 1.6164225 	15.42770   	 9.478286  	 5.82043081
15/03/2009 	 2.1485236 	15.25949   	 9.871249  	 5.97787194
16/03/2009 	 0.9847701 	13.47536   	 8.091596  	 6.30967713
17/03/2009 	 1.8748535 	13.22604   	 8.016412  	 6.56551415
18/03/2009 	 0.9157916 	11.47781   	 6.628607  	 6.67521143
19/03/2009 	 2.5332851 	11.91256   	 8.041337  	 6.76634698
20/03/2009 	 1.6421915 	11.04696   	 7.416118  	 6.86735728
21/03/2009 	 3.7110612 	11.41619   	 8.736580  	 6.87469981
22/03/2009 	 1.8146551 	11.16750   	 7.692424  	 6.91542718
23/03/2009 	 2.0702093 	10.87384   	 9.046658  	 6.91129339
24/03/2009 	 8.0046520 	14.03269   	11.268298  	 6.59459169
25/03/2009 	 3.4437582 	13.60818   	11.494934  	 6.60321590
26/03/2009 	 1.9627447 	14.95613   	12.018910  	 6.60445395
27/03/2009 	 5.1242967 	14.89015   	13.389161  	 6.57111851
28/03/2009 	 3.8742425 	14.89162   	12.380096  	 6.62146978
29/03/2009 	 6.7712975 	14.65232   	11.923107  	 6.60304462
30/03/2009 	 2.5655215 	14.25465   	10.590848  	 6.62192706
31/03/2009 	 1.7625923 	14.31027   	 9.708521  	 6.99248238
01/04/2009 	 2.3784070 	13.53337   	 8.526852  	 7.43848577
02/04/2009 	 1.5699350 	11.90121   	 7.244243  	 7.99977396
03/04/2009 	 2.3811076 	12.23313   	 7.979025  	 8.49767559
04/04/2009 	 3.2956028 	14.10984   	 9.670496  	 8.52768662
05/04/2009 	 5.6794815 	14.64475   	11.239942  	 8.53629247
06/04/2009 	 7.0689888 	15.97635   	11.944180  	 8.62774219
07/04/2009 	 9.1874199 	17.27621   	13.663966  	 8.93054903
08/04/2009 	11.5722351 	18.53990   	16.000170  	 8.83554341
09/04/2009 	14.6492767 	19.02754   	16.692009  	 8.93095450
10/04/2009 	 9.0875607 	19.31264   	15.410609  	 9.56122859
11/04/2009 	11.4253798 	19.24733   	15.897317  	10.05828784
12/04/2009 	13.4421606 	19.27395   	16.518661  	10.35525427
13/04/2009 	13.6106386 	19.05869   	16.597659  	10.54388640
14/04/2009 	13.9568815 	19.07753   	16.880470  	10.68499064
15/04/2009 	14.2113066 	19.04467   	16.886130  	11.09694336
16/04/2009 	14.4722996 	19.29677   	17.491921  	11.50894503
17/04/2009 	15.3396873 	19.86387   	17.890177  	11.47002131
18/04/2009 	15.3595495 	19.93330   	17.902519  	10.79108212
19/04/2009 	13.3675642 	19.32873   	17.597275  	11.64050718
20/04/2009 	13.9160862 	19.78638   	17.593268  	11.88503673
21/04/2009 	15.3948555 	19.86091   	17.748289  	12.09514354
22/04/2009 	15.8141632 	19.67306   	17.953669  	12.14437163
23/04/2009 	16.1537075 	19.80783   	17.944194  	12.03239204
24/04/2009 	17.5197048 	20.51950   	18.690883  	12.32649523
25/04/2009 	18.3242722 	20.82666   	19.314669  	12.57045760
26/04/2009 	18.6260109 	20.98223   	19.478887  	12.87407182
27/04/2009 	18.6254311 	21.14544   	19.785337  	13.01200471
28/04/2009 	18.7668362 	21.64104   	20.068360  	12.96781828
29/04/2009 	18.7987900 	22.02822   	20.257323  	13.03349131
30/04/2009 	18.8192558 	21.97048   	20.277584  	13.26387874
01/05/2009 	18.8136482 	21.99902   	20.407170  	13.73671645
02/05/2009 	18.9153309 	22.04442   	20.930412  	13.99304761
03/05/2009 	19.5958138 	22.32125   	21.334440  	13.82025331
04/05/2009 	19.4769688 	22.03200   	21.541618  	13.21229728
05/05/2009 	19.6605415 	22.02847   	21.606899  	13.00568424
06/05/2009 	20.3489304 	23.43365   	22.094589  	12.82375101
07/05/2009 	20.3562679 	23.24156   	22.258267  	12.85530988
08/05/2009 	17.4693336 	22.45319   	21.050652  	13.01754848
09/05/2009 	18.5006351 	21.83462   	20.901301  	12.84400151
10/05/2009 	18.4149990 	21.23955   	20.325676  	13.25454205
11/05/2009 	16.9703655 	21.70499   	19.353009  	12.92583263
12/05/2009 	18.1394997 	23.88239   	20.434326  	12.43408414
13/05/2009 	20.5293064 	24.28357   	21.801670  	12.74230035
14/05/2009 	20.8288116 	24.44085   	22.346335  	12.97486975
15/05/2009 	20.7349739 	23.33590   	22.327763  	13.25673419
16/05/2009 	16.8459015 	24.32985   	22.423044  	13.26400512
17/05/2009 	19.8748245 	24.58024   	23.185670  	13.49857620
18/05/2009 	12.7575836 	24.82292   	22.253770  	13.48622942
19/05/2009 	17.2168293 	24.79313   	22.732683  	13.62131476
20/05/2009 	19.1383114 	24.30182   	22.710094  	13.91834491
21/05/2009 	20.2353840 	24.21905   	22.801927  	14.20660867
22/05/2009 	20.8503151 	24.11405   	22.960919  	14.42789855
23/05/2009 	20.2903614 	24.11390   	22.749603  	14.93962173
24/05/2009 	20.3249989 	23.98373   	22.532551  	15.65625272
25/05/2009 	17.8406105 	23.92929   	22.003172  	16.33220073
26/05/2009 	14.8349171 	23.77022   	21.404759  	16.63809121
27/05/2009 	 8.5551472 	23.63944   	21.252338  	15.93953838
28/05/2009 	13.0313663 	23.45207   	20.085146  	15.86744328
29/05/2009 	10.2372208 	22.22383   	17.230046  	16.13445757
30/05/2009 	 8.9121904 	20.22981   	16.061919  	16.24691854
31/05/2009 	13.8885689 	20.76043   	17.123330  	16.34295837
01/06/2009 	12.0127840 	19.99559   	16.934864  	17.11057583
02/06/2009 	16.7351398 	19.67101   	18.450047  	16.80315367
03/06/2009 	18.4179325 	24.20258   	20.974527  	15.76110387
04/06/2009 	20.1558094 	25.22526   	23.184997  	14.43147717
05/06/2009 	22.2585545 	25.75316   	24.458135  	13.59406539
06/06/2009 	24.0601826 	27.11132   	25.282869  	13.34754858
07/06/2009 	23.7662106 	26.58642   	25.106999  	13.71105947
08/06/2009 	22.7359333 	25.89929   	24.856657  	14.61584679
09/06/2009 	19.5841751 	25.74036   	23.554855  	15.24055376
10/06/2009 	16.5941429 	26.00784   	22.968461  	15.40554573
11/06/2009 	14.2770720 	24.95722   	20.715839  	15.73606161
12/06/2009 	11.9629622 	23.16730   	18.668407  	15.79551327
13/06/2009 	 9.9642115 	21.88949   	16.974419  	16.06152064
14/06/2009 	 9.6356039 	22.56245   	17.582278  	16.61925348
15/06/2009 	11.3365726 	21.77735   	17.887388  	16.95150308
16/06/2009 	13.3216896 	21.23802   	18.034421  	17.12588155
17/06/2009 	 9.2869625 	21.31731   	17.129922  	17.18958533
18/06/2009 	13.8911180 	22.35903   	19.001959  	17.23899742
19/06/2009 	11.9691057 	22.38811   	18.772647  	17.14862021
20/06/2009 	11.8693981 	21.81105   	18.185752  	16.79250944
21/06/2009 	14.1182356 	21.21707   	18.008950  	16.60538930
22/06/2009 	14.4701576 	20.90460   	18.013767  	16.59305439
23/06/2009 	14.8560104 	21.49959   	18.168521  	17.05227379
24/06/2009 	14.7400188 	22.90785   	18.749682  	17.60487235
25/06/2009 	17.6596794 	23.90025   	20.480406  	18.02148283
26/06/2009 	16.2133083 	23.30281   	20.444258  	18.74836655
27/06/2009 	19.4058914 	24.08613   	21.803091  	19.24402984
28/06/2009 	20.4562759 	24.66240   	22.484011  	19.76725376
29/06/2009 	19.5118256 	24.73342   	22.749906  	20.51508780
30/06/2009 	16.6378269 	24.17761   	21.615163  	20.93721394
01/07/2009 	19.9752636 	23.90799   	22.003908  	21.19170570
02/07/2009 	17.5901852 	23.35354   	21.395306  	21.70333278
03/07/2009 	20.2358551 	24.32008   	22.679050  	21.89010187
04/07/2009 	17.3674793 	24.61736   	22.248789  	22.11726860
05/07/2009 	14.2855282 	24.53407   	20.861178  	22.31590998
06/07/2009 	16.5173073 	24.55234   	22.413336  	22.21483755
07/07/2009 	20.4262180 	25.91799   	24.198253  	21.32883350
08/07/2009 	17.9594078 	25.92172   	23.289657  	20.87657332
09/07/2009 	16.2824459 	25.31490   	22.740942  	19.36948987
10/07/2009 	16.3967533 	26.08355   	23.003496  	17.77373167
11/07/2009 	16.7735100 	26.46261   	22.847738  	16.93847609
12/07/2009 	11.6076565 	26.33859   	22.404949  	17.18762334
13/07/2009 	13.8815041 	25.66440   	21.996026  	17.90222577
14/07/2009 	16.2406540 	24.69843   	21.786571  	18.72690042
15/07/2009 	17.6769028 	24.09344   	22.522463  	19.22930678
16/07/2009 	21.6959705 	24.03271   	23.369386  	19.37019455
17/07/2009 	17.9452419 	24.00043   	23.012879  	19.47366611
18/07/2009 	22.6860065 	23.80161   	23.430959  	19.06550197
19/07/2009 	18.1198635 	23.56033   	22.531199  	18.84516060
20/07/2009 	16.0598640 	23.39244   	22.621839  	18.94647189
21/07/2009 	19.2059116 	23.24146   	22.058007  	18.98281054
22/07/2009 	20.1854649 	23.02040   	22.298205  	19.38482459
23/07/2009 	21.0970058 	22.98872   	22.435679  	19.41877933
24/07/2009 	21.5169296 	23.09325   	22.663920  	19.28947039
25/07/2009 	18.6348896 	23.15433   	22.175594  	19.12954712
26/07/2009 	12.7010260 	23.07009   	19.683237  	19.12644887
27/07/2009 	11.2744713 	22.69263   	19.278678  	19.53848056
28/07/2009 	16.5154495 	22.19411   	20.303666  	19.48450458
29/07/2009 	16.3540173 	22.18132   	20.059131  	19.59934727
30/07/2009 	19.7405434 	22.72437   	21.981046  	19.49116894
31/07/2009 	20.1835403 	23.07442   	22.041789  	18.64165660
01/08/2009 	16.6767178 	23.02419   	21.630735  	18.70040973
02/08/2009 	15.8433046 	22.28816   	20.134948  	19.06032658
03/08/2009 	14.8950300 	21.59999   	19.160607  	19.11603085
04/08/2009 	13.9251747 	21.68567   	19.177411  	19.51781174
05/08/2009 	16.1252289 	21.96689   	19.641143  	19.96489672
06/08/2009 	16.8445568 	22.17668   	20.213083  	20.58293060
07/08/2009 	18.1051445 	22.37283   	20.574241  	20.86739067
08/08/2009 	18.3568401 	22.30471   	20.483464  	20.85087196
09/08/2009 	17.3086510 	22.25337   	20.151642  	20.72038194
10/08/2009 	17.1332245 	22.15127   	20.522746  	20.90653451
11/08/2009 	16.9739704 	22.39918   	20.431854  	21.11898541
12/08/2009 	16.3101521 	22.14332   	20.084302  	20.84636843
13/08/2009 	17.6160488 	22.04931   	20.140667  	20.59138846
14/08/2009 	17.3246269 	22.05103   	20.126709  	20.51121104
15/08/2009 	19.2491131 	23.00902   	21.997100  	20.64597329
16/08/2009 	17.1848412 	23.00492   	21.672924  	20.60435454
17/08/2009 	17.4181366 	22.95240   	20.898522  	20.42194148
18/08/2009 	14.2985735 	22.82957   	19.913013  	20.17728253
19/08/2009 	13.5654240 	22.93328   	19.468078  	20.22146026
20/08/2009 	14.9536247 	23.33937   	20.554191  	20.57075226
21/08/2009 	19.2134132 	23.71404   	22.135112  	20.37059041
22/08/2009 	19.8897934 	23.53265   	22.148002  	20.02941318
23/08/2009 	19.1354542 	23.53712   	21.779731  	20.07143275
24/08/2009 	18.7260399 	24.24197   	21.970311  	20.25504343
25/08/2009 	20.4190311 	24.58571   	23.003201  	20.80109088
26/08/2009 	21.2324505 	24.78260   	23.502906  	20.24550315
27/08/2009 	21.3068829 	25.02502   	24.007097  	20.05169570
28/08/2009 	23.8711910 	25.25196   	24.976935  	19.31057314
29/08/2009 	24.0920105 	25.38024   	25.042753  	18.36569075
30/08/2009 	20.5684338 	25.35705   	24.083223  	17.28986947
31/08/2009 	24.0987988 	25.69234   	25.194854  	17.41879121
01/09/2009 	21.0077400 	25.42812   	24.198670  	17.73464827
02/09/2009 	19.3506660 	24.46242   	23.630186  	17.55688079
03/09/2009 	16.0735836 	25.03919   	23.030036  	17.32844150
04/09/2009 	23.9010944 	27.63007   	25.669612  	16.81211030
05/09/2009 	24.6484966 	27.52969   	26.504089  	16.21819735
06/09/2009 	20.4558849 	27.61395   	25.846043  	15.95754371
07/09/2009 	17.3179131 	27.04927   	24.009320  	16.02304534
08/09/2009 	17.0416393 	26.69188   	23.146042  	16.47058584
09/09/2009 	19.6573658 	26.36931   	23.466787  	16.84635071
10/09/2009 	20.5034904 	25.52826   	22.985308  	16.63699909
11/09/2009 	23.8171501 	26.21725   	24.741588  	15.86005308
12/09/2009 	24.2117710 	26.34145   	25.218752  	15.69584765
13/09/2009 	24.8216457 	27.30513   	25.888840  	15.71630440
14/09/2009 	25.0549297 	27.94235   	26.033669  	15.34745282
15/09/2009 	25.1521835 	27.62613   	26.415382  	15.36460030
16/09/2009 	25.4174271 	27.90137   	26.499737  	15.58302679
17/09/2009 	25.3097858 	28.44744   	26.970892  	15.41185768
18/09/2009 	26.4543056 	28.58052   	27.436598  	15.47411247
19/09/2009 	26.4426975 	28.19514   	27.347560  	15.65549592
20/09/2009 	26.5391312 	28.13283   	27.406641  	16.02790040
21/09/2009 	26.5824337 	28.77206   	27.525467  	15.90488674
22/09/2009 	26.7064342 	28.36689   	27.658876  	16.20993590
23/09/2009 	27.2939491 	28.21411   	27.699607  	16.31850894
24/09/2009 	27.5679836 	28.31202   	27.879685  	16.00640863
25/09/2009 	27.4880924 	28.51079   	28.005271  	15.81244548
26/09/2009 	25.2278061 	28.60904   	27.886710  	15.85293253
27/09/2009 	20.4382572 	28.47298   	26.129734  	16.08264780
28/09/2009 	20.8581047 	28.35761   	25.677828  	16.35312359
29/09/2009 	20.4160175 	27.26344   	24.917254  	16.24123037
30/09/2009 	14.6247959 	28.11589   	24.278608  	16.02411689
01/10/2009 	18.1666737 	27.36144   	22.964694  	15.48929155
02/10/2009 	18.2002735 	25.69694   	22.917052  	14.53776898
03/10/2009 	16.8142548 	27.75816   	24.961100  	14.43313392
04/10/2009 	26.2285690 	28.83905   	27.926870  	13.57927356
05/10/2009 	18.8796253 	29.33212   	26.539705  	12.89114402
06/10/2009 	11.6957855 	27.61671   	23.290232  	13.10488727
07/10/2009 	19.6731930 	27.05641   	24.854613  	13.82764252
08/10/2009 	15.6615629 	25.59437   	21.805566  	13.59816563
09/10/2009 	11.1242552 	23.95023   	19.423551  	13.03975032
10/10/2009 	 9.4004002 	23.98884   	19.329782  	12.70736126
11/10/2009 	14.8140440 	23.59484   	20.949177  	12.84620754
12/10/2009 	13.8287792 	23.43139   	19.043543  	12.07984203
13/10/2009 	10.3863888 	19.89963   	16.447332  	10.93975141
14/10/2009 	11.6557665 	20.53756   	17.677407  	10.63986961
15/10/2009 	11.2749510 	20.86767   	16.724169  	10.17571680
16/10/2009 	12.3478193 	29.35366   	21.152008  	10.18198297
17/10/2009 	22.5548420 	29.53419   	27.201044  	 9.46673793
18/10/2009 	23.4524765 	30.24758   	27.493146  	 9.35267413
19/10/2009 	15.7082853 	27.54973   	25.246837  	 9.58210323
20/10/2009 	12.0518522 	26.60750   	22.373544  	 9.17605750
21/10/2009 	 9.2462711 	27.27286   	20.147087  	 8.85269942
22/10/2009 	 9.8194199 	28.05309   	22.672352  	 8.98082429
23/10/2009 	18.9958363 	27.94575   	24.158570  	 9.29126855
24/10/2009 	21.9518127 	27.91990   	25.734094  	 9.64458193
25/10/2009 	23.7099113 	27.92323   	27.493713  	10.10155833
26/10/2009 	27.2482433 	27.92528   	27.827861  	10.39600390
27/10/2009 	17.5220108 	28.02750   	26.392048  	10.68124288
28/10/2009 	20.8548164 	27.90220   	25.895910  	10.78879384
29/10/2009 	21.0403996 	27.78536   	25.878092  	10.90839968
30/10/2009 	15.7281857 	27.27475   	23.858726  	10.92070212
31/10/2009 	15.3962002 	27.03140   	23.118604  	10.67590527
01/11/2009 	15.3555927 	27.59904   	23.754637  	10.95803682
02/11/2009 	21.4282684 	27.99255   	26.020619  	11.11514912
03/11/2009 	13.9171886 	27.91998   	24.888327  	10.70927352
04/11/2009 	20.3803692 	27.92790   	25.938355  	10.66135643
05/11/2009 	19.4588089 	27.49763   	25.507303  	10.46679785
06/11/2009 	12.0468111 	27.01587   	24.406550  	10.37991760
07/11/2009 	16.4650173 	27.03890   	25.338591  	10.22277006
08/11/2009 	18.2404442 	26.92371   	24.215343  	 9.93229318
09/11/2009 	13.1178408 	26.07997   	20.843948  	 9.29854838
10/11/2009 	15.4240112 	23.94853   	20.124930  	 9.16264842
11/11/2009 	11.9806776 	23.64559   	19.578053  	 9.22131511
12/11/2009 	10.6030760 	23.57543   	19.870923  	 9.01418970
13/11/2009 	11.1627827 	25.53418   	23.264196  	 9.43515474
14/11/2009 	11.9000139 	25.55460   	23.653142  	 9.85466238
15/11/2009 	19.3649178 	25.78391   	24.954255  	 9.93999845
16/11/2009 	 9.0241632 	25.71119   	22.936541  	 9.88034604
17/11/2009 	14.5022955 	25.60190   	23.713696  	10.00139495
18/11/2009 	10.2230597 	26.00352   	24.320028  	10.02798919
19/11/2009 	12.2571049 	27.47076   	25.286062  	10.36900731
20/11/2009 	10.0522919 	26.43789   	23.980275  	10.12471604
21/11/2009 	12.9375658 	25.91314   	22.671440  	10.25922902
22/11/2009 	10.8536396 	27.00186   	23.299086  	10.37883701
23/11/2009 	25.1485157 	27.87786   	26.579423  	10.29679078
24/11/2009 	24.9248276 	27.95419   	26.358648  	10.20764605
25/11/2009 	18.1501293 	27.12935   	25.363763  	10.20085498
26/11/2009 	25.1837425 	29.39430   	28.124877  	 9.75608546
27/11/2009 	21.3473301 	29.41540   	28.602220  	 9.47117595
28/11/2009 	12.3246193 	29.46447   	28.140734  	 9.04115607
29/11/2009 	16.3139610 	29.27782   	27.617698  	 8.66041474
30/11/2009 	18.0107670 	28.50288   	26.438313  	 8.28180917
01/12/2009 	14.2282085 	26.99844   	22.738342  	 7.85931694
02/12/2009 	 5.9621277 	25.14893   	17.709633  	 7.18585228
03/12/2009 	 3.8731625 	27.24718   	19.930068  	 7.33922858
04/12/2009 	10.2480726 	26.58078   	22.012310  	 7.42932122
05/12/2009 	 8.8301697 	25.77320   	21.108613  	 7.30632833
06/12/2009 	 7.1111193 	25.33219   	20.797055  	 7.66799957
07/12/2009 	10.5107737 	24.84684   	21.846737  	 7.68399501
08/12/2009 	12.2641258 	24.22107   	20.531746  	 7.58968439
09/12/2009 	 5.6952100 	23.03094   	17.339079  	 7.48094270
10/12/2009 	10.7376862 	23.44347   	18.340521  	 7.73498087
11/12/2009 	 8.0501356 	19.43303   	15.605713  	 7.70442357
12/12/2009 	 7.2483134 	17.43617   	13.366225  	 7.32346979
13/12/2009 	 5.5572729 	15.64832   	12.073802  	 6.61539524
14/12/2009 	 4.9808869 	15.64944   	11.760088  	 5.97765758
15/12/2009 	 4.0838294 	15.61777   	11.157366  	 5.17307960
16/12/2009 	 4.2915840 	17.23872   	12.053560  	 4.89750004
17/12/2009 	 3.9890208 	17.97330   	12.393096  	 4.62627350
18/12/2009 	 3.7264612 	16.57932   	11.650430  	 3.72663373
19/12/2009 	 3.9557564 	18.24467   	11.159399  	 2.85197335
20/12/2009 	11.8488932 	19.24155   	16.680969  	 2.83986994
21/12/2009 	 7.1842403 	19.09661   	15.873895  	 2.61879098
22/12/2009 	 8.3684826 	19.39889   	15.975602  	 2.38638485
23/12/2009 	 7.6288710 	19.49751   	15.972639  	 2.28351695
24/12/2009 	 9.3862925 	19.81210   	16.428411  	 2.11031023
25/12/2009 	13.8477221 	20.27694   	18.005916  	 2.41529169
26/12/2009 	11.1108446 	19.58749   	17.108839  	 2.74811456
27/12/2009 	16.1072941 	22.01793   	20.262287  	 3.20611216
28/12/2009 	14.1448259 	22.53388   	20.674747  	 3.34487812
29/12/2009 	 8.6347475 	21.82990   	17.584047  	 2.92582255
30/12/2009 	 7.0281510 	20.59377   	16.569111  	 2.60135244
31/12/2009 	 6.6725984 	20.17313   	15.658932  	 2.24317013
01/01/2010 	 7.3614054 	18.15695   	13.541543  	 1.64975218
02/01/2010 	 5.9029059 	18.50465   	13.796787  	 1.55437651
03/01/2010 	 7.3986955 	18.91804   	14.060682  	 1.31756122
04/01/2010 	 6.5259457 	18.43147   	14.059891  	 1.26157665
05/01/2010 	 6.9112339 	18.40309   	13.969931  	 1.45124684
06/01/2010 	 4.2663741 	17.76953   	13.249352  	 1.40512949
07/01/2010 	 4.9628119 	17.60812   	12.844802  	 1.17989228
08/01/2010 	 6.9096923 	17.36575   	12.882539  	 0.77338459
09/01/2010 	 7.3571777 	15.64529   	11.477645  	-0.14748686
10/01/2010 	 2.7776444 	16.20756   	 8.313680  	-0.25263253
11/01/2010 	 3.3104446 	14.92977   	11.387537  	 0.08591266
12/01/2010 	 3.4278827 	15.80735   	11.064570  	-0.01029808
13/01/2010 	 3.2631485 	18.58327   	11.221149  	-0.39441441
14/01/2010 	10.9942808 	21.23684   	16.877391  	-0.24572768
15/01/2010 	13.8389826 	21.12534   	17.583776  	-0.26437898
16/01/2010 	14.4531126 	21.21909   	18.349679  	-0.08900386
17/01/2010 	13.2551651 	22.21610   	19.751415  	 0.35052510
18/01/2010 	10.1655016 	21.86783   	19.437058  	 0.65371632
19/01/2010 	 8.1238470 	21.67218   	17.310387  	 0.86568794
20/01/2010 	 5.4512963 	19.64371   	13.743967  	 0.73547309
21/01/2010 	 5.5513449 	18.66158   	13.508472  	 0.68197044
22/01/2010 	 2.7830396 	17.92559   	10.553712  	 0.34335846
23/01/2010 	 5.6210942 	19.51765   	13.800118  	 0.52223945
24/01/2010 	 8.8083000 	20.25035   	16.439920  	 0.63174999
25/01/2010 	 9.6477098 	20.22181   	16.955859  	 0.51399663
26/01/2010 	 7.7571855 	18.71013   	15.076740  	-0.05880435
27/01/2010 	 4.0318518 	18.96791   	14.494804  	-0.14015527
28/01/2010 	10.5308924 	17.42950   	14.111555  	 0.39368176
29/01/2010 	 9.6210423 	16.85115   	14.048369  	 0.57210796
30/01/2010 	 8.5895567 	17.32040   	14.250081  	 0.43502705
31/01/2010 	 8.7263336 	17.77417   	14.467720  	 0.49844432
01/02/2010 	 8.0672493 	18.28644   	14.586171  	 0.64538361
02/02/2010 	 3.5741374 	18.86458   	15.185140  	 0.84255489
03/02/2010 	 6.9155226 	19.96456   	15.904745  	 0.99569085
04/02/2010 	 4.3302250 	20.05174   	13.425323  	 1.07322126
05/02/2010 	 3.3739812 	17.84348   	12.001895  	 1.13812865
06/02/2010 	 5.3212504 	18.29852   	13.640293  	 1.32127969
07/02/2010 	 4.2119431 	15.75687   	11.480479  	 1.19845260
08/02/2010 	 4.2368436 	15.15018   	12.262454  	 0.98396614
09/02/2010 	 5.9597239 	15.40468   	13.322539  	 0.66638354
10/02/2010 	 6.1798239 	15.19899   	12.243994  	 0.32199447
11/02/2010 	 5.1385956 	15.24079   	10.496904  	-0.21229710
12/02/2010 	 7.9043398 	16.05513   	12.399734  	-0.38384980
13/02/2010 	11.9742832 	18.08146   	14.756213  	-0.57319022
14/02/2010 	13.3766241 	18.80854   	15.462726  	-0.61204464
15/02/2010 	12.6356907 	17.83268   	15.903145  	-0.72254076
16/02/2010 	10.0330133 	20.20655   	16.223726  	-0.61694826
17/02/2010 	 9.8090849 	20.44089   	16.701246  	-0.58154175
18/02/2010 	11.3648615 	20.50173   	16.961148  	-0.37976515
19/02/2010 	10.4640179 	21.18098   	19.078211  	 0.06877296
20/02/2010 	18.2427425 	21.19473   	20.392205  	 0.23707624
21/02/2010 	13.4822054 	21.04639   	18.913010  	 0.33454920
22/02/2010 	13.8992214 	21.18183   	19.236848  	 0.69521470
23/02/2010 	10.0819874 	21.03836   	17.679977  	 0.80736042
24/02/2010 	 9.4753838 	20.73409   	17.273723  	 0.96170489
25/02/2010 	11.1637268 	22.66881   	19.279088  	 1.53235603
26/02/2010 	10.3556948 	23.70198   	19.697525  	 2.01630855
27/02/2010 	18.0257702 	23.68004   	22.760722  	 2.47078584
28/02/2010 	11.6728821 	23.35164   	20.087210  	 2.67956580
01/03/2010 	12.8209286 	22.24862   	19.882520  	 2.78733941
02/03/2010 	 8.9651833 	20.93070   	16.847641  	 2.69520725
03/03/2010 	 7.1546736 	18.98496   	14.249850  	 2.67130815
04/03/2010 	 6.3268695 	17.01164   	11.305237  	 2.72431692
05/03/2010 	 4.7103791 	15.19278   	10.534601  	 2.63962170
06/03/2010 	 4.9920545 	14.16680   	10.148665  	 2.34378627
07/03/2010 	 5.3623509 	13.43577   	 9.800345  	 1.80259838
08/03/2010 	 3.8191245 	12.04504   	 8.889391  	 1.84942414
09/03/2010 	 3.5382693 	12.21604   	 8.997955  	 1.96644981
10/03/2010 	 3.4328778 	12.68586   	 9.689529  	 2.07128754
11/03/2010 	 3.7667353 	13.08887   	 9.907474  	 2.06392098
12/03/2010 	 2.4731860 	13.51950   	 9.637608  	 2.30615461
13/03/2010 	 1.6738398 	12.44605   	 8.757337  	 2.58964937
14/03/2010 	 1.6535616 	12.78382   	 8.011386  	 3.08035197
15/03/2010 	 2.3234346 	12.68759   	 8.294132  	 3.49398882
16/03/2010 	 2.7871401 	13.78737   	 9.702473  	 3.83022550
17/03/2010 	 2.5486410 	14.90082   	10.314619  	 4.05700600
18/03/2010 	 2.3922572 	15.55295   	10.488165  	 4.41536526
19/03/2010 	 2.7731278 	16.54067   	11.418692  	 4.87149663
20/03/2010 	 5.9111295 	17.86452   	13.668611  	 5.37406701
21/03/2010 	 7.5434928 	17.31759   	13.501443  	 5.91575145
22/03/2010 	 2.5701122 	16.69725   	11.973773  	 6.13864918
23/03/2010 	 4.9160972 	17.23376   	12.586613  	 6.28284292
24/03/2010 	 4.5859056 	16.59935   	12.554379  	 6.59544367
25/03/2010 	 6.2066970 	17.42358   	13.424317  	 6.96170326
26/03/2010 	 6.0534768 	17.85880   	14.520412  	 7.13474289
27/03/2010 	 5.1033101 	19.14573   	13.933291  	 7.18152986
28/03/2010 	 5.0585570 	18.81999   	14.187100  	 7.26744145
29/03/2010 	 6.1543703 	18.09199   	13.733564  	 7.41752578
30/03/2010 	 3.3167191 	19.35719   	12.827580  	 7.78309158
31/03/2010 	 4.9136200 	22.20881   	16.865199  	 7.47559436
01/04/2010 	 9.7065907 	22.31642   	20.254966  	 6.98980831
02/04/2010 	 5.2721500 	22.63286   	18.275688  	 6.93279014
03/04/2010 	 6.1130204 	22.68632   	16.537410  	 7.18837952
04/04/2010 	 5.9573717 	20.63754   	15.096373  	 7.48939037
05/04/2010 	 1.9508735 	19.39968   	13.015378  	 7.59961010
06/04/2010 	 1.6150430 	19.14603   	12.011296  	 7.97737366
07/04/2010 	 7.5273061 	19.72501   	15.026225  	 8.19785996
08/04/2010 	10.1087093 	18.20756   	15.688166  	 8.55364599
09/04/2010 	10.9501266 	18.96529   	15.963008  	 8.80295461
10/04/2010 	11.9544630 	18.94730   	15.553428  	 8.94827044
11/04/2010 	 7.9671159 	17.69086   	13.577427  	 8.91663090
12/04/2010 	 8.1487961 	17.06774   	13.310432  	 8.80244559
13/04/2010 	10.9268103 	16.92025   	14.323905  	 8.84998047
14/04/2010 	13.1384020 	18.72660   	15.651599  	 8.90530801
15/04/2010 	15.6919327 	20.07937   	17.155103  	 8.87645950
16/04/2010 	16.8180027 	20.13202   	18.323689  	 8.96691209
17/04/2010 	12.1839952 	18.43331   	16.187724  	 9.47166797
18/04/2010 	13.2143087 	18.80944   	16.856614  	 9.97148142
19/04/2010 	12.1678457 	19.06670   	16.034327  	10.18902606
20/04/2010 	11.3450394 	19.81746   	16.540919  	10.22386446
21/04/2010 	14.4616146 	18.84199   	17.154903  	 9.53398327
22/04/2010 	11.1184921 	19.52723   	16.033871  	 9.13529490
23/04/2010 	14.5459681 	20.13584   	17.570433  	 9.47822843
24/04/2010 	11.4093075 	20.48223   	17.146813  	 9.83009020
25/04/2010 	13.5876980 	22.07380   	18.191549  	 9.96761769
26/04/2010 	15.4056101 	22.27436   	19.387467  	10.31649009
27/04/2010 	14.0393124 	21.92788   	18.679372  	10.80001273
28/04/2010 	11.0383806 	22.04428   	18.042755  	11.34233745
29/04/2010 	14.5037212 	22.57399   	19.030636  	11.70178735
30/04/2010 	16.9099655 	23.07032   	20.494965  	11.94630084
01/05/2010 	14.1952248 	23.15806   	20.411276  	12.03961287
02/05/2010 	11.4632215 	22.72612   	17.414929  	12.02989338
03/05/2010 	 8.0335474 	23.83675   	15.894248  	10.78493110
04/05/2010 	13.6199541 	24.17897   	19.313076  	 9.70803382
05/05/2010 	 8.8303690 	19.36203   	14.941167  	10.07405684
06/05/2010 	12.1123190 	18.02620   	15.711517  	10.10296484
07/05/2010 	11.6061659 	21.24922   	17.228603  	 9.79332687
08/05/2010 	15.3408966 	21.49500   	19.129265  	10.11914750
09/05/2010 	15.9081144 	21.97740   	19.473154  	10.13460261
10/05/2010 	15.6307535 	22.12174   	19.439579  	10.20636537
11/05/2010 	15.0813379 	21.18512   	18.565593  	10.02562269
12/05/2010 	15.5324221 	23.86753   	18.798145  	 9.54344308
13/05/2010 	14.7076826 	22.63928   	17.657753  	 9.34400201
14/05/2010 	13.1658783 	20.14104   	17.210242  	 9.74604281
15/05/2010 	13.6005926 	20.98692   	18.052885  	10.13170817
16/05/2010 	15.7960997 	21.45222   	19.078537  	10.39322072
17/05/2010 	12.2592688 	22.04355   	18.711107  	10.86463783
18/05/2010 	10.8084440 	20.93261   	16.461362  	11.58594968
19/05/2010 	 8.6780367 	19.67084   	14.575376  	12.12448728
20/05/2010 	 8.2667418 	19.57152   	14.806358  	12.82075779
21/05/2010 	 8.0989361 	19.47281   	14.559942  	13.60052607
22/05/2010 	 7.5961876 	18.12567   	14.795720  	14.06205914
23/05/2010 	13.4716539 	19.58253   	17.211405  	14.48826923
24/05/2010 	14.8625660 	20.86444   	18.342936  	15.01471931
25/05/2010 	13.6654148 	20.39951   	17.190280  	15.00680874
26/05/2010 	12.4270487 	20.27694   	16.977277  	14.91981147
27/05/2010 	11.8584347 	20.90736   	17.129580  	14.80970713
28/05/2010 	10.7464523 	21.54025   	17.517165  	15.01659010
29/05/2010 	10.7755709 	22.01946   	18.074735  	14.93203155
30/05/2010 	14.7191591 	24.14182   	20.729622  	15.03200980
31/05/2010 	16.7105083 	23.85214   	20.920598  	14.99196156
01/06/2010 	13.3230839 	23.03728   	19.139061  	15.10438760
02/06/2010 	12.7826166 	22.81939   	18.059848  	15.56619984
03/06/2010 	12.7617273 	22.05009   	18.658515  	15.93203427
04/06/2010 	16.4030056 	22.47337   	19.716316  	16.24543949
05/06/2010 	18.2910576 	23.07132   	20.727070  	16.64467633
06/06/2010 	16.7556705 	23.85893   	20.920206  	17.10070741
07/06/2010 	16.3949242 	24.14335   	21.631697  	17.00953333
08/06/2010 	15.9928865 	24.23447   	21.711779  	17.17874686
09/06/2010 	14.2530727 	24.01270   	20.908544  	17.52409152
10/06/2010 	14.3043852 	22.47101   	19.398515  	17.74489963
11/06/2010 	13.8014174 	22.54934   	18.972482  	18.09879291
12/06/2010 	11.2599497 	22.08138   	17.920631  	17.79424481
13/06/2010 	 9.7898617 	20.43579   	16.344187  	17.43503066
14/06/2010 	10.6566362 	20.73389   	16.105567  	17.69214964
15/06/2010 	11.8807487 	20.39523   	15.550279  	17.07102547
16/06/2010 	14.4744005 	22.94374   	17.816004  	16.34478144
17/06/2010 	18.1664333 	26.74062   	21.292713  	16.19504589
18/06/2010 	20.6489220 	25.78302   	23.014898  	15.87102286
19/06/2010 	21.5753002 	29.08477   	25.399189  	14.76584174
20/06/2010 	25.2036476 	30.57374   	27.779466  	13.70900553
21/06/2010 	22.5918121 	29.85784   	27.234212  	13.72519473
22/06/2010 	20.0634823 	28.07348   	25.813366  	14.47405569
23/06/2010 	19.8264294 	27.67933   	25.592701  	15.35860598
24/06/2010 	24.2656860 	27.63875   	26.194677  	16.14522388
25/06/2010 	19.3736610 	27.69173   	24.930763  	16.74005981
26/06/2010 	21.0736504 	27.31444   	24.799746  	17.58881617
27/06/2010 	21.4339905 	27.33873   	25.248107  	18.28440416
28/06/2010 	19.1757412 	27.34142   	24.498667  	19.37932038
29/06/2010 	22.8043442 	27.21847   	25.304137  	19.86529728
30/06/2010 	23.4578648 	27.51038   	25.643808  	20.24645122
01/07/2010 	19.7922726 	27.52475   	24.838350  	20.47937302
02/07/2010 	20.2518635 	27.60873   	24.932483  	20.94483264
03/07/2010 	20.5698490 	27.80438   	24.730021  	21.41046186
04/07/2010 	18.6908932 	27.18758   	24.148118  	21.56104704
05/07/2010 	20.3877525 	27.56608   	24.921519  	21.58176307
06/07/2010 	17.1259289 	26.90260   	23.574980  	21.10394621
07/07/2010 	17.1388016 	26.95209   	23.347913  	20.64203191
08/07/2010 	21.0786457 	27.58159   	25.146965  	20.95180766
09/07/2010 	21.9928341 	27.78271   	25.253237  	21.30818303
10/07/2010 	22.2557888 	27.74995   	25.528015  	22.08441297
11/07/2010 	22.2886295 	27.77444   	25.408204  	22.57412124
12/07/2010 	22.4619770 	27.95412   	25.593033  	22.60910547
13/07/2010 	22.2969074 	28.09472   	26.478996  	22.10195434
14/07/2010 	18.5139885 	28.09336   	24.295113  	22.44620220
15/07/2010 	10.0758810 	28.48685   	23.629989  	21.85223405
16/07/2010 	11.7732220 	28.70569   	22.190422  	20.81318903
17/07/2010 	11.9109964 	28.55460   	23.830105  	20.67591027
18/07/2010 	19.4946976 	28.03632   	24.502280  	20.30175777
19/07/2010 	19.2182961 	27.74921   	24.234482  	20.46316902
20/07/2010 	19.6838646 	27.46273   	24.077691  	21.01809756
21/07/2010 	20.5818844 	27.57309   	24.971586  	21.25565672
22/07/2010 	21.0703888 	27.66253   	25.794567  	21.21066256
23/07/2010 	18.7384377 	27.43765   	24.073097  	21.20420082
24/07/2010 	17.5977745 	25.42625   	22.384893  	20.93607616
25/07/2010 	17.8919621 	25.69381   	22.395398  	20.83441230
26/07/2010 	16.9099388 	26.03905   	21.807715  	20.86454046
27/07/2010 	14.9128265 	24.58410   	20.415891  	20.66960156
28/07/2010 	15.3247147 	24.59516   	20.560223  	20.83768888
29/07/2010 	14.9008722 	23.87977   	19.763657  	20.72014038
30/07/2010 	13.3315773 	22.95106   	18.889490  	20.41664271
31/07/2010 	11.2172022 	23.63103   	19.182582  	20.27158900
01/08/2010 	10.4889297 	24.00468   	19.242526  	20.42905144
02/08/2010 	12.8399229 	23.68436   	19.843996  	20.58338706
03/08/2010 	14.1432943 	23.72457   	19.985669  	20.60746610
04/08/2010 	11.3095207 	25.09299   	20.917321  	20.43085655
05/08/2010 	13.0816832 	24.79920   	21.066684  	20.10884655
06/08/2010 	10.4579287 	23.74673   	20.212086  	20.02192370
07/08/2010 	13.9673824 	24.39753   	20.619923  	19.91602155
08/08/2010 	15.1170559 	25.08782   	20.847728  	19.92931569
09/08/2010 	11.4707308 	22.54112   	18.195049  	19.91883548
10/08/2010 	10.8608713 	23.47917   	18.953686  	19.95516213
11/08/2010 	 9.8762846 	24.36290   	18.819490  	19.93691663
12/08/2010 	 9.2920542 	23.42227   	17.769421  	19.91127745
13/08/2010 	 7.8556552 	23.10624   	17.792911  	19.71510184
14/08/2010 	 9.4777508 	22.49355   	17.218914  	19.97952787
15/08/2010 	 8.2698526 	21.05799   	15.577454  	19.37898107
16/08/2010 	11.0529871 	19.22799   	16.279484  	19.23204207
17/08/2010 	14.2891121 	20.41372   	18.003929  	19.48434552
18/08/2010 	15.6038361 	20.83802   	19.054075  	19.11367969
19/08/2010 	17.3745327 	21.37580   	20.031133  	18.79692471
20/08/2010 	17.2981472 	21.66884   	20.805847  	18.66009152
21/08/2010 	 8.6212635 	21.22787   	18.979939  	19.03424545
22/08/2010 	10.1329784 	20.66975   	18.132756  	19.29317462
23/08/2010 	 8.1600599 	20.91068   	17.452390  	19.34871193
24/08/2010 	18.6412868 	21.65827   	20.513688  	18.70447703
25/08/2010 	18.8935871 	22.65984   	21.169633  	17.83634516
26/08/2010 	19.3445339 	22.29985   	21.060365  	17.28940276
27/08/2010 	16.2524033 	22.02508   	20.074325  	16.58882167
28/08/2010 	 8.4179497 	19.95503   	16.175094  	16.21492833
29/08/2010 	 6.8478231 	19.56882   	16.041296  	16.28332881
30/08/2010 	 8.8739786 	19.72179   	14.090469  	15.41887840
31/08/2010 	 6.9656649 	16.88155   	13.774737  	15.40791760
01/09/2010 	 7.6023955 	17.08904   	13.790447  	15.72498180
02/09/2010 	 8.9712029 	16.85914   	13.763599  	15.93654229
03/09/2010 	 5.5683169 	15.12632   	11.621230  	16.10523705
04/09/2010 	 5.3428588 	14.32302   	11.365725  	16.34740905
05/09/2010 	 3.3807077 	14.02829   	10.074330  	16.26639990
06/09/2010 	 2.1439378 	13.43716   	 7.676761  	15.87357144
07/09/2010 	 2.2217598 	16.62693   	11.347833  	15.33593808
08/09/2010 	 5.0423093 	18.98728   	13.643405  	15.18029745
09/09/2010 	 9.5039568 	20.08033   	15.606348  	15.63814114
10/09/2010 	 7.5753660 	18.89408   	14.826186  	15.86034707
11/09/2010 	 4.4556980 	19.54939   	15.618418  	16.20848554
12/09/2010 	 6.1856041 	19.44031   	15.040236  	16.55578013
13/09/2010 	 7.7466927 	17.82655   	14.031892  	16.36109328
14/09/2010 	 9.9958382 	18.71840   	17.230731  	16.48850429
15/09/2010 	12.3963461 	19.75384   	18.445449  	15.91715767
16/09/2010 	13.0270462 	19.88310   	17.765155  	15.14780430
17/09/2010 	12.7521133 	19.65822   	17.410378  	14.41959312
18/09/2010 	10.3234615 	20.17336   	17.603025  	13.47332106
19/09/2010 	 3.5027812 	20.77120   	16.018847  	13.26764415
20/09/2010 	 3.3060043 	20.33802   	17.433401  	13.72135194
21/09/2010 	 9.4901953 	19.60800   	15.899659  	14.06124149
22/09/2010 	 5.6999216 	17.16963   	12.557306  	14.40381799
23/09/2010 	 4.4138942 	17.04505   	11.929948  	14.76111035
24/09/2010 	 4.5723271 	17.08165   	12.825705  	14.97230526
25/09/2010 	 6.4884238 	15.18537   	11.445988  	14.31981113
26/09/2010 	 7.3370180 	15.70745   	12.409100  	14.20132462
27/09/2010 	 4.3059812 	15.37777   	11.446082  	14.33206022
28/09/2010 	 4.5485096 	15.47018   	11.106515  	14.42278630
29/09/2010 	 2.2675598 	14.74233   	 9.563353  	14.02270432
30/09/2010 	 1.5805954 	16.69781   	 9.310516  	13.41890117
01/10/2010 	 3.5863552 	17.20241   	11.662299  	13.62397726
02/10/2010 	 5.7772584 	19.02870   	14.869124  	13.80595454
03/10/2010 	10.9549885 	19.81077   	17.498799  	14.28495600
04/10/2010 	10.4746294 	20.60279   	18.036795  	14.60987536
05/10/2010 	10.2069054 	21.05867   	17.210300  	14.95054410
06/10/2010 	 8.2207880 	21.48308   	17.470729  	15.20900492
07/10/2010 	 9.9729633 	21.25375   	17.017107  	15.22058964
08/10/2010 	 7.3987155 	20.07950   	15.353772  	15.30280133
09/10/2010 	 6.8292680 	18.62589   	13.440869  	14.97816998
10/10/2010 	 6.5671740 	18.78148   	12.832426  	14.34643159
11/10/2010 	 6.7136040 	17.03907   	12.110439  	13.53041446
12/10/2010 	 7.4746094 	15.89381   	11.698763  	12.87510876
13/10/2010 	 8.1006813 	15.44780   	11.810921  	12.84709229
14/10/2010 	 8.7726860 	15.61473   	12.405757  	12.77544645
15/10/2010 	 9.9595366 	15.01667   	12.972860  	12.51992194
16/10/2010 	10.5783110 	17.84132   	13.249945  	11.34119678
17/10/2010 	 9.0268421 	18.00525   	14.604853  	10.83015386
18/10/2010 	 6.1857233 	18.06301   	15.710280  	11.15360437
19/10/2010 	12.9520607 	19.19169   	16.647716  	11.17274042
20/10/2010 	14.4481249 	18.13850   	16.516594  	10.31737508
21/10/2010 	11.4076500 	19.44969   	16.997202  	 9.66741469
22/10/2010 	11.5835619 	21.25406   	19.276267  	 9.55055553
23/10/2010 	 4.8773441 	22.03402   	17.819082  	 9.43099972
24/10/2010 	15.5646229 	20.79438   	18.963626  	 9.04953899
25/10/2010 	10.0612583 	18.51675   	15.748033  	 8.29291589
26/10/2010 	 4.4580827 	18.72535   	13.593898  	 8.11574188
27/10/2010 	 7.6182780 	18.96943   	16.824276  	 8.48813730
28/10/2010 	 9.0376654 	18.81837   	17.056270  	 8.98773122
29/10/2010 	 2.1819880 	18.72831   	14.766734  	 9.20997993
30/10/2010 	 6.6531849 	19.70623   	16.898660  	 9.35435275
31/10/2010 	11.4250536 	19.98926   	17.257125  	 9.40305086
01/11/2010 	 7.4208093 	20.09123   	16.092896  	 9.51794263
02/11/2010 	 3.1092682 	20.36618   	15.929116  	 9.73650120
03/11/2010 	 8.4720631 	22.06108   	20.437369  	10.33181667
04/11/2010 	15.9554577 	22.19048   	20.952964  	10.74164172
05/11/2010 	15.1071720 	22.84202   	21.200370  	11.39341613
06/11/2010 	13.6931067 	21.88547   	18.922485  	11.30842851
07/11/2010 	 9.1402760 	20.43352   	16.142792  	10.74482318
08/11/2010 	 5.9916205 	18.16072   	13.304345  	 9.52767158
09/11/2010 	 5.7095118 	20.19841   	13.687939  	 8.68597664
10/11/2010 	 7.9038196 	18.34100   	14.496784  	 8.31701415
11/11/2010 	 2.4757674 	21.32759   	14.705331  	 7.99938109
12/11/2010 	18.0292015 	21.66361   	20.040711  	 7.97399479
13/11/2010 	16.3552227 	22.56868   	20.638287  	 8.14703089
14/11/2010 	13.4949274 	22.46391   	19.937704  	 8.33888322
15/11/2010 	 9.8998775 	21.28513   	18.889506  	 8.14234749
16/11/2010 	 8.9571266 	20.33461   	16.480511  	 7.95557338
17/11/2010 	 6.5902309 	18.91454   	13.786846  	 7.47159837
18/11/2010 	 4.5831647 	18.16997   	13.481867  	 7.22582240
19/11/2010 	 5.4792061 	18.60238   	13.664867  	 7.27136842
20/11/2010 	 6.2472286 	18.44401   	13.824367  	 7.31022823
21/11/2010 	 6.2117133 	17.53395   	13.090757  	 7.19380843
22/11/2010 	 4.8963318 	16.06450   	11.622498  	 6.77112834
23/11/2010 	 6.7127762 	14.64330   	11.349612  	 6.28696982
24/11/2010 	 8.2974377 	15.50846   	12.443232  	 5.74521697
25/11/2010 	 7.3781719 	16.67907   	13.067584  	 5.56798729
26/11/2010 	 7.1919589 	16.64704   	12.604745  	 5.24918320
27/11/2010 	 4.6753025 	16.62457   	11.539852  	 4.70956950
28/11/2010 	 3.6386182 	16.80685   	10.622642  	 4.01071497
29/11/2010 	 4.8734326 	15.74934   	11.439436  	 3.18279844
30/11/2010 	 6.3443408 	16.42451   	12.010513  	 2.01249832
01/12/2010 	 7.4510961 	18.12892   	13.544359  	 0.24003522
02/12/2010 	16.6292973 	19.54809   	17.962917  	 0.21406623
03/12/2010 	14.2991590 	19.96626   	18.495941  	 0.56103816
04/12/2010 	 8.2748070 	21.11275   	18.503311  	 0.92850564
05/12/2010 	14.4992371 	21.80865   	20.002610  	 1.48539109
06/12/2010 	14.2334585 	21.85575   	19.088562  	 1.49473257
07/12/2010 	16.5273056 	21.61514   	19.111412  	 1.17956220
08/12/2010 	12.5914822 	21.46381   	18.473263  	 0.83357861
09/12/2010 	14.4527626 	20.97058   	17.854412  	 0.85572091
10/12/2010 	10.5161266 	19.76049   	16.928569  	 1.02153588
11/12/2010 	12.4905338 	19.67120   	18.016706  	 2.12726309
12/12/2010 	14.4644747 	25.21678   	20.170323  	 3.17341051
13/12/2010 	10.2243462 	22.00712   	16.990002  	 2.26940581
14/12/2010 	 9.7987146 	19.42776   	15.718494  	 1.78730754
15/12/2010 	 9.5192785 	18.20146   	15.034134  	 1.67371853
16/12/2010 	13.6320105 	19.55605   	16.276124  	 2.02942167
17/12/2010 	11.0909195 	19.39302   	16.612001  	 1.83445299
18/12/2010 	 7.2780328 	19.79770   	15.716167  	 1.38828537
19/12/2010 	11.0144033 	20.83636   	17.160485  	 0.82327181
20/12/2010 	 9.8684454 	21.43248   	18.111194  	 0.42634065
21/12/2010 	11.4439421 	21.13503   	17.338382  	 0.07113502
22/12/2010 	10.8358450 	20.27696   	16.728753  	-0.24530091
23/12/2010 	 8.7219315 	19.70425   	14.957526  	-0.45720921
24/12/2010 	10.2569122 	25.99785   	19.134048  	-0.65503000
25/12/2010 	15.4861927 	24.58261   	20.105367  	-0.86386157
26/12/2010 	14.4145737 	21.42525   	19.097535  	-0.59817580
27/12/2010 	11.8650017 	20.16489   	18.361269  	-0.25914497
28/12/2010 	 8.3730602 	20.44523   	16.564575  	-0.31009836
29/12/2010 	 9.5970230 	20.29246   	17.073601  	-0.38951283
30/12/2010 	 9.7070656 	20.92723   	16.818786  	-0.29046042
31/12/2010 	11.5431137 	19.20771   	16.165080  	-0.04201587
