date	smin	smax	smean	tmean
01/01/2009  	24.455322   	28.00355    	25.799565   	 0.869351556
02/01/2009  	23.490400   	25.61750    	24.731241   	 0.644222965
03/01/2009  	23.328400   	25.39055    	24.436892   	 0.426975002
04/01/2009  	22.358358   	24.66468    	23.922202   	 1.108084333
05/01/2009  	22.225058   	25.02132    	23.428366   	 1.116282331
06/01/2009  	22.376165   	26.72923    	25.200242   	 0.487680346
07/01/2009  	23.287832   	25.99910    	24.843700   	 0.130837139
08/01/2009  	22.997648   	26.52018    	24.713477   	 0.087743176
09/01/2009  	21.987810   	25.13739    	23.435661   	 0.005830882
10/01/2009  	21.405109   	24.61829    	23.017612   	-0.447373896
11/01/2009  	16.594536   	23.74821    	20.233723   	-0.516971878
12/01/2009  	15.155093   	19.67556    	17.319089   	 0.215333995
13/01/2009  	14.428668   	20.46897    	18.005256   	 1.192780637
14/01/2009  	15.488561   	20.36940    	17.557298   	 1.557970971
15/01/2009  	16.225218   	18.68600    	17.129477   	 1.472945549
16/01/2009  	14.699656   	18.39538    	16.989781   	 1.259017477
17/01/2009  	11.807461   	20.26322    	15.506759   	 1.277230908
18/01/2009  	 9.516650   	19.82273    	13.622964   	 2.326675909
19/01/2009  	12.846013   	22.12001    	18.541623   	 2.487840335
20/01/2009  	19.290104   	23.24345    	22.096736   	 2.735685910
21/01/2009  	19.909294   	23.12890    	21.656174   	 2.520085161
22/01/2009  	12.874421   	21.66332    	18.480749   	 2.024861045
23/01/2009  	12.884685   	23.07491    	18.230049   	 2.608937475
24/01/2009  	14.518731   	24.41166    	20.620923   	 2.972378115
25/01/2009  	15.879646   	23.71344    	19.764028   	 2.802678352
26/01/2009  	17.144535   	21.86893    	19.398285   	 2.204243533
27/01/2009  	18.530485   	21.37974    	19.616684   	 1.711039222
28/01/2009  	17.683409   	22.00794    	19.605372   	 1.078672663
29/01/2009  	19.030758   	23.06241    	20.532759   	 0.818906338
30/01/2009  	19.819666   	21.66944    	20.682029   	 0.351293404
31/01/2009  	20.201931   	23.10782    	21.951473   	 0.009665070
01/02/2009  	21.565357   	24.39764    	23.175371   	-0.220059340
02/02/2009  	22.909403   	25.14772    	24.322165   	-0.273673271
03/02/2009  	23.042112   	25.24552    	24.545449   	 0.011949652
04/02/2009  	22.820511   	25.37526    	24.291844   	 0.200990511
05/02/2009  	23.013412   	26.10800    	24.421965   	 0.451734703
06/02/2009  	21.271818   	25.14832    	23.453940   	 0.914786033
07/02/2009  	20.900114   	24.12516    	22.737090   	 1.162929812
08/02/2009  	19.242910   	23.38148    	21.280618   	 1.152157644
09/02/2009  	16.973558   	23.51271    	19.779961   	 1.200126840
10/02/2009  	19.854979   	23.55862    	20.973788   	 1.263765275
11/02/2009  	20.200764   	23.54149    	21.633686   	 1.413149810
12/02/2009  	19.971268   	23.19638    	21.479764   	 1.543659436
13/02/2009  	20.035427   	23.00644    	21.313828   	 1.657249932
14/02/2009  	20.035789   	23.13821    	22.054397   	 1.476352332
15/02/2009  	17.966221   	23.55467    	20.769891   	 1.440101852
16/02/2009  	15.900405   	19.21624    	18.029628   	 2.103420561
17/02/2009  	13.419519   	19.44725    	16.989322   	 2.826507881
18/02/2009  	15.731243   	20.49596    	18.201364   	 2.628236478
19/02/2009  	15.470235   	19.19527    	17.093580   	 2.532748883
20/02/2009  	10.360029   	15.41024    	12.914279   	 2.903288677
21/02/2009  	 9.994817   	14.13011    	12.298958   	 3.176354378
22/02/2009  	 8.262609   	12.02647    	10.348913   	 3.658291290
23/02/2009  	 9.454349   	15.87244    	11.507601   	 3.932445516
24/02/2009  	10.626364   	16.72236    	13.812875   	 4.021127502
25/02/2009  	 9.545703   	17.75410    	13.401011   	 4.182985693
26/02/2009  	 6.665020   	14.36891    	 9.410683   	 4.502593001
27/02/2009  	 5.262292   	14.07422    	 8.614828   	 4.855764359
28/02/2009  	 8.488617   	15.64498    	11.424891   	 5.159439256
01/03/2009  	 9.760418   	21.20812    	15.695269   	 5.021542499
02/03/2009  	11.627050   	19.28172    	15.119986   	 5.094364315
03/03/2009  	 9.099613   	18.07557    	13.476600   	 5.004143407
04/03/2009  	 6.294925   	12.64733    	 9.678434   	 4.615160922
05/03/2009  	 8.302527   	14.93340    	11.346288   	 4.790141006
06/03/2009  	 8.672655   	14.38694    	11.417534   	 4.804127713
07/03/2009  	10.269701   	14.58007    	13.109884   	 4.596195032
08/03/2009  	 7.964530   	12.90349    	10.713477   	 5.152283957
09/03/2009  	 6.805923   	15.67529    	12.252216   	 5.103141636
10/03/2009  	 7.225224   	16.84928    	13.567197   	 5.036033183
11/03/2009  	 9.109077   	14.47927    	11.524867   	 4.956097613
12/03/2009  	10.064410   	14.79498    	12.613068   	 5.213514199
13/03/2009  	10.975280   	17.52349    	13.683160   	 5.470201671
14/03/2009  	11.284233   	18.48329    	13.816985   	 5.670848449
15/03/2009  	 9.403091   	11.95625    	10.918042   	 5.934084465
16/03/2009  	 9.594618   	16.50263    	12.516828   	 6.116152217
17/03/2009  	 9.461472   	18.39482    	13.887594   	 6.391363919
18/03/2009  	11.674329   	16.28189    	13.942359   	 6.335215261
19/03/2009  	10.202611   	18.63910    	14.829268   	 6.333366831
20/03/2009  	12.956635   	18.97675    	15.757252   	 6.253422151
21/03/2009  	12.949709   	17.87768    	15.197427   	 6.469660431
22/03/2009  	10.221934   	14.93122    	12.806913   	 6.670758545
23/03/2009  	 6.520307   	23.29603    	12.346103   	 6.861787458
24/03/2009  	 7.065530   	16.31154    	11.568014   	 6.572470486
25/03/2009  	 8.732862   	15.16861    	11.924081   	 6.424698710
26/03/2009  	 6.231404   	12.36609    	 9.616471   	 6.576841871
27/03/2009  	 5.939383   	14.58265    	10.175124   	 6.482368658
28/03/2009  	 7.325558   	15.96765    	12.860815   	 6.322728286
29/03/2009  	 8.759233   	14.60454    	11.542739   	 6.355688065
30/03/2009  	10.764088   	16.52715    	13.247942   	 6.095223556
31/03/2009  	10.970098   	18.33957    	13.300168   	 6.235493710
01/04/2009  	10.444471   	16.55801    	13.510940   	 6.633265376
02/04/2009  	12.599075   	16.85672    	14.978541   	 7.146574527
03/04/2009  	13.621358   	20.60470    	17.183586   	 7.877206733
04/04/2009  	11.715041   	18.41053    	14.701031   	 8.234765838
05/04/2009  	10.519358   	17.15128    	13.359990   	 8.800505618
06/04/2009  	12.771325   	20.62938    	15.013123   	 9.010748943
07/04/2009  	13.174628   	19.39842    	15.973384   	 9.446187119
08/04/2009  	12.033987   	18.54153    	14.667893   	 9.328102589
09/04/2009  	11.712859   	14.89780    	13.366621   	 9.242624660
10/04/2009  	12.861668   	16.94313    	14.421060   	 9.804977258
11/04/2009  	13.974301   	19.94182    	16.509240   	10.409559151
12/04/2009  	14.684221   	20.43113    	17.412802   	10.711184243
13/04/2009  	15.601768   	20.23864    	17.786511   	10.803182781
14/04/2009  	16.049988   	21.53393    	18.411142   	10.821950038
15/04/2009  	16.823027   	20.97678    	19.273734   	11.054015338
16/04/2009  	17.054224   	22.32822    	19.730725   	11.436410844
17/04/2009  	16.608124   	21.91495    	19.683870   	11.417706847
18/04/2009  	20.442060   	22.97582    	21.457732   	11.098700225
19/04/2009  	20.828846   	22.34403    	21.710715   	11.310432851
20/04/2009  	21.291981   	22.41986    	21.796512   	12.068996946
21/04/2009  	21.538170   	22.71137    	21.996599   	12.672056119
22/04/2009  	21.628227   	23.55931    	22.432688   	12.622000615
23/04/2009  	21.484425   	23.79309    	22.710193   	12.538425366
24/04/2009  	22.269266   	25.15642    	23.704186   	12.579487264
25/04/2009  	23.065495   	26.07271    	24.445485   	12.632129331
26/04/2009  	23.211210   	26.00972    	24.741576   	12.894297043
27/04/2009  	23.006289   	26.19731    	24.612740   	13.001946489
28/04/2009  	22.407454   	26.79528    	24.412094   	12.815920571
29/04/2009  	22.401100   	25.74128    	24.398560   	12.756265601
30/04/2009  	23.370256   	25.58924    	24.642584   	12.881235262
01/05/2009  	23.916382   	25.80376    	24.978862   	13.467728972
02/05/2009  	23.779356   	26.53570    	25.158058   	13.828281581
03/05/2009  	22.711971   	26.04001    	24.730710   	13.709462146
04/05/2009  	23.258167   	26.08949    	24.483170   	12.748238027
05/05/2009  	20.529333   	23.99610    	22.113929   	12.211773098
06/05/2009  	20.390007   	21.95352    	21.192020   	12.198333383
07/05/2009  	19.888191   	23.70936    	21.948694   	12.684664945
08/05/2009  	20.407730   	22.79962    	21.773107   	12.801031828
09/05/2009  	18.393074   	22.16165    	20.633293   	12.524828494
10/05/2009  	18.763821   	21.69158    	20.416858   	12.909975688
11/05/2009  	19.012886   	26.12686    	21.779284   	13.018060466
12/05/2009  	23.094559   	26.31487    	24.360979   	12.608603974
13/05/2009  	25.105841   	27.74610    	26.026527   	12.580488900
14/05/2009  	25.780521   	27.31654    	26.851232   	12.686130365
15/05/2009  	24.745110   	27.49098    	26.737824   	12.612015108
16/05/2009  	20.885958   	26.25872    	23.837655   	12.711414337
17/05/2009  	19.657902   	24.24709    	21.651763   	13.341706137
18/05/2009  	18.617144   	21.98892    	20.343323   	13.670118451
19/05/2009  	18.630154   	21.16373    	19.477159   	13.771709502
20/05/2009  	18.475590   	20.05569    	19.084076   	14.176399748
21/05/2009  	18.115290   	20.55144    	19.169906   	14.774129907
22/05/2009  	18.728436   	21.63308    	19.543610   	15.151537756
23/05/2009  	19.128870   	22.31332    	20.153478   	15.683104078
24/05/2009  	19.889719   	23.07984    	21.084723   	16.222196658
25/05/2009  	21.201622   	25.47256    	22.708567   	16.568993946
26/05/2009  	20.436405   	24.71635    	22.451226   	17.088432511
27/05/2009  	16.538717   	21.61981    	20.035999   	15.874359926
28/05/2009  	17.124111   	21.98728    	19.575883   	15.241804620
29/05/2009  	17.439442   	20.53989    	19.068222   	15.642439683
30/05/2009  	18.970781   	21.72828    	20.490247   	16.126917442
31/05/2009  	20.234056   	23.97235    	22.671367   	16.641545415
01/06/2009  	22.755878   	25.56585    	23.912059   	17.377095143
02/06/2009  	23.650904   	26.93054    	24.893726   	17.124757846
03/06/2009  	23.758797   	28.85106    	25.910587   	16.071575145
04/06/2009  	23.992029   	27.65605    	25.465011   	14.296060741
05/06/2009  	23.818609   	26.85572    	25.544002   	13.446467141
06/06/2009  	24.824358   	28.22296    	26.240569   	13.360213955
07/06/2009  	26.593069   	28.82574    	27.485393   	13.549996217
08/06/2009  	26.769840   	28.07724    	27.185432   	14.477511048
09/06/2009  	25.242506   	28.13055    	26.764416   	15.195393046
10/06/2009  	23.495386   	26.23929    	24.679607   	15.514523705
11/06/2009  	23.964285   	26.21323    	25.055789   	15.492244562
12/06/2009  	24.081623   	25.89470    	24.968536   	15.347680310
13/06/2009  	23.048702   	25.96428    	24.805803   	15.404897034
14/06/2009  	20.587889   	25.78707    	23.886205   	15.981370290
15/06/2009  	19.687359   	24.64031    	23.033631   	16.658601999
16/06/2009  	20.251572   	25.08643    	23.468637   	16.851632675
17/06/2009  	22.315926   	25.85847    	24.030104   	17.104410529
18/06/2009  	20.140577   	24.64950    	22.095267   	17.130161087
19/06/2009  	16.860537   	22.02596    	19.000736   	17.112675667
20/06/2009  	15.951198   	19.01661    	17.279207   	16.708622754
21/06/2009  	16.119083   	20.93609    	18.019784   	16.735016346
22/06/2009  	18.332474   	23.09784    	20.890780   	16.894364039
23/06/2009  	21.269432   	25.45964    	23.451188   	17.216951251
24/06/2009  	23.116962   	27.68350    	25.510897   	17.596635421
25/06/2009  	25.990988   	29.04888    	27.530379   	17.797391176
26/06/2009  	26.678217   	29.03697    	28.088339   	18.605601152
27/06/2009  	27.290255   	29.10226    	28.171197   	19.235781272
28/06/2009  	27.185369   	29.02922    	28.107463   	19.946452022
29/06/2009  	27.317165   	28.84733    	28.034792   	20.959318082
30/06/2009  	27.430634   	29.37024    	28.240866   	21.651878198
01/07/2009  	27.500801   	29.47505    	28.511479   	22.003105005
02/07/2009  	27.873354   	29.62498    	28.623834   	22.316307823
03/07/2009  	28.412107   	29.81772    	29.041226   	22.965439240
04/07/2009  	26.986641   	28.55096    	28.007297   	23.241832733
05/07/2009  	26.075453   	28.84755    	27.419546   	23.269185821
06/07/2009  	19.802876   	27.15632    	24.854596   	22.449965835
07/07/2009  	19.265215   	24.41861    	21.713931   	20.814608971
08/07/2009  	18.519089   	23.26777    	20.925445   	19.834108353
09/07/2009  	18.675222   	24.17311    	21.059007   	18.173764586
10/07/2009  	18.771408   	26.16796    	21.516164   	16.560696065
11/07/2009  	19.387674   	23.36959    	21.121879   	16.324400206
12/07/2009  	19.992245   	23.48888    	21.473172   	16.618559202
13/07/2009  	18.735180   	21.49690    	20.138038   	17.430471063
14/07/2009  	18.513342   	23.83314    	20.218826   	18.405546705
15/07/2009  	17.374403   	22.87434    	19.463068   	19.446857572
16/07/2009  	17.143423   	22.70502    	20.433585   	19.326480746
17/07/2009  	18.538841   	21.31570    	19.814659   	19.515219808
18/07/2009  	17.968353   	23.60372    	20.800610   	18.861262441
19/07/2009  	17.593386   	23.75389    	21.954457   	18.442554235
20/07/2009  	20.329901   	23.19942    	22.172241   	18.436446349
21/07/2009  	19.678272   	22.73526    	21.145817   	18.712169369
22/07/2009  	19.815708   	23.83830    	21.764297   	19.173388441
23/07/2009  	19.765541   	23.99858    	22.008194   	19.059565465
24/07/2009  	19.844810   	23.70284    	21.936569   	18.681414882
25/07/2009  	18.605946   	23.68145    	21.522221   	18.234912753
26/07/2009  	19.139286   	23.31073    	21.003481   	18.087019324
27/07/2009  	18.615814   	22.17461    	20.806255   	18.585219344
28/07/2009  	19.315262   	21.75685    	20.379797   	18.501704017
29/07/2009  	19.066874   	24.11366    	21.125515   	18.794021765
30/07/2009  	17.638754   	21.66852    	19.834452   	18.890064120
31/07/2009  	17.255360   	21.33621    	19.464198   	18.251311858
01/08/2009  	17.999285   	22.45800    	19.809104   	18.260933359
02/08/2009  	18.944212   	21.06047    	19.901115   	18.762180527
03/08/2009  	18.654692   	20.60898    	19.658414   	18.873012821
04/08/2009  	19.033663   	22.52617    	19.972117   	19.159817576
05/08/2009  	19.198471   	23.67133    	20.758549   	19.680768132
06/08/2009  	19.979441   	25.62818    	22.280787   	20.294806600
07/08/2009  	21.039062   	25.36651    	22.797192   	20.592364391
08/08/2009  	22.261791   	24.03618    	23.031575   	20.536621173
09/08/2009  	22.427773   	24.88308    	23.755837   	20.486067454
10/08/2009  	23.239691   	25.59340    	24.134976   	20.662659764
11/08/2009  	22.870955   	24.74048    	23.827117   	20.502034903
12/08/2009  	22.403910   	24.44246    	23.544461   	19.955140670
13/08/2009  	21.978821   	24.27590    	23.387802   	19.588447054
14/08/2009  	22.955288   	25.44659    	23.791832   	19.645345410
15/08/2009  	20.061739   	23.62695    	22.362886   	19.076883316
16/08/2009  	19.761553   	21.56316    	20.717940   	19.795872291
17/08/2009  	19.469564   	21.68085    	20.653351   	19.926949700
18/08/2009  	19.526953   	21.32909    	20.546836   	19.600349704
19/08/2009  	19.874916   	23.58371    	21.192102   	19.599582672
20/08/2009  	19.428589   	25.81873    	22.216733   	19.978293300
21/08/2009  	19.047407   	22.39916    	20.594387   	19.956082265
22/08/2009  	19.342270   	24.00279    	20.634127   	19.335550785
23/08/2009  	19.995464   	25.66826    	22.314119   	19.466805577
24/08/2009  	21.243759   	26.49299    	23.481184   	19.428101699
25/08/2009  	21.783195   	26.47381    	23.764149   	19.706274788
26/08/2009  	20.973047   	24.29931    	22.715910   	18.715035836
27/08/2009  	19.729673   	23.38918    	21.767631   	18.755345384
28/08/2009  	19.178493   	24.85718    	22.540582   	18.753517747
29/08/2009  	20.688097   	25.38317    	24.167501   	17.432283918
30/08/2009  	20.972939   	26.30110    	24.345160   	16.498390675
31/08/2009  	22.956085   	26.40488    	25.473141   	16.611996710
01/09/2009  	23.070671   	25.75923    	24.736252   	17.126603802
02/09/2009  	21.876455   	25.08592    	23.903711   	16.830882549
03/09/2009  	21.230204   	24.58063    	23.028033   	16.857045015
04/09/2009  	22.511200   	28.74591    	25.788441   	16.165253381
05/09/2009  	22.290075   	28.83699    	26.194804   	15.740109603
06/09/2009  	21.352533   	28.72298    	25.219349   	15.364576479
07/09/2009  	22.282448   	28.18283    	25.381924   	15.383010725
08/09/2009  	23.480227   	26.73450    	25.264250   	15.804178894
09/09/2009  	23.793507   	26.56628    	25.345443   	16.404418945
10/09/2009  	22.683674   	26.27943    	24.779491   	16.475846569
11/09/2009  	24.348682   	27.26138    	25.632015   	16.404439330
12/09/2009  	25.362940   	27.62755    	26.389212   	16.094395856
13/09/2009  	26.029934   	28.07502    	27.114994   	15.693803271
14/09/2009  	25.209391   	28.39530    	26.775055   	15.413149794
15/09/2009  	26.057606   	28.74074    	27.616541   	15.739737252
16/09/2009  	25.828829   	29.14389    	27.666143   	15.893467049
17/09/2009  	26.138401   	29.14570    	27.631705   	15.605616629
18/09/2009  	26.399240   	28.80403    	27.656527   	15.560494006
19/09/2009  	26.148733   	28.72323    	27.759244   	15.707195600
20/09/2009  	26.607010   	28.81857    	27.725718   	16.160754502
21/09/2009  	26.317999   	29.16510    	27.658191   	16.003658473
22/09/2009  	26.010756   	29.91908    	28.016814   	15.905639271
23/09/2009  	25.059031   	29.77584    	27.887787   	15.771728973
24/09/2009  	25.950563   	29.60435    	27.388210   	15.385305703
25/09/2009  	26.247950   	28.93294    	27.367856   	15.384493172
26/09/2009  	27.216040   	29.11960    	27.786278   	15.561722259
27/09/2009  	27.493517   	28.97945    	28.055983   	15.781172911
28/09/2009  	27.805731   	29.32119    	28.217518   	16.046490014
29/09/2009  	27.399342   	28.17031    	27.786830   	16.097854157
30/09/2009  	27.182621   	28.58519    	27.624672   	15.844302217
01/10/2009  	27.154589   	28.10510    	27.522889   	15.391736090
02/10/2009  	26.477711   	28.99423    	27.696768   	14.207376520
03/10/2009  	20.707003   	32.78329    	27.071123   	13.812315603
04/10/2009  	21.819139   	32.21876    	27.958052   	13.029422323
05/10/2009  	24.179152   	30.67711    	26.981211   	12.430147469
06/10/2009  	23.556967   	27.59734    	25.567547   	12.571496824
07/10/2009  	20.687275   	24.27632    	22.860118   	13.499107838
08/10/2009  	22.279716   	25.25194    	23.797254   	13.131245593
09/10/2009  	23.180847   	26.60621    	25.094323   	12.503767510
10/10/2009  	20.470308   	26.99244    	25.202550   	11.560064514
11/10/2009  	19.109760   	25.27310    	22.582499   	11.344915231
12/10/2009  	17.689899   	26.21710    	22.694519   	11.235234002
13/10/2009  	25.585958   	27.38711    	26.336752   	10.550437689
14/10/2009  	26.042641   	27.52020    	26.834842   	 9.853176594
15/10/2009  	26.672440   	30.15461    	27.581165   	 9.563026130
16/10/2009  	27.354515   	31.02402    	29.220804   	 9.470444262
17/10/2009  	29.728462   	31.68819    	30.747176   	 9.427072426
18/10/2009  	30.432869   	31.89545    	30.999573   	 9.170095464
19/10/2009  	28.729145   	31.14248    	30.172314   	 9.097132802
20/10/2009  	27.363060   	30.45264    	29.107658   	 8.371439258
21/10/2009  	27.343359   	31.05499    	29.802160   	 7.871282349
22/10/2009  	26.838455   	30.58661    	28.986698   	 7.725211740
23/10/2009  	23.458811   	29.21726    	27.084899   	 8.003878434
24/10/2009  	20.051014   	28.22911    	25.535915   	 8.517688255
25/10/2009  	21.164228   	27.38892    	24.047620   	 9.886077444
26/10/2009  	22.316536   	27.83629    	26.001593   	10.781331301
27/10/2009  	23.719437   	27.88925    	26.012568   	10.959468583
28/10/2009  	23.743031   	27.56613    	25.566793   	11.171596289
29/10/2009  	24.058786   	26.10517    	25.353785   	11.496996502
30/10/2009  	24.346357   	25.84510    	25.161228   	11.377417147
31/10/2009  	24.354527   	26.10067    	25.263068   	10.759323458
01/11/2009  	20.597595   	25.86866    	24.025006   	10.982597331
02/11/2009  	19.847792   	24.75347    	22.573404   	10.945188721
03/11/2009  	20.374018   	23.86829    	21.677016   	10.145064712
04/11/2009  	18.910982   	24.56658    	21.523871   	 9.800856213
05/11/2009  	18.474487   	23.87178    	20.750585   	 9.617025375
06/11/2009  	18.261698   	22.71346    	20.305518   	 9.560986976
07/11/2009  	17.353842   	25.94750    	21.828854   	 9.743041833
08/11/2009  	18.145210   	24.41235    	21.325621   	 9.231444458
09/11/2009  	18.385035   	23.03969    	20.303808   	 8.723138491
10/11/2009  	19.944817   	23.30440    	21.444258   	 8.617290298
11/11/2009  	20.037075   	22.00261    	21.151551   	 8.597343405
12/11/2009  	19.345938   	21.91910    	20.529801   	 8.342389007
13/11/2009  	15.062741   	21.43130    	18.011323   	 9.068610251
14/11/2009  	14.225136   	22.94329    	18.967022   	10.041662753
15/11/2009  	13.393722   	26.09771    	23.525562   	 9.969947656
16/11/2009  	21.238079   	24.98483    	23.137995   	 9.938247760
17/11/2009  	19.256945   	23.65977    	21.805952   	 9.815938552
18/11/2009  	14.076101   	26.70661    	22.831836   	 9.885314266
19/11/2009  	24.312012   	27.73722    	25.845770   	10.348405063
20/11/2009  	21.462732   	26.86736    	24.519247   	 9.818388780
21/11/2009  	20.519302   	25.46948    	22.174875   	10.082957208
22/11/2009  	14.892209   	24.70241    	20.000953   	10.353149752
23/11/2009  	20.953569   	28.42884    	25.882883   	10.101999084
24/11/2009  	25.259243   	29.74894    	27.375398   	10.039536277
25/11/2009  	25.478636   	29.14324    	27.031114   	10.198622187
26/11/2009  	24.995951   	27.87292    	26.206806   	 9.584954441
27/11/2009  	26.017960   	29.38524    	28.099244   	 9.068440676
28/11/2009  	23.340506   	29.41221    	27.152160   	 8.524927616
29/11/2009  	21.670034   	29.16268    	25.634669   	 8.459972898
30/11/2009  	22.090214   	28.34091    	25.223734   	 8.254948020
01/12/2009  	21.484346   	25.12647    	23.027467   	 7.585236539
02/12/2009  	21.696306   	24.77683    	23.257140   	 6.508740087
03/12/2009  	15.705645   	25.50218    	20.702771   	 6.477137188
04/12/2009  	14.105495   	19.12304    	16.552830   	 6.768900673
05/12/2009  	12.838716   	19.33820    	15.345216   	 6.723465234
06/12/2009  	12.735060   	20.84405    	15.411899   	 7.579732557
07/12/2009  	13.432136   	20.73808    	17.193196   	 7.765647372
08/12/2009  	15.363246   	21.34255    	18.024582   	 7.581354658
09/12/2009  	15.185124   	18.75088    	16.401987   	 7.260731965
10/12/2009  	14.228637   	19.21472    	16.089514   	 7.593124201
11/12/2009  	14.789231   	18.31694    	15.845822   	 7.614620755
12/12/2009  	14.860445   	18.24356    	16.605000   	 7.204198996
13/12/2009  	16.164148   	20.73226    	18.035287   	 6.337210715
14/12/2009  	17.587240   	23.03193    	19.654222   	 5.537076821
15/12/2009  	18.130051   	21.87341    	19.869141   	 4.290826306
16/12/2009  	14.696172   	21.46873    	18.092366   	 3.257604827
17/12/2009  	 9.722374   	16.89715    	14.223539   	 2.520491314
18/12/2009  	10.432961   	18.11694    	14.658673   	 1.919514971
19/12/2009  	13.957679   	21.43728    	17.458842   	 1.442096865
20/12/2009  	11.024200   	19.01542    	13.588515   	 1.408110735
21/12/2009  	 9.276484   	15.78299    	12.279938   	 1.492124937
22/12/2009  	11.306706   	15.86419    	13.653681   	 1.393991690
23/12/2009  	11.282578   	14.46164    	12.674436   	 1.446143787
24/12/2009  	11.591111   	15.96531    	13.294862   	 1.402756105
25/12/2009  	11.422856   	14.43153    	13.009997   	 1.259888649
26/12/2009  	10.335660   	17.25371    	13.034804   	 2.391419622
27/12/2009  	14.193561   	18.67789    	16.667842   	 3.152830342
28/12/2009  	14.375772   	19.79756    	17.721103   	 3.303467974
29/12/2009  	14.395310   	18.08981    	15.971520   	 2.832012455
30/12/2009  	15.094429   	18.82101    	16.915550   	 2.336010292
31/12/2009  	17.244591   	21.75588    	18.372240   	 2.078646625
01/01/2010  	18.210850   	20.36798    	19.280300   	 1.863741984
02/01/2010  	17.366356   	22.83454    	19.502599   	 1.514926273
03/01/2010  	18.322746   	20.76432    	19.500114   	 1.137598541
04/01/2010  	17.637383   	21.99156    	19.546035   	 1.001093484
05/01/2010  	15.220344   	21.10230    	17.845501   	 1.043342758
06/01/2010  	12.686250   	17.55756    	15.250960   	 1.003775014
07/01/2010  	12.576996   	17.47634    	14.829293   	 1.024421071
08/01/2010  	12.670184   	19.16700    	15.885672   	 0.763146975
09/01/2010  	16.144093   	23.41304    	19.095441   	 0.223590473
10/01/2010  	20.631464   	27.10127    	24.535961   	 0.952285868
11/01/2010  	24.465862   	26.51241    	25.575361   	 0.902774143
12/01/2010  	22.737394   	25.88828    	24.588440   	 0.469000769
13/01/2010  	20.306330   	25.50618    	23.998545   	-1.088144385
14/01/2010  	20.719845   	25.70306    	23.634258   	-0.855156538
15/01/2010  	20.986481   	24.86608    	22.931271   	-0.790997332
16/01/2010  	19.287561   	24.77137    	22.496541   	-0.662208588
17/01/2010  	15.475285   	23.50960    	20.752536   	-0.436163720
18/01/2010  	17.411316   	22.51718    	20.179371   	-0.165882583
19/01/2010  	17.156721   	21.41277    	19.513089   	 0.313583381
20/01/2010  	18.665382   	20.92409    	20.183775   	 0.185375099
21/01/2010  	18.777903   	22.92969    	21.631413   	 0.301140029
22/01/2010  	18.604204   	22.69386    	20.913198   	-0.143512710
23/01/2010  	16.864267   	22.40042    	20.288299   	-0.217985444
24/01/2010  	16.376574   	20.56341    	19.057443   	-0.353596233
25/01/2010  	15.722897   	19.66556    	18.128815   	-0.688096281
26/01/2010  	16.773148   	20.95142    	19.073677   	-1.064077867
27/01/2010  	14.731204   	21.63367    	18.611032   	-0.811947713
28/01/2010  	15.802086   	19.96215    	17.352968   	-0.047774629
29/01/2010  	15.542871   	20.45129    	17.752956   	 0.291011445
30/01/2010  	15.637177   	20.12118    	17.617142   	 0.278092442
31/01/2010  	14.230033   	19.25590    	16.659698   	 0.446223886
01/02/2010  	12.799258   	16.48245    	14.475308   	 0.659419984
02/02/2010  	 9.581492   	20.52460    	13.528538   	 0.834305019
03/02/2010  	 9.263088   	14.56069    	11.324830   	 0.912700577
04/02/2010  	11.535797   	19.70415    	14.730613   	 1.174659779
05/02/2010  	11.983781   	18.53122    	14.748108   	 1.292945417
06/02/2010  	11.655171   	20.62058    	15.913370   	 1.594939133
07/02/2010  	13.981943   	17.49474    	16.014179   	 1.459819508
08/02/2010  	13.906247   	19.46194    	16.804357   	 0.908978603
09/02/2010  	15.759531   	23.49206    	19.757458   	 0.226821921
10/02/2010  	18.112288   	23.54122    	20.237206   	-0.147630011
11/02/2010  	19.633053   	25.49621    	21.913866   	-0.142987100
12/02/2010  	22.481068   	23.95445    	23.211141   	-0.466831685
13/02/2010  	23.302450   	25.05925    	23.982524   	-0.532803659
14/02/2010  	23.720360   	25.45909    	24.387871   	-0.747069135
15/02/2010  	23.805159   	26.27657    	24.947166   	-1.127343747
16/02/2010  	18.657417   	26.37763    	23.651514   	-1.177619650
17/02/2010  	19.135799   	23.84022    	22.284842   	-1.092229757
18/02/2010  	19.136755   	23.46284    	21.743569   	-0.879717149
19/02/2010  	15.148584   	23.83588    	19.855358   	-0.129379863
20/02/2010  	14.293003   	19.64641    	17.130735   	 0.362373806
21/02/2010  	15.548804   	19.61442    	17.170221   	 0.358475192
22/02/2010  	15.876475   	19.19558    	17.174868   	 0.739736478
23/02/2010  	16.098265   	19.45111    	17.345236   	 0.926438801
24/02/2010  	16.836700   	22.81357    	19.729840   	 1.047968549
25/02/2010  	15.898561   	21.70263    	18.780364   	 1.625197565
26/02/2010  	12.846680   	20.23279    	16.699517   	 2.272507630
27/02/2010  	 9.905267   	22.46708    	19.625573   	 2.722332617
28/02/2010  	16.885469   	21.05792    	19.416861   	 3.070059463
01/03/2010  	16.231085   	20.67157    	19.364780   	 3.287381023
02/03/2010  	16.182852   	20.31953    	18.249152   	 3.046157410
03/03/2010  	15.489278   	19.71396    	17.510988   	 2.883986478
04/03/2010  	16.114281   	21.06680    	18.158476   	 3.028086717
05/03/2010  	17.600449   	20.47366    	18.709444   	 2.730668291
06/03/2010  	16.405788   	21.17111    	18.784514   	 2.422261318
07/03/2010  	18.797176   	22.40431    	20.296294   	 1.986488588
08/03/2010  	18.777491   	21.35058    	20.058620   	 1.873149869
09/03/2010  	19.877108   	24.65972    	22.009114   	 1.885550626
10/03/2010  	19.179478   	23.71075    	21.596285   	 1.890033886
11/03/2010  	21.844564   	24.62593    	23.043906   	 2.053720608
12/03/2010  	19.018011   	22.84767    	21.385464   	 2.513768946
13/03/2010  	17.047514   	21.78969    	19.907406   	 2.863522400
14/03/2010  	15.659602   	20.69446    	18.255374   	 3.543296079
15/03/2010  	15.137230   	19.69275    	17.403919   	 3.916292787
16/03/2010  	12.536720   	19.67353    	16.554724   	 4.275497362
17/03/2010  	14.355036   	20.81776    	16.798544   	 4.486726205
18/03/2010  	13.359385   	19.96287    	16.105767   	 4.864555299
19/03/2010  	11.255297   	19.14666    	14.003618   	 5.484272103
20/03/2010  	10.636461   	19.48314    	13.890058   	 5.993856778
21/03/2010  	 9.712213   	16.34505    	12.323819   	 6.517496318
22/03/2010  	 9.525268   	16.95442    	12.906484   	 6.616028766
23/03/2010  	 8.778835   	18.60233    	13.339070   	 6.624169687
24/03/2010  	10.884705   	19.55121    	15.621310   	 6.847135623
25/03/2010  	12.292663   	19.00975    	16.385474   	 7.438417852
26/03/2010  	13.358492   	18.79245    	15.303355   	 8.020449350
27/03/2010  	 9.182466   	14.46858    	12.660436   	 8.013942907
28/03/2010  	 9.296290   	12.53991    	10.520679   	 7.962501665
29/03/2010  	 8.834962   	18.00421    	11.420617   	 7.916125129
30/03/2010  	 9.871389   	18.41840    	13.279245   	 8.073912332
31/03/2010  	 6.658035   	17.91596    	11.959439   	 7.703506887
01/04/2010  	 7.692796   	19.73132    	14.379749   	 6.825990925
02/04/2010  	11.606386   	19.83269    	16.040981   	 6.451093813
03/04/2010  	14.432755   	18.14041    	15.920658   	 6.619519502
04/04/2010  	13.842076   	17.25340    	15.195149   	 6.956401139
05/04/2010  	12.880363   	16.01800    	14.314699   	 7.028648118
06/04/2010  	11.289493   	18.16263    	14.083401   	 7.429495871
07/04/2010  	11.834430   	19.16623    	15.535928   	 7.952340851
08/04/2010  	14.819645   	17.42839    	16.116809   	 8.605229219
09/04/2010  	15.485296   	18.18909    	16.602611   	 9.131662468
10/04/2010  	16.190104   	18.60979    	17.114215   	 9.342448970
11/04/2010  	16.556698   	21.11777    	18.509262   	 9.007141093
12/04/2010  	19.230909   	21.66781    	20.141807   	 8.678337336
13/04/2010  	20.067863   	21.65701    	21.046952   	 8.605964959
14/04/2010  	19.958427   	22.54862    	21.568385   	 8.652572532
15/04/2010  	21.159990   	23.13318    	22.431648   	 8.675042431
16/04/2010  	21.122520   	23.49184    	22.369500   	 8.718505085
17/04/2010  	21.656092   	24.16423    	22.674499   	 8.842592657
18/04/2010  	21.936642   	26.34356    	23.699469   	 9.295274059
19/04/2010  	22.870886   	25.37483    	24.133805   	 9.486858726
20/04/2010  	22.803207   	26.10339    	24.286305   	 9.403983911
21/04/2010  	22.306812   	24.70200    	23.739349   	 8.739161243
22/04/2010  	23.020140   	24.30020    	23.694338   	 8.518603394
23/04/2010  	22.930454   	26.03369    	24.244329   	 9.177479843
24/04/2010  	22.714392   	25.90834    	24.230862   	 9.852268974
25/04/2010  	22.266464   	26.29199    	24.502882   	10.211017410
26/04/2010  	22.127972   	26.14448    	24.232537   	10.730463843
27/04/2010  	22.158949   	26.14656    	24.133058   	11.231835941
28/04/2010  	23.105654   	26.12817    	24.355562   	11.790319880
29/04/2010  	23.172777   	28.11294    	25.236048   	12.045692205
30/04/2010  	21.760605   	28.14913    	24.606353   	12.346555769
01/05/2010  	19.868433   	25.14030    	22.204307   	12.435670853
02/05/2010  	19.981802   	24.80041    	22.775978   	12.041182836
03/05/2010  	24.127266   	28.69856    	25.890314   	10.697168787
04/05/2010  	24.845562   	28.11277    	26.296647   	 9.054530640
05/05/2010  	24.761900   	26.81311    	25.716605   	 9.160658280
06/05/2010  	25.288033   	28.85447    	26.592984   	 9.314408501
07/05/2010  	26.524221   	29.36107    	27.714095   	 9.320798894
08/05/2010  	26.981647   	28.30502    	27.629303   	 9.600760361
09/05/2010  	27.112230   	28.65354    	27.617547   	10.060302317
10/05/2010  	27.106316   	28.80028    	27.956006   	10.357740084
11/05/2010  	27.317768   	29.56947    	28.074889   	10.265779773
12/05/2010  	27.943916   	30.67017    	29.155443   	 9.571876148
13/05/2010  	27.334927   	29.71343    	28.318124   	 9.168923597
14/05/2010  	27.665852   	28.55717    	28.040397   	 9.483299832
15/05/2010  	26.852367   	28.42220    	27.876238   	 9.990625342
16/05/2010  	26.577755   	28.33144    	27.467515   	10.222610494
17/05/2010  	25.642088   	28.41362    	26.955908   	10.718749086
18/05/2010  	25.816889   	27.64482    	26.887948   	11.248971442
19/05/2010  	26.127743   	28.43966    	27.333686   	11.640619695
20/05/2010  	26.356726   	27.98980    	27.283368   	12.344517052
21/05/2010  	25.050768   	28.04939    	26.905176   	13.547127763
22/05/2010  	26.342188   	28.91088    	27.630251   	14.364548524
23/05/2010  	27.018745   	28.73239    	28.066878   	15.213651816
24/05/2010  	24.835924   	28.81580    	27.076953   	16.126509269
25/05/2010  	25.309927   	28.90314    	27.617530   	16.050858835
26/05/2010  	27.343594   	29.33566    	28.514649   	15.542751054
27/05/2010  	28.035393   	30.06942    	29.022629   	15.010155837
28/05/2010  	24.268238   	29.50412    	27.651562   	15.022533059
29/05/2010  	23.940205   	28.21082    	26.165226   	14.631583552
30/05/2010  	18.640003   	27.62595    	23.758930   	14.522985021
31/05/2010  	18.072399   	26.51730    	21.987166   	14.388291498
01/06/2010  	21.760164   	25.97404    	24.608514   	14.773640037
02/06/2010  	24.146210   	26.19186    	25.402644   	15.322321236
03/06/2010  	25.164444   	27.02433    	26.165165   	15.898096740
04/06/2010  	25.746685   	27.73386    	26.831346   	16.505755564
05/06/2010  	26.130808   	28.85851    	27.562698   	17.081870953
06/06/2010  	26.000212   	29.30444    	27.904747   	17.555388014
07/06/2010  	23.017757   	28.50278    	25.778764   	17.434321046
08/06/2010  	20.812532   	26.39584    	24.317951   	17.638438185
09/06/2010  	21.335546   	25.13522    	23.842557   	18.232048551
10/06/2010  	22.037777   	26.11153    	24.138957   	18.548790018
11/06/2010  	21.802792   	26.23919    	24.217558   	18.932701786
12/06/2010  	20.850067   	25.16827    	23.408284   	18.390097578
13/06/2010  	22.938625   	27.27419    	24.434991   	17.831607699
14/06/2010  	23.218767   	27.51363    	25.245207   	17.976237575
15/06/2010  	24.992390   	28.34088    	26.397050   	17.428327401
16/06/2010  	26.108118   	29.36947    	27.932835   	16.396749020
17/06/2010  	27.443619   	30.71650    	29.253413   	16.291704853
18/06/2010  	28.881952   	31.39247    	30.130406   	15.812271535
19/06/2010  	29.363459   	32.15453    	31.390963   	14.538828989
20/06/2010  	30.733471   	32.68459    	31.958029   	13.368516405
21/06/2010  	31.329304   	32.79020    	32.326854   	13.388570468
22/06/2010  	31.463972   	32.59955    	32.152354   	14.369927863
23/06/2010  	31.257462   	32.36253    	31.724366   	15.826490283
24/06/2010  	31.041372   	31.90988    	31.414275   	17.140611907
25/06/2010  	30.431896   	31.75432    	31.201318   	17.806817730
26/06/2010  	29.902298   	31.75552    	31.025827   	18.226503174
27/06/2010  	30.125572   	32.08892    	31.236637   	18.242634853
28/06/2010  	30.455256   	31.86543    	31.196577   	19.338973443
29/06/2010  	30.294279   	31.61039    	30.908098   	20.009913802
30/06/2010  	30.048773   	31.49747    	30.754880   	20.277242382
01/07/2010  	29.536701   	31.32389    	30.575092   	20.317863981
02/07/2010  	28.681519   	30.93434    	30.148522   	20.755530953
03/07/2010  	28.544399   	30.59408    	29.850905   	21.346041322
04/07/2010  	27.976353   	30.37247    	29.379285   	21.709838271
05/07/2010  	25.919724   	29.07231    	28.075234   	21.312806726
06/07/2010  	25.431684   	28.63532    	27.524293   	21.213926633
07/07/2010  	25.506657   	28.51758    	27.254056   	20.220276992
08/07/2010  	24.020592   	28.56096    	26.488215   	20.034624934
09/07/2010  	25.189053   	28.55174    	26.964207   	20.968552748
10/07/2010  	25.807590   	29.04544    	27.331170   	22.042282661
11/07/2010  	26.343704   	28.99237    	27.431020   	22.752339403
12/07/2010  	26.714375   	29.34919    	28.028189   	22.529992024
13/07/2010  	26.009438   	28.65946    	27.396689   	21.898026546
14/07/2010  	26.203074   	30.48265    	27.748514   	22.025265098
15/07/2010  	20.817221   	27.98462    	25.245977   	20.813876867
16/07/2010  	19.161419   	24.71267    	22.141523   	19.299867392
17/07/2010  	17.334969   	21.19562    	19.912422   	18.915905158
18/07/2010  	17.833530   	22.46214    	19.699069   	19.014530579
19/07/2010  	19.112528   	24.75736    	20.975613   	19.529583494
20/07/2010  	19.919971   	25.98966    	22.703423   	20.400242448
21/07/2010  	21.832382   	27.25250    	24.250756   	20.942153653
22/07/2010  	20.861021   	25.73098    	23.597125   	20.989987175
23/07/2010  	21.161726   	25.85409    	23.668580   	21.000747641
24/07/2010  	22.663996   	26.02529    	24.176110   	20.702183286
25/07/2010  	23.514359   	27.82360    	25.334613   	20.578919848
26/07/2010  	24.550224   	26.74952    	25.199414   	20.469509323
27/07/2010  	24.747839   	27.97401    	25.823571   	20.489846071
28/07/2010  	24.576042   	26.89616    	25.552190   	20.461134752
29/07/2010  	24.838469   	26.70964    	25.658751   	20.229065776
30/07/2010  	24.984589   	27.65069    	26.004646   	19.796775778
31/07/2010  	21.896820   	28.49578    	25.525091   	19.240446965
01/08/2010  	21.008520   	24.58136    	23.147685   	19.213632147
02/08/2010  	20.998274   	24.99558    	23.027818   	19.740199129
03/08/2010  	20.615067   	24.15705    	22.796406   	20.001895110
04/08/2010  	18.231226   	25.48293    	21.650717   	19.575006684
05/08/2010  	16.837881   	21.05891    	19.238146   	19.265929421
06/08/2010  	16.695934   	21.05289    	18.931274   	19.283284783
07/08/2010  	16.493618   	22.21215    	19.202874   	19.490282893
08/08/2010  	15.085714   	20.53452    	18.630352   	19.555297534
09/08/2010  	17.909452   	22.07831    	19.756346   	19.719819784
10/08/2010  	16.951151   	23.82977    	20.231348   	19.520711859
11/08/2010  	15.934821   	20.73807    	17.670167   	19.367508769
12/08/2010  	15.615788   	21.40437    	17.768976   	19.217456778
13/08/2010  	14.849442   	23.37749    	18.375330   	18.968675812
14/08/2010  	16.393221   	23.09606    	19.170299   	19.224086404
15/08/2010  	17.354099   	26.41998    	20.829465   	19.270610611
16/08/2010  	20.737192   	24.37131    	22.356818   	19.003000975
17/08/2010  	18.762129   	22.37419    	20.996667   	19.183068196
18/08/2010  	17.534023   	20.94479    	18.978006   	18.697205861
19/08/2010  	16.552662   	18.68906    	17.866898   	18.305009127
20/08/2010  	16.585068   	19.52061    	17.987572   	18.373917143
21/08/2010  	16.474298   	19.49432    	18.226470   	18.889359077
22/08/2010  	15.423373   	17.75241    	16.660259   	19.280460119
23/08/2010  	14.402573   	20.65657    	16.313999   	19.313813011
24/08/2010  	 9.750899   	21.16554    	17.041463   	18.251413306
25/08/2010  	11.855227   	21.19853    	18.158963   	17.029408018
26/08/2010  	14.051353   	20.65096    	17.532618   	16.722044865
27/08/2010  	13.848883   	20.18603    	17.481243   	16.442886233
28/08/2010  	14.401461   	19.95119    	17.396688   	15.874274333
29/08/2010  	13.558851   	19.97334    	16.522967   	15.256470144
30/08/2010  	15.159682   	20.67602    	17.041692   	14.831253072
31/08/2010  	16.894873   	18.58428    	17.964192   	14.481510341
01/09/2010  	17.579409   	22.38873    	19.263546   	14.808937748
02/09/2010  	17.790157   	21.64453    	19.003709   	15.073036373
03/09/2010  	17.896957   	21.90418    	19.241868   	15.415598492
04/09/2010  	16.788288   	21.99925    	18.982095   	15.847138186
05/09/2010  	16.946548   	22.70023    	19.659219   	15.974998176
06/09/2010  	17.424829   	22.89920    	20.402883   	15.716664553
07/09/2010  	17.812145   	24.81196    	22.128097   	14.671104014
08/09/2010  	19.770506   	23.62910    	22.075004   	14.547604720
09/09/2010  	18.721220   	24.46297    	21.193344   	14.944636842
10/09/2010  	15.715699   	20.90575    	18.513453   	15.232899745
11/09/2010  	12.941139   	18.51433    	15.267344   	15.780299564
12/09/2010  	12.081835   	15.53930    	13.616898   	16.498006662
13/09/2010  	12.220531   	17.16122    	13.834250   	16.297507981
14/09/2010  	 9.165347   	17.11220    	13.212931   	16.401434322
15/09/2010  	 9.952561   	21.33600    	15.955151   	15.616098066
16/09/2010  	12.584074   	21.93681    	19.482962   	14.551715255
17/09/2010  	13.185108   	21.70048    	17.449663   	14.000079850
18/09/2010  	12.489371   	21.14388    	15.550153   	13.373459498
19/09/2010  	12.871104   	20.53496    	16.791036   	13.013419827
20/09/2010  	11.615904   	20.19541    	15.366281   	13.655013243
21/09/2010  	11.887370   	18.37971    	16.492973   	14.220001360
22/09/2010  	13.406738   	18.32890    	15.367581   	14.406265497
23/09/2010  	13.406271   	18.70280    	15.401201   	14.786650836
24/09/2010  	11.951227   	18.72684    	15.175601   	15.066332599
25/09/2010  	14.524984   	18.35147    	16.185476   	13.962892135
26/09/2010  	14.853342   	18.78099    	16.187462   	13.378101190
27/09/2010  	12.829530   	16.31968    	14.881529   	13.363415877
28/09/2010  	12.141628   	18.01139    	15.294167   	13.611156543
29/09/2010  	13.623639   	18.55023    	16.046717   	13.152111510
30/09/2010  	10.506328   	18.97335    	15.397889   	12.229971608
01/10/2010  	11.312730   	16.66197    	13.829076   	12.300117413
02/10/2010  	 5.687365   	12.96276    	10.262822   	12.808407287
03/10/2010  	 6.973011   	14.91469    	10.599744   	14.109460751
04/10/2010  	 9.922216   	16.27884    	13.116609   	14.895644168
05/10/2010  	11.130155   	17.35370    	13.798731   	15.329719047
06/10/2010  	11.262641   	17.85739    	13.566393   	15.602673848
07/10/2010  	12.360250   	17.52188    	14.047379   	15.524219950
08/10/2010  	12.837173   	18.26890    	15.450375   	15.501721760
09/10/2010  	14.625725   	18.00175    	16.598531   	14.775462608
10/10/2010  	16.105772   	20.33062    	18.344013   	13.928285857
11/10/2010  	17.128481   	20.60008    	19.316473   	13.221152405
12/10/2010  	18.522657   	21.11945    	19.844939   	12.945370177
13/10/2010  	19.612984   	21.93731    	20.303656   	12.819674591
14/10/2010  	18.639750   	21.83080    	20.124433   	12.641310374
15/10/2010  	18.099848   	22.09655    	19.906451   	12.422677616
16/10/2010  	17.582186   	23.93987    	20.228058   	11.446047167
17/10/2010  	20.514065   	25.55233    	23.736710   	10.652160525
18/10/2010  	16.824812   	25.54282    	21.442899   	 9.901964247
19/10/2010  	13.976418   	20.06905    	15.781919   	10.057335655
20/10/2010  	14.375126   	21.40595    	16.883971   	 9.311055481
21/10/2010  	12.899460   	22.44451    	17.771819   	 8.705640376
22/10/2010  	13.642138   	22.71073    	18.008802   	 9.092006822
23/10/2010  	14.264416   	22.36169    	18.546235   	 9.212966979
24/10/2010  	14.803979   	20.89726    	16.738561   	 8.816121439
25/10/2010  	15.245555   	21.34318    	18.361551   	 8.038537691
26/10/2010  	13.707540   	22.04794    	18.539981   	 7.540405999
27/10/2010  	 8.705171   	17.30523    	14.100420   	 8.244662454
28/10/2010  	11.321399   	18.11193    	15.055934   	 9.281735718
29/10/2010  	11.574074   	17.36200    	13.815628   	 9.601506750
30/10/2010  	11.323308   	16.16920    	13.369489   	 9.709853212
31/10/2010  	13.303169   	17.77556    	15.557246   	 9.832501729
01/11/2010  	13.434192   	19.60022    	16.615998   	 9.903099120
02/11/2010  	11.883163   	16.31657    	14.454588   	 9.985973855
03/11/2010  	 9.270558   	17.72027    	14.215610   	10.198918959
04/11/2010  	 8.511372   	21.87193    	16.983767   	10.908919871
05/11/2010  	15.481271   	24.30698    	21.745864   	11.948046784
06/11/2010  	17.190132   	24.05793    	20.412315   	11.513949017
07/11/2010  	17.492895   	21.96491    	19.823826   	10.910160999
08/11/2010  	18.213877   	21.18057    	19.929067   	 9.615566254
09/11/2010  	19.466316   	22.02684    	21.033270   	 8.286592603
10/11/2010  	19.713451   	22.27488    	21.073253   	 7.587679952
11/11/2010  	 6.965042   	21.64931    	16.784519   	 6.979107449
12/11/2010  	14.008068   	23.75980    	20.887363   	 8.187848091
13/11/2010  	17.910812   	24.15981    	21.339562   	 8.193054060
14/11/2010  	19.856403   	24.19826    	21.812499   	 8.356445471
15/11/2010  	18.150867   	21.04243    	19.909709   	 8.191230486
16/11/2010  	17.873215   	19.81014    	19.144146   	 7.748328865
17/11/2010  	17.938360   	20.43547    	19.523998   	 7.004016389
18/11/2010  	17.587053   	21.73295    	20.021333   	 6.470139444
19/11/2010  	16.753965   	20.57732    	18.710398   	 6.240905493
20/11/2010  	15.580768   	19.72941    	17.780499   	 6.246736358
21/11/2010  	16.277420   	20.27732    	18.485927   	 6.260747105
22/11/2010  	18.732939   	21.60955    	20.128682   	 6.074624002
23/11/2010  	19.562540   	23.33843    	21.156844   	 5.723611285
24/11/2010  	20.196848   	23.52647    	21.632408   	 5.103364269
25/11/2010  	19.089167   	21.86637    	20.791436   	 4.618015567
26/11/2010  	19.521645   	23.93282    	21.508960   	 4.329134872
27/11/2010  	19.663486   	23.00423    	21.447567   	 3.722791374
28/11/2010  	19.384975   	21.77867    	20.938193   	 2.754876475
29/11/2010  	19.873135   	22.72737    	21.846277   	 2.103352045
30/11/2010  	21.855453   	26.19671    	23.526964   	 1.668565745
01/12/2010  	24.589542   	26.49587    	25.606292   	 0.655012452
02/12/2010  	25.584536   	27.73634    	26.602064   	-0.250938126
03/12/2010  	26.207891   	27.51898    	26.826273   	-0.005246124
04/12/2010  	17.439178   	26.31575    	22.209682   	-0.137839063
05/12/2010  	16.111818   	20.12264    	17.863221   	 0.592993445
06/12/2010  	15.813601   	20.42427    	17.855341   	 0.710265864
07/12/2010  	17.541515   	21.71261    	19.785128   	 0.256989729
08/12/2010  	20.078779   	23.38190    	21.452084   	 0.012745579
09/12/2010  	20.638529   	24.03588    	22.030770   	 0.254602185
10/12/2010  	21.170889   	24.71406    	22.249368   	 0.410512497
11/12/2010  	21.353540   	25.89372    	22.871713   	 1.803453773
12/12/2010  	21.828356   	27.27585    	25.786800   	 3.496707983
13/12/2010  	25.930834   	26.71924    	26.346707   	 3.351226772
14/12/2010  	25.870188   	26.98150    	26.314305   	 2.607818032
15/12/2010  	26.005260   	28.03604    	26.718038   	 2.113519197
16/12/2010  	22.278599   	28.08211    	25.817502   	 1.858129099
17/12/2010  	22.555525   	26.04357    	23.901440   	 1.613404781
18/12/2010  	17.956173   	24.51850    	21.406246   	 0.869017922
19/12/2010  	18.060400   	23.41179    	21.239473   	-0.147453043
20/12/2010  	20.217581   	25.46239    	22.838200   	-0.612529890
21/12/2010  	19.668810   	23.85624    	21.799604   	-0.936515100
22/12/2010  	21.818798   	23.69599    	22.811130   	-1.194293059
23/12/2010  	23.004971   	27.16123    	24.549190   	-0.906703917
24/12/2010  	24.143888   	29.58530    	26.881377   	-0.584178933
25/12/2010  	25.943949   	29.34377    	27.524183   	-0.853456667
26/12/2010  	26.465525   	28.80822    	27.134284   	-0.866342380
27/12/2010  	24.437937   	27.47795    	25.975967   	-0.363364846
28/12/2010  	23.625072   	27.70204    	25.162334   	-0.201755332
29/12/2010  	22.242222   	25.82368    	24.529624   	-0.520146199
30/12/2010  	22.119528   	26.07566    	24.209544   	-0.502957848
31/12/2010  	21.572170   	25.33100    	23.671137   	 0.049131647
