date	smin	smax	smean	tmean
01/01/2009 	15.095635  	18.233231  	16.635048  	 0.10853527
02/01/2009 	12.306865  	19.878378  	16.798419  	 0.60440869
03/01/2009 	15.778925  	21.883261  	18.517131  	 0.60044367
04/01/2009 	20.690779  	28.978262  	24.111475  	 1.83190930
05/01/2009 	11.686901  	26.107782  	19.111326  	 1.00051526
06/01/2009 	14.018715  	20.444973  	17.084997  	-0.76649457
07/01/2009 	15.894071  	22.352905  	19.697191  	 0.03079406
08/01/2009 	16.559092  	22.116190  	20.236560  	 0.08672984
09/01/2009 	18.816650  	20.170122  	19.316633  	-0.24393294
10/01/2009 	15.487663  	19.981066  	18.334959  	-0.80894121
11/01/2009 	17.917370  	22.452267  	20.294894  	-0.15682226
12/01/2009 	21.790890  	23.817389  	23.153753  	 1.08051423
13/01/2009 	22.444735  	24.430202  	23.481286  	 1.71423864
14/01/2009 	20.241295  	24.285271  	23.017444  	 2.10529013
15/01/2009 	15.546040  	24.620785  	20.648943  	 1.63351193
16/01/2009 	10.251605  	20.810652  	15.099170  	 1.20004830
17/01/2009 	13.395165  	24.226894  	20.126186  	 1.76311962
18/01/2009 	22.721560  	24.841536  	23.657419  	 2.92199326
19/01/2009 	22.034883  	23.354879  	22.916001  	 2.78589230
20/01/2009 	23.589588  	26.617081  	25.045011  	 2.99533342
21/01/2009 	24.227575  	26.149826  	25.125446  	 2.71917809
22/01/2009 	25.178942  	26.981300  	26.018233  	 2.61086143
23/01/2009 	24.851080  	28.564068  	26.487440  	 2.82437698
24/01/2009 	25.442249  	27.906151  	27.005153  	 3.05922001
25/01/2009 	24.267792  	27.607595  	26.431089  	 2.86717161
26/01/2009 	17.466019  	26.473486  	22.694073  	 2.18067300
27/01/2009 	19.415075  	22.912222  	20.775073  	 1.27696914
28/01/2009 	17.393997  	20.725727  	18.977141  	 0.94417987
29/01/2009 	16.173653  	19.794748  	17.191664  	 0.73072458
30/01/2009 	15.472089  	18.714636  	16.532322  	 0.30954852
31/01/2009 	17.241220  	21.277826  	18.951411  	 0.04563780
01/02/2009 	17.682798  	21.357676  	19.336662  	-0.54401270
02/02/2009 	19.065998  	22.249714  	21.197562  	-0.03295779
03/02/2009 	21.088520  	23.055628  	22.285656  	 0.45309438
04/02/2009 	21.347771  	23.076139  	21.988688  	 0.69826797
05/02/2009 	21.184406  	22.984303  	22.092847  	 0.90145871
06/02/2009 	19.890163  	23.183447  	22.596037  	 1.58394978
07/02/2009 	19.039835  	22.738213  	21.523780  	 1.75027088
08/02/2009 	19.716789  	23.607454  	22.051410  	 1.43329715
09/02/2009 	20.458630  	22.944244  	21.795937  	 1.50898571
10/02/2009 	14.490190  	22.529528  	18.603595  	 1.43204983
11/02/2009 	14.923230  	23.296982  	18.525735  	 1.78046841
12/02/2009 	15.428184  	24.885387  	20.395617  	 1.99062456
13/02/2009 	15.023695  	25.177231  	21.417965  	 2.16944479
14/02/2009 	13.381893  	24.178383  	17.300640  	 1.44122519
15/02/2009 	15.018219  	21.677614  	18.737579  	 1.68305837
16/02/2009 	15.595045  	23.572027  	21.420147  	 2.76138575
17/02/2009 	12.817997  	23.253500  	19.274502  	 3.17580055
18/02/2009 	12.743389  	18.135115  	14.820426  	 2.30330886
19/02/2009 	13.155140  	18.786608  	16.169171  	 2.30622230
20/02/2009 	14.446157  	20.822327  	19.269871  	 3.21372854
21/02/2009 	13.676256  	20.890036  	18.172259  	 3.44522552
22/02/2009 	16.310007  	21.271481  	19.610090  	 3.87445538
23/02/2009 	12.452765  	23.787508  	19.909539  	 4.39506586
24/02/2009 	10.156409  	20.187422  	16.046682  	 4.08808387
25/02/2009 	10.135268  	18.251493  	15.274334  	 4.30528715
26/02/2009 	16.776695  	22.280510  	18.908899  	 4.71323455
27/02/2009 	18.156315  	24.344584  	20.960966  	 5.10771176
28/02/2009 	14.388755  	23.309689  	19.549268  	 5.53242065
01/03/2009 	11.678661  	21.104128  	17.237227  	 5.18046117
02/03/2009 	12.282064  	20.981642  	17.093628  	 5.27265841
03/03/2009 	14.191689  	20.179617  	16.589396  	 5.15573969
04/03/2009 	16.491707  	19.482136  	17.751177  	 4.87077559
05/03/2009 	14.724967  	19.696964  	17.674875  	 4.95816755
06/03/2009 	12.127425  	17.471174  	14.986888  	 4.84811369
07/03/2009 	11.504491  	18.255314  	15.661830  	 4.38501589
08/03/2009 	14.797550  	18.487358  	17.288790  	 5.23144217
09/03/2009 	18.213694  	21.547626  	20.433321  	 4.99128502
10/03/2009 	19.615772  	21.133984  	20.436638  	 4.94014497
11/03/2009 	16.310421  	20.935310  	20.118572  	 4.90229083
12/03/2009 	14.872454  	20.883137  	19.096921  	 5.43345400
13/03/2009 	13.992466  	21.098715  	19.146434  	 5.58936869
14/03/2009 	12.930958  	20.307831  	16.073007  	 5.80517631
15/03/2009 	14.205332  	22.448500  	19.986809  	 6.03872261
16/03/2009 	10.270908  	22.294538  	15.880764  	 6.26315127
17/03/2009 	 8.757950  	18.855246  	14.351021  	 6.56435335
18/03/2009 	 8.932302  	15.844004  	10.883823  	 6.19189948
19/03/2009 	 7.611279  	12.744463  	 9.873216  	 6.06511531
20/03/2009 	 7.545859  	 9.378469  	 8.478603  	 5.65369296
21/03/2009 	 7.587468  	 9.505962  	 8.464199  	 5.70190639
22/03/2009 	 6.613079  	16.263443  	11.974023  	 6.61183304
23/03/2009 	11.665893  	23.482971  	16.373603  	 6.62018984
24/03/2009 	15.779837  	24.953646  	22.118465  	 6.34470568
25/03/2009 	15.495224  	23.556108  	19.514750  	 6.32821528
26/03/2009 	15.167191  	23.349892  	18.290106  	 6.55433798
27/03/2009 	15.111247  	16.883049  	15.934268  	 6.46678226
28/03/2009 	14.889205  	16.161949  	15.446066  	 6.42934113
29/03/2009 	13.956607  	17.088831  	16.010832  	 6.20134919
30/03/2009 	12.516968  	17.124001  	15.545500  	 5.81512643
31/03/2009 	10.791632  	17.135561  	15.578047  	 6.19818121
01/04/2009 	 9.606423  	17.457037  	13.598448  	 6.82082880
02/04/2009 	 7.356650  	14.081192  	 9.258970  	 7.60632685
03/04/2009 	 7.948973  	 9.789394  	 8.457269  	 8.27146629
04/04/2009 	 8.135810  	12.691132  	 9.947485  	 8.58065828
05/04/2009 	 8.786375  	14.939609  	11.623225  	 8.79504627
06/04/2009 	 9.416182  	13.479501  	11.297401  	 9.06772496
07/04/2009 	 9.535375  	14.533668  	11.145319  	 9.79651233
08/04/2009 	10.395438  	20.000778  	16.454635  	 8.97872063
09/04/2009 	18.083233  	19.880606  	19.568539  	 8.80785657
10/04/2009 	14.701942  	19.815077  	17.896478  	 9.80862971
11/04/2009 	14.371446  	19.507080  	17.000738  	10.69404177
12/04/2009 	14.675798  	18.563042  	16.417546  	10.90648240
13/04/2009 	15.974475  	17.531958  	16.692674  	10.89388019
14/04/2009 	16.347984  	17.662893  	16.825097  	10.92786254
15/04/2009 	16.443111  	17.352604  	16.906849  	11.03299507
16/04/2009 	16.408546  	17.243166  	16.914796  	11.54153981
17/04/2009 	16.757856  	19.679726  	17.793610  	11.21701731
18/04/2009 	16.874298  	19.829237  	18.606765  	10.48175977
19/04/2009 	16.491463  	18.289804  	17.359009  	10.97886368
20/04/2009 	16.112087  	17.764896  	17.067420  	11.93059560
21/04/2009 	16.295303  	17.909769  	17.304436  	12.35002220
22/04/2009 	17.704493  	21.063494  	18.891195  	12.11416550
23/04/2009 	18.026405  	21.284655  	19.662969  	11.75955437
24/04/2009 	18.204664  	21.317537  	19.347393  	12.19883045
25/04/2009 	18.312714  	20.369297  	18.997277  	12.28078244
26/04/2009 	18.424467  	21.111984  	19.411990  	12.91344672
27/04/2009 	19.094221  	22.583590  	20.164960  	12.91442325
28/04/2009 	19.484138  	21.411842  	20.018862  	12.54014323
29/04/2009 	19.877811  	21.882980  	20.669019  	12.52490920
30/04/2009 	20.394535  	21.709671  	20.907414  	12.70485671
01/05/2009 	20.577974  	21.486309  	20.869256  	13.35838717
02/05/2009 	20.589680  	21.568884  	20.968450  	13.71596156
03/05/2009 	20.678459  	22.848392  	21.561261  	13.58529556
04/05/2009 	22.371107  	23.550398  	23.139962  	12.51604124
05/05/2009 	21.430468  	26.030441  	23.477955  	12.21752332
06/05/2009 	19.643826  	25.497353  	22.443879  	12.66623779
07/05/2009 	19.518621  	22.583141  	20.577887  	12.82098939
08/05/2009 	20.119503  	21.139212  	20.629851  	12.88902370
09/05/2009 	20.893030  	22.292789  	21.425904  	12.48366712
10/05/2009 	20.414324  	22.515043  	21.178247  	13.02821215
11/05/2009 	20.213667  	21.272591  	20.742127  	12.56366465
12/05/2009 	20.062355  	21.494453  	20.734826  	12.09550200
13/05/2009 	21.044426  	21.910637  	21.322242  	12.56281501
14/05/2009 	21.112684  	21.572662  	21.362422  	12.62332716
15/05/2009 	21.415930  	22.410679  	21.955757  	13.06017796
16/05/2009 	22.040140  	24.302296  	23.197313  	13.26592447
17/05/2009 	23.133242  	24.512537  	23.818767  	13.66145041
18/05/2009 	24.305389  	25.070293  	24.852914  	13.42963598
19/05/2009 	24.340185  	25.250809  	25.018476  	13.45452613
20/05/2009 	23.804705  	25.233442  	24.879143  	13.81939028
21/05/2009 	23.019009  	25.190210  	24.700510  	14.50597998
22/05/2009 	22.955299  	25.216034  	24.588953  	14.81380379
23/05/2009 	23.144125  	25.222742  	24.499363  	15.39267590
24/05/2009 	22.989901  	25.207867  	24.395410  	16.23213460
25/05/2009 	22.783146  	25.106413  	23.851348  	16.82209210
26/05/2009 	21.165113  	25.125597  	23.692198  	17.27850688
27/05/2009 	24.730766  	26.190094  	25.359186  	15.62514903
28/05/2009 	24.495373  	26.356623  	26.039677  	15.33680995
29/05/2009 	19.361542  	26.508821  	23.106700  	15.61428295
30/05/2009 	15.381582  	21.435209  	17.864082  	15.32331363
31/05/2009 	15.663852  	19.615774  	17.578092  	16.03310980
01/06/2009 	16.206701  	20.547718  	18.031076  	16.90275230
02/06/2009 	16.409082  	24.859375  	21.024444  	16.30628959
03/06/2009 	21.853685  	30.130095  	27.583045  	14.42819806
04/06/2009 	28.680756  	30.855762  	30.273482  	13.13645639
05/06/2009 	29.011393  	31.027870  	30.689971  	12.96643563
06/06/2009 	25.109594  	31.029316  	28.051330  	13.09777556
07/06/2009 	24.991863  	28.790451  	25.759451  	13.67716002
08/06/2009 	24.296600  	27.370150  	25.666305  	14.96104121
09/06/2009 	22.651325  	25.913155  	24.429477  	15.83683991
10/06/2009 	24.693548  	28.437149  	26.593361  	15.59932659
11/06/2009 	21.063175  	28.537741  	24.740611  	15.34569047
12/06/2009 	21.615421  	29.160654  	25.557455  	15.25705421
13/06/2009 	19.306065  	27.295616  	22.949504  	15.25191055
14/06/2009 	17.873987  	23.957199  	21.239681  	16.16867302
15/06/2009 	17.250042  	25.205517  	20.765063  	16.77134901
16/06/2009 	16.319948  	22.223080  	18.250114  	16.26370660
17/06/2009 	16.492125  	19.766178  	17.443386  	16.34926349
18/06/2009 	17.237265  	24.322670  	21.933988  	16.98915251
19/06/2009 	22.293644  	26.406988  	24.528232  	16.92938435
20/06/2009 	22.745312  	26.701105  	25.009672  	16.34279607
21/06/2009 	20.384895  	27.469278  	24.660406  	15.99657061
22/06/2009 	18.927685  	26.274834  	22.645936  	16.19380345
23/06/2009 	18.640697  	24.432547  	21.115742  	16.89473242
24/06/2009 	18.503130  	22.174530  	20.141602  	17.30529324
25/06/2009 	19.198154  	22.646078  	20.563255  	17.49595300
26/06/2009 	19.539787  	24.664160  	21.428685  	18.60268450
27/06/2009 	19.963673  	24.434673  	21.542306  	19.35135428
28/06/2009 	20.445309  	24.274229  	21.907317  	19.89166188
29/06/2009 	21.682272  	24.175068  	22.559262  	20.81239673
30/06/2009 	21.014862  	23.832380  	22.557951  	20.99831724
01/07/2009 	21.380405  	23.959806  	22.801815  	20.85027877
02/07/2009 	20.476128  	24.215549  	22.253506  	21.07308042
03/07/2009 	20.712112  	23.795233  	22.156774  	21.85820059
04/07/2009 	22.232618  	26.302624  	24.246093  	22.51979323
05/07/2009 	20.953072  	26.329861  	24.320141  	22.82209376
06/07/2009 	20.727943  	27.147308  	25.065706  	21.96857289
07/07/2009 	25.043983  	27.137213  	26.107961  	20.58383981
08/07/2009 	25.359652  	28.180611  	27.023048  	19.61309437
09/07/2009 	27.514303  	30.637728  	28.604197  	18.17353936
10/07/2009 	27.181278  	31.950445  	30.337249  	15.94387533
11/07/2009 	28.181320  	32.381695  	31.480292  	15.16535964
12/07/2009 	25.890364  	32.041149  	27.599791  	16.72271572
13/07/2009 	25.652731  	28.534760  	27.464744  	17.88006425
14/07/2009 	23.361565  	28.740492  	27.091041  	18.87812948
15/07/2009 	23.196772  	27.599339  	25.469099  	19.70376325
16/07/2009 	23.932589  	24.527906  	24.084000  	19.31513111
17/07/2009 	23.792917  	24.538628  	24.107286  	19.43753751
18/07/2009 	22.249378  	24.928013  	23.632932  	18.94509133
19/07/2009 	23.473269  	25.367773  	24.307410  	18.61896193
20/07/2009 	22.445742  	25.272720  	23.976566  	18.66561584
21/07/2009 	23.646917  	25.233273  	24.565810  	18.71737599
22/07/2009 	23.220291  	25.106783  	24.373689  	19.28908078
23/07/2009 	23.198389  	25.064993  	24.392091  	19.01023650
24/07/2009 	22.889627  	25.014647  	23.799090  	18.54716206
25/07/2009 	22.897047  	25.041349  	24.345213  	18.41913851
26/07/2009 	23.662098  	25.171721  	24.894549  	18.48609173
27/07/2009 	19.934267  	25.183758  	24.337985  	18.94828375
28/07/2009 	22.694532  	25.696346  	24.813213  	18.71909861
29/07/2009 	20.761137  	25.670584  	24.210942  	18.77387631
30/07/2009 	22.797796  	24.870728  	23.639125  	18.94921947
31/07/2009 	23.650198  	25.537296  	24.582849  	18.31011542
01/08/2009 	22.638083  	25.030764  	23.781389  	18.23264035
02/08/2009 	22.760368  	25.859331  	23.922432  	18.79081893
03/08/2009 	22.766804  	25.862740  	24.476191  	18.73022799
04/08/2009 	18.918486  	25.465378  	22.940643  	19.50494377
05/08/2009 	18.756247  	24.351307  	21.770525  	20.25534757
06/08/2009 	19.454565  	24.088509  	21.252350  	20.97668934
07/08/2009 	19.717583  	22.740644  	20.795298  	21.03525424
08/08/2009 	20.404873  	24.378912  	21.452301  	20.76371682
09/08/2009 	20.728540  	21.987770  	21.411481  	20.15914500
10/08/2009 	20.639147  	22.376816  	21.383672  	20.32295465
11/08/2009 	21.061220  	24.521355  	22.105720  	20.50029941
12/08/2009 	22.606028  	25.159029  	23.876613  	20.11447132
13/08/2009 	22.448772  	26.163458  	24.598318  	19.79687774
14/08/2009 	21.412954  	26.267279  	24.171733  	19.48153114
15/08/2009 	23.179583  	24.787247  	23.881878  	19.70895791
16/08/2009 	23.286184  	25.701645  	24.039209  	20.04828862
17/08/2009 	23.374279  	28.109022  	25.039178  	19.86166569
18/08/2009 	24.705441  	28.195316  	26.366051  	19.59802357
19/08/2009 	19.215141  	26.836317  	23.602876  	19.77615829
20/08/2009 	18.921448  	23.705914  	21.604847  	20.40229019
21/08/2009 	22.377834  	26.159658  	24.229366  	19.67983659
22/08/2009 	24.192606  	26.684187  	25.898328  	18.98838739
23/08/2009 	22.948982  	26.666283  	25.343808  	18.84138167
24/08/2009 	23.079662  	26.646141  	24.160812  	18.80162334
25/08/2009 	23.069536  	26.726448  	24.508741  	19.41162721
26/08/2009 	23.255726  	26.742554  	25.398937  	18.62052258
27/08/2009 	24.274311  	26.246666  	24.907277  	19.13576293
28/08/2009 	25.011318  	26.609415  	25.798024  	18.90223185
29/08/2009 	25.614182  	26.549948  	26.046804  	17.73806576
30/08/2009 	25.818207  	26.138248  	25.942334  	17.10851312
31/08/2009 	22.952827  	25.699982  	23.896334  	17.77367544
01/09/2009 	22.911560  	24.799417  	23.731569  	17.83403413
02/09/2009 	24.670471  	26.560106  	25.197918  	17.37452745
03/09/2009 	23.786074  	29.404308  	26.945026  	17.40004555
04/09/2009 	22.885357  	29.211664  	27.481801  	16.48636885
05/09/2009 	27.025414  	29.131947  	28.297088  	16.36883624
06/09/2009 	28.120602  	29.317179  	28.872738  	15.92935808
07/09/2009 	28.169355  	29.193708  	28.801238  	15.81745108
08/09/2009 	24.171993  	29.144899  	28.000412  	16.43680296
09/09/2009 	24.042603  	29.044018  	27.164093  	16.91075067
10/09/2009 	23.793526  	26.918221  	24.543927  	16.33160480
11/09/2009 	25.191092  	28.035677  	26.749668  	15.54934976
12/09/2009 	25.613613  	28.060747  	27.152419  	15.65455667
13/09/2009 	28.042347  	29.369808  	28.639155  	15.51635921
14/09/2009 	26.501469  	29.051537  	27.820082  	15.46031465
15/09/2009 	26.667662  	27.200142  	27.020833  	15.51072639
16/09/2009 	26.961344  	27.960274  	27.252210  	15.85028929
17/09/2009 	27.340559  	28.978977  	27.904634  	15.11711981
18/09/2009 	27.402931  	28.789076  	27.881263  	15.06182071
19/09/2009 	27.531410  	28.886814  	27.951068  	15.52976245
20/09/2009 	27.608194  	29.718357  	28.478105  	16.09485608
21/09/2009 	27.457867  	29.725588  	28.469132  	15.82235825
22/09/2009 	27.963104  	29.952358  	29.363514  	15.87985027
23/09/2009 	29.691528  	30.742180  	30.204004  	16.04946254
24/09/2009 	29.919809  	31.908920  	31.095133  	15.75725973
25/09/2009 	28.578463  	32.052830  	31.332389  	15.41022990
26/09/2009 	28.531664  	32.069984  	31.306540  	15.46571028
27/09/2009 	26.957127  	32.072796  	30.770672  	15.69980387
28/09/2009 	28.624743  	32.072742  	31.234871  	16.06328527
29/09/2009 	30.920200  	32.230015  	31.903108  	16.38420184
30/09/2009 	29.158367  	32.228191  	30.823145  	15.91899969
01/10/2009 	27.592651  	32.460804  	31.425165  	15.19221693
02/10/2009 	26.322138  	32.551262  	31.296965  	13.76182487
03/10/2009 	25.391506  	32.496197  	29.348279  	14.30435441
04/10/2009 	25.466906  	29.338705  	28.031241  	13.54585991
05/10/2009 	27.395189  	29.259369  	28.163100  	12.76551612
06/10/2009 	25.281647  	28.191608  	26.880628  	13.04359657
07/10/2009 	25.457315  	26.380760  	25.658020  	14.14205503
08/10/2009 	24.297356  	26.940710  	25.851839  	13.42253900
09/10/2009 	20.456814  	27.604244  	24.298237  	12.19942963
10/10/2009 	14.697959  	23.603804  	19.510579  	11.76095398
11/10/2009 	18.663694  	26.885048  	24.094945  	11.72485399
12/10/2009 	20.121670  	27.055355  	22.729605  	11.48421927
13/10/2009 	18.318640  	29.919577  	23.361241  	10.29634472
14/10/2009 	17.879709  	27.634832  	22.759704  	10.12965455
15/10/2009 	17.742052  	26.371536  	20.969763  	 9.45110552
16/10/2009 	16.789101  	32.866722  	27.061968  	10.42885898
17/10/2009 	24.422367  	33.391647  	30.282729  	 9.84325135
18/10/2009 	28.717663  	31.240999  	29.989813  	 8.97048389
19/10/2009 	26.512989  	30.889627  	28.557512  	 9.35234340
20/10/2009 	19.527147  	28.258795  	25.453182  	 8.82048325
21/10/2009 	16.897923  	25.547003  	21.722775  	 8.48729138
22/10/2009 	17.857941  	26.105328  	21.927565  	 8.33090287
23/10/2009 	19.873180  	25.778177  	22.164974  	 8.85301884
24/10/2009 	20.184889  	27.892979  	24.777064  	 9.74488209
25/10/2009 	27.838060  	28.771063  	28.142847  	10.58939171
26/10/2009 	28.375181  	28.739716  	28.568075  	10.97859971
27/10/2009 	28.334949  	28.832304  	28.565302  	11.23612883
28/10/2009 	28.222031  	28.728329  	28.628535  	11.38007273
29/10/2009 	25.062422  	28.796185  	28.200076  	11.64635001
30/10/2009 	19.841478  	28.716520  	26.346551  	11.46475154
31/10/2009 	19.920464  	26.619040  	23.953685  	10.59754992
01/11/2009 	22.860073  	27.666216  	26.216762  	11.18739611
02/11/2009 	26.175228  	28.638926  	27.932125  	11.30007835
03/11/2009 	27.181931  	28.567930  	27.894541  	10.65065243
04/11/2009 	27.434416  	28.043869  	27.790533  	10.64595723
05/11/2009 	27.011787  	27.961666  	27.478368  	10.27230593
06/11/2009 	26.957092  	27.902836  	27.277637  	10.02413628
07/11/2009 	27.258984  	28.220966  	27.663617  	10.15571119
08/11/2009 	25.007193  	28.163954  	27.425213  	 9.16997608
09/11/2009 	17.511166  	28.418232  	23.419302  	 8.77701106
10/11/2009 	19.856066  	25.806381  	22.644700  	 8.56036780
11/11/2009 	20.387594  	26.794294  	23.406512  	 8.55757695
12/11/2009 	22.183748  	25.756226  	23.651125  	 8.48140397
13/11/2009 	23.218292  	26.769327  	25.123938  	 9.55995538
14/11/2009 	24.335102  	27.039831  	25.803350  	10.14745762
15/11/2009 	25.808416  	28.515703  	27.004886  	10.18200513
16/11/2009 	25.013388  	26.775459  	25.771903  	10.10150307
17/11/2009 	25.054842  	27.574339  	26.267389  	10.17832760
18/11/2009 	25.188927  	30.297363  	28.262514  	10.46146963
19/11/2009 	22.756733  	30.030399  	25.399915  	10.28971893
20/11/2009 	23.957321  	28.359535  	25.910925  	10.16020020
21/11/2009 	26.003136  	28.161640  	27.172939  	10.66691136
22/11/2009 	26.003500  	28.890696  	27.098382  	10.57231327
23/11/2009 	26.294069  	29.994900  	28.993921  	10.39883937
24/11/2009 	25.744631  	30.156033  	28.765409  	10.32799216
25/11/2009 	25.652609  	30.078880  	28.622124  	10.11578935
26/11/2009 	29.534561  	30.564487  	30.312028  	 9.89310827
27/11/2009 	29.410231  	30.567986  	30.337872  	 9.50018567
28/11/2009 	29.153780  	30.370987  	30.091476  	 8.85451462
29/11/2009 	27.060202  	30.141853  	28.476114  	 8.66987358
30/11/2009 	27.164913  	28.596842  	27.713829  	 8.13362230
01/12/2009 	22.052717  	28.014778  	26.138301  	 7.19159866
02/12/2009 	13.704552  	24.881077  	20.932774  	 6.66851453
03/12/2009 	17.891050  	27.562447  	25.536684  	 7.63714191
04/12/2009 	24.919970  	26.847462  	26.245446  	 7.54675646
05/12/2009 	24.538967  	26.748865  	25.414971  	 7.28631473
06/12/2009 	23.880190  	24.839136  	24.416827  	 8.03504024
07/12/2009 	23.164381  	24.480259  	24.152923  	 7.77261807
08/12/2009 	22.801458  	24.074427  	23.424635  	 7.68296484
09/12/2009 	20.356745  	23.259811  	22.095198  	 7.51976667
10/12/2009 	20.315729  	23.660931  	22.462045  	 8.09512565
11/12/2009 	14.201960  	23.878952  	19.541615  	 7.80977195
12/12/2009 	12.275272  	20.139448  	15.229161  	 6.75640151
13/12/2009 	11.725210  	16.121883  	13.758864  	 5.24426580
14/12/2009 	11.511215  	15.000330  	12.959977  	 4.04990266
15/12/2009 	11.734893  	14.578851  	12.673580  	 2.68533422
16/12/2009 	11.753287  	17.699430  	13.797920  	 3.15404686
17/12/2009 	12.078940  	17.226110  	14.124726  	 3.69874493
18/12/2009 	10.310437  	16.894690  	13.014324  	 2.74635808
19/12/2009 	 9.706102  	17.422625  	12.665598  	 1.74602581
20/12/2009 	17.587704  	21.240162  	19.939650  	 2.79963190
21/12/2009 	19.479040  	21.407984  	20.124263  	 2.52386484
22/12/2009 	15.418504  	19.930384  	18.779868  	 2.29534344
23/12/2009 	19.458963  	20.631603  	19.950729  	 2.38562952
24/12/2009 	17.072357  	20.701593  	19.731167  	 2.29111263
25/12/2009 	14.889220  	23.702700  	19.012997  	 2.18027027
26/12/2009 	20.637955  	25.282524  	22.405710  	 3.55613207
27/12/2009 	21.076662  	24.582314  	22.591636  	 3.53985514
28/12/2009 	20.947134  	24.885717  	23.916755  	 3.90520849
29/12/2009 	14.794244  	24.409039  	20.141062  	 2.73530683
30/12/2009 	13.911147  	20.182402  	17.119649  	 2.21335061
31/12/2009 	13.704112  	20.292486  	17.098442  	 2.05928490
01/01/2010 	12.922038  	17.674435  	14.895834  	 1.34555205
02/01/2010 	13.565187  	16.535921  	15.039798  	 0.87070315
03/01/2010 	12.066806  	18.045671  	14.091512  	 0.79203128
04/01/2010 	14.150454  	18.394238  	15.396411  	 0.74264277
05/01/2010 	14.532368  	19.463961  	17.008557  	 1.21144034
06/01/2010 	14.402063  	19.169369  	17.768192  	 1.32894025
07/01/2010 	14.595860  	18.818634  	17.106655  	 0.96171895
08/01/2010 	12.053031  	18.877726  	14.771474  	 0.08855647
09/01/2010 	11.310229  	14.748556  	13.025969  	-0.24788390
10/01/2010 	 7.177036  	15.761909  	11.014094  	-0.10327126
11/01/2010 	 8.001425  	14.817276  	11.213246  	 0.05269160
12/01/2010 	 8.815397  	14.188469  	11.575555  	-0.26078137
13/01/2010 	 8.545541  	16.568882  	13.397619  	-0.77478861
14/01/2010 	12.000053  	19.218624  	15.783495  	-0.67915960
15/01/2010 	13.390765  	17.460112  	15.382143  	-0.62536527
16/01/2010 	16.622810  	21.227390  	19.274883  	 0.15418798
17/01/2010 	20.176998  	21.918945  	21.264733  	 0.61102934
18/01/2010 	19.489599  	21.536106  	20.460808  	 0.95386913
19/01/2010 	18.637722  	21.482132  	19.695893  	 1.30112564
20/01/2010 	14.056214  	19.840866  	16.494567  	 0.74366127
21/01/2010 	10.687037  	15.692158  	13.488967  	 0.48207908
22/01/2010 	 8.617586  	14.714604  	12.751588  	 0.10339128
23/01/2010 	 8.970971  	18.306772  	14.147745  	 0.45678909
24/01/2010 	14.370663  	17.757328  	16.175422  	 0.13529056
25/01/2010 	13.926337  	17.856531  	15.790093  	-0.56535722
26/01/2010 	13.114185  	15.058328  	14.198332  	-0.81463723
27/01/2010 	13.249334  	19.856928  	15.916592  	-0.46086866
28/01/2010 	16.125685  	26.079414  	19.425886  	 0.43233765
29/01/2010 	19.132608  	26.294682  	22.235565  	 1.09839521
30/01/2010 	15.304804  	26.421545  	21.531387  	 0.77657357
31/01/2010 	17.264940  	25.150087  	22.855660  	 0.97529601
01/02/2010 	18.594992  	25.720606  	23.553288  	 1.09621866
02/02/2010 	20.535978  	26.072094  	22.889166  	 1.26448375
03/02/2010 	21.490492  	28.013723  	24.764283  	 1.30261605
04/02/2010 	16.718859  	23.513260  	21.100096  	 1.46611324
05/02/2010 	12.775861  	22.636896  	15.715316  	 1.47579267
06/02/2010 	12.916710  	18.192411  	15.344441  	 1.70092991
07/02/2010 	11.873370  	15.477856  	13.410000  	 1.12429687
08/02/2010 	 9.588617  	13.021385  	11.480872  	-0.02288032
09/02/2010 	 9.943550  	12.386302  	10.858791  	-0.58834023
10/02/2010 	 8.971395  	12.233516  	10.857495  	-0.38904570
11/02/2010 	10.241017  	15.802729  	13.341911  	-0.33328334
12/02/2010 	11.643270  	18.415167  	13.888917  	-0.62940871
13/02/2010 	13.665209  	20.645697  	16.103801  	-0.70946827
14/02/2010 	15.720922  	21.085949  	17.939386  	-0.93443525
15/02/2010 	14.741645  	19.583189  	17.260480  	-0.94630185
16/02/2010 	14.616197  	20.831854  	17.958724  	-0.58732128
17/02/2010 	16.264961  	20.756260  	19.179493  	-0.75103676
18/02/2010 	16.076540  	20.269531  	18.414961  	-0.50339347
19/02/2010 	16.772095  	21.921637  	19.832915  	 0.36501368
20/02/2010 	20.677925  	23.128740  	21.873567  	 0.77428818
21/02/2010 	21.052197  	22.941277  	21.818815  	 0.69018462
22/02/2010 	19.726397  	21.888428  	21.058649  	 1.22718278
23/02/2010 	17.321880  	21.481810  	18.833687  	 0.93577897
24/02/2010 	14.353834  	20.278419  	17.241348  	 1.03480373
25/02/2010 	15.626590  	20.712223  	18.334071  	 2.00652454
26/02/2010 	16.978245  	24.450665  	21.042248  	 2.65390585
27/02/2010 	24.347675  	26.116604  	24.976808  	 2.62755013
28/02/2010 	21.211084  	25.217453  	23.911014  	 3.24385001
01/03/2010 	21.183907  	25.072241  	24.032330  	 3.24200379
02/03/2010 	19.929941  	24.888050  	23.220138  	 3.12039334
03/03/2010 	16.871073  	24.089720  	21.067533  	 2.81865279
04/03/2010 	12.428367  	22.380920  	17.059604  	 2.70648200
05/03/2010 	12.993445  	22.810900  	18.509732  	 2.66641220
06/03/2010 	10.475673  	24.683416  	14.759889  	 2.18885301
07/03/2010 	10.862874  	18.647743  	13.491942  	 1.15210081
08/03/2010 	 8.892047  	16.999222  	12.796900  	 1.40422810
09/03/2010 	 8.447246  	16.682306  	11.980021  	 1.43343253
10/03/2010 	 6.430156  	14.748453  	10.535568  	 1.76887828
11/03/2010 	 6.435319  	13.123650  	 9.366365  	 1.87896133
12/03/2010 	 7.952419  	16.032845  	13.473783  	 2.40027940
13/03/2010 	11.922458  	19.719706  	16.053810  	 2.84214947
14/03/2010 	18.060852  	25.021730  	21.110896  	 3.70823765
15/03/2010 	16.127075  	25.483353  	21.667531  	 4.14569527
16/03/2010 	15.456678  	25.925781  	21.559195  	 4.47751392
17/03/2010 	14.087994  	21.537809  	17.894223  	 4.58917507
18/03/2010 	12.547677  	19.294586  	16.213720  	 5.01358948
19/03/2010 	13.822751  	17.091742  	15.119109  	 5.57153248
20/03/2010 	14.622300  	17.348904  	16.153030  	 6.23009190
21/03/2010 	14.061095  	17.624056  	16.364326  	 7.05523792
22/03/2010 	13.196000  	18.089319  	16.050032  	 6.67201598
23/03/2010 	13.381473  	16.860523  	15.897009  	 6.76140408
24/03/2010 	12.890628  	16.579065  	14.080349  	 6.85369304
25/03/2010 	12.549301  	14.976342  	13.478498  	 7.63998495
26/03/2010 	12.345276  	17.040260  	14.421309  	 8.25081660
27/03/2010 	13.367234  	18.125692  	15.605560  	 7.82931613
28/03/2010 	14.380148  	20.284231  	17.646993  	 7.67549426
29/03/2010 	14.826887  	21.071760  	18.620030  	 7.87363069
30/03/2010 	14.600203  	18.484591  	16.296567  	 8.11230254
31/03/2010 	15.603377  	24.091190  	20.857587  	 7.28291734
01/04/2010 	22.652355  	24.606123  	24.154738  	 6.34622755
02/04/2010 	20.804865  	24.532873  	23.591894  	 6.50516545
03/04/2010 	17.342375  	23.410400  	20.326956  	 7.05542453
04/04/2010 	16.173922  	21.894369  	18.710385  	 7.34357816
05/04/2010 	16.427317  	22.335253  	19.235271  	 7.21623548
06/04/2010 	14.007798  	21.366140  	17.245693  	 7.62087356
07/04/2010 	12.800789  	18.886814  	14.966959  	 8.07385120
08/04/2010 	14.182466  	20.012535  	16.611967  	 8.79109077
09/04/2010 	13.794193  	17.053553  	15.124825  	 9.32176208
10/04/2010 	14.052794  	16.721558  	15.661410  	 9.43143169
11/04/2010 	13.088493  	16.733273  	14.930677  	 8.56499029
12/04/2010 	13.211196  	17.549835  	14.598919  	 8.61461621
13/04/2010 	14.061613  	20.087770  	16.621228  	 8.57260119
14/04/2010 	14.975023  	20.030272  	17.528376  	 8.62794758
15/04/2010 	16.400290  	20.808784  	17.936152  	 8.57313831
16/04/2010 	17.962870  	22.819210  	20.421078  	 8.59431156
17/04/2010 	17.137281  	23.639261  	20.700137  	 8.91776416
18/04/2010 	18.445225  	23.644114  	21.568831  	 9.49654790
19/04/2010 	16.329195  	23.073620  	19.840932  	 9.49461496
20/04/2010 	14.883944  	25.038759  	20.585275  	 9.32158514
21/04/2010 	23.238995  	30.400511  	26.476635  	 8.22460186
22/04/2010 	20.419249  	29.941877  	25.922843  	 7.81529777
23/04/2010 	18.716074  	26.795660  	23.105247  	 8.61482229
24/04/2010 	15.892067  	23.641788  	20.568726  	 9.53292690
25/04/2010 	15.839518  	23.160975  	18.726972  	10.04822928
26/04/2010 	17.598898  	24.001427  	20.114734  	10.76874914
27/04/2010 	18.318254  	23.727314  	20.364976  	11.27306547
28/04/2010 	17.552616  	21.289333  	19.418153  	11.99586485
29/04/2010 	16.309734  	23.085825  	19.770379  	12.44431494
30/04/2010 	18.832941  	25.003122  	21.711054  	12.50668391
01/05/2010 	20.306292  	25.329678  	23.408431  	12.07854080
02/05/2010 	17.504032  	24.301443  	20.257248  	11.44406573
03/05/2010 	13.454173  	27.417051  	19.117798  	10.31761134
04/05/2010 	21.203287  	29.871731  	26.294408  	 8.99154654
05/05/2010 	20.423550  	29.566683  	25.267450  	 9.10814607
06/05/2010 	15.881431  	26.077845  	19.267859  	 9.05017656
07/05/2010 	15.448081  	19.721029  	17.430618  	 9.36297973
08/05/2010 	15.275663  	22.209103  	17.957415  	 9.79931593
09/05/2010 	17.793299  	21.610113  	20.018337  	10.13979707
10/05/2010 	19.077795  	23.127119  	20.996731  	10.15171490
11/05/2010 	18.400133  	23.273403  	20.773205  	 9.64542061
12/05/2010 	18.319048  	28.872732  	22.175438  	 9.05539807
13/05/2010 	19.691711  	28.966038  	24.391989  	 8.90960900
14/05/2010 	19.168493  	24.881971  	22.818352  	 9.67657272
15/05/2010 	19.115728  	27.577261  	23.071881  	10.35316877
16/05/2010 	20.879406  	28.411385  	25.935122  	10.44375861
17/05/2010 	20.479889  	28.123838  	25.070084  	11.02383788
18/05/2010 	17.294260  	26.811989  	22.369113  	11.47602030
19/05/2010 	15.175424  	25.226803  	20.878251  	11.80448963
20/05/2010 	15.218319  	23.579817  	19.071755  	12.63543113
21/05/2010 	15.079479  	22.573141  	18.350946  	13.67706958
22/05/2010 	14.392895  	22.083942  	18.713956  	14.11572311
23/05/2010 	17.197050  	22.972420  	20.116204  	14.87538058
24/05/2010 	18.289473  	25.330729  	22.711084  	16.00458423
25/05/2010 	18.704643  	25.152212  	22.689907  	15.40312688
26/05/2010 	17.038637  	24.352371  	20.449903  	14.35676561
27/05/2010 	16.178389  	23.070253  	19.175847  	14.05244734
28/05/2010 	16.375774  	26.229099  	21.882348  	14.42359654
29/05/2010 	17.582336  	25.165791  	21.597787  	14.08223198
30/05/2010 	17.671803  	26.882824  	22.827251  	14.23440637
31/05/2010 	21.778362  	27.123016  	24.608347  	14.31685430
01/06/2010 	20.374121  	23.460508  	22.442845  	14.56788625
02/06/2010 	17.979101  	23.936329  	20.965387  	15.21941900
03/06/2010 	17.979177  	21.911497  	19.685299  	15.56048322
04/06/2010 	18.077419  	20.577259  	19.585753  	15.94639949
05/06/2010 	19.247272  	20.910587  	20.027910  	16.30032126
06/06/2010 	19.514175  	21.373060  	20.211271  	16.95139400
07/06/2010 	20.307028  	24.119535  	21.824048  	17.00317327
08/06/2010 	20.031549  	23.998852  	22.110003  	17.15526549
09/06/2010 	18.829121  	23.654995  	21.733552  	17.99666083
10/06/2010 	18.562155  	22.062862  	19.811437  	18.15874080
11/06/2010 	17.902691  	23.759335  	20.207943  	18.50435106
12/06/2010 	18.600584  	25.055286  	21.765012  	17.76440239
13/06/2010 	18.693316  	23.761862  	21.462605  	16.98955480
14/06/2010 	16.818230  	24.414152  	20.033477  	17.19794643
15/06/2010 	15.828979  	20.673819  	18.283686  	16.21921567
16/06/2010 	17.165522  	24.702276  	20.091594  	15.67334574
17/06/2010 	18.491093  	26.159904  	21.756608  	15.77267249
18/06/2010 	22.878813  	30.658197  	26.731920  	15.19126501
19/06/2010 	30.266338  	32.826599  	32.428961  	13.81913342
20/06/2010 	32.132381  	32.917637  	32.830907  	13.27122207
21/06/2010 	29.932316  	32.973881  	32.467494  	13.51980036
22/06/2010 	26.938421  	32.986115  	31.451701  	14.52310981
23/06/2010 	25.372343  	32.944920  	30.083374  	16.23066219
24/06/2010 	25.253571  	32.264416  	29.532340  	17.71061854
25/06/2010 	25.416550  	31.846983  	29.034774  	18.13327853
26/06/2010 	24.869604  	30.827873  	27.460084  	18.63567829
27/06/2010 	24.831692  	27.907558  	25.850691  	18.09818165
28/06/2010 	23.131376  	28.505724  	25.634606  	19.76405517
29/06/2010 	23.739164  	28.451229  	26.141669  	20.22854984
30/06/2010 	25.371937  	28.448053  	26.763873  	20.32787259
01/07/2010 	24.953304  	28.144430  	26.567842  	20.08722281
02/07/2010 	24.792831  	27.962246  	26.260645  	20.67982324
03/07/2010 	24.435150  	28.396605  	26.199778  	21.42271916
04/07/2010 	24.941706  	28.619427  	26.519618  	21.46613550
05/07/2010 	24.726135  	28.462873  	27.182640  	21.15163672
06/07/2010 	24.654335  	29.355761  	27.323219  	20.76705130
07/07/2010 	25.485489  	29.456135  	27.921825  	19.44630786
08/07/2010 	23.868170  	29.806173  	28.201757  	19.48233124
09/07/2010 	23.816593  	29.192047  	27.017194  	20.83884629
10/07/2010 	24.615467  	28.882528  	26.680795  	21.86347544
11/07/2010 	24.665102  	27.879587  	26.329787  	22.44427824
12/07/2010 	25.220364  	27.633881  	26.327466  	22.41265579
13/07/2010 	25.543655  	28.696598  	27.014714  	21.51621854
14/07/2010 	24.272478  	28.394369  	26.171446  	22.03662189
15/07/2010 	24.364742  	29.571541  	27.499333  	20.91322505
16/07/2010 	25.398722  	29.517353  	28.570207  	19.89372778
17/07/2010 	23.903933  	29.566349  	28.549385  	19.71913087
18/07/2010 	28.128126  	29.738178  	29.394846  	18.79415441
19/07/2010 	24.971651  	29.687759  	28.530357  	18.99949503
20/07/2010 	24.107513  	29.623396  	27.421555  	20.35746924
21/07/2010 	23.678223  	29.558729  	26.523185  	20.59907226
22/07/2010 	24.215631  	29.412235  	27.543232  	20.41453513
23/07/2010 	23.461033  	29.411455  	26.709616  	20.54470952
24/07/2010 	23.327141  	28.069775  	25.688522  	20.14466604
25/07/2010 	22.345959  	26.816870  	24.957547  	20.00967085
26/07/2010 	22.167067  	27.133074  	24.660122  	19.99416399
27/07/2010 	21.678413  	25.920910  	24.215747  	20.00438766
28/07/2010 	20.425058  	26.402710  	23.744595  	20.24606840
29/07/2010 	21.097214  	26.752827  	24.207267  	19.90237089
30/07/2010 	21.222731  	27.911402  	24.593382  	19.34210618
31/07/2010 	20.611490  	25.900330  	23.290561  	19.09174514
01/08/2010 	19.207689  	26.429361  	23.298896  	19.31829993
02/08/2010 	19.006079  	26.690668  	22.778610  	19.84082945
03/08/2010 	19.738762  	26.153467  	22.847960  	19.98271759
04/08/2010 	20.464178  	25.981939  	23.496207  	19.39157828
05/08/2010 	21.571596  	26.942865  	25.006552  	18.80926923
06/08/2010 	20.384356  	27.182549  	24.649878  	18.70505102
07/08/2010 	19.297747  	24.791496  	21.681749  	19.15996714
08/08/2010 	19.071032  	25.571890  	22.297036  	19.23827851
09/08/2010 	19.749893  	25.735018  	22.072622  	19.52075469
10/08/2010 	19.447424  	22.696262  	21.151326  	19.58481729
11/08/2010 	19.969730  	26.024969  	22.996567  	19.11941703
12/08/2010 	19.326290  	25.987541  	23.012557  	18.70018824
13/08/2010 	18.612389  	25.413078  	22.210805  	18.25286738
14/08/2010 	18.377275  	24.520851  	20.398919  	18.90491271
15/08/2010 	15.277035  	20.583401  	17.766429  	18.97971110
16/08/2010 	18.752754  	24.070871  	20.649912  	18.91973086
17/08/2010 	19.032063  	25.435251  	22.705956  	18.99438175
18/08/2010 	22.938051  	25.689642  	24.616669  	18.41528352
19/08/2010 	22.639263  	24.674683  	23.584994  	17.96447738
20/08/2010 	20.805458  	22.645723  	21.345358  	18.72318621
21/08/2010 	20.034575  	21.023872  	20.329435  	19.05434096
22/08/2010 	19.501976  	20.808952  	20.240853  	19.36384404
23/08/2010 	17.727827  	23.394215  	20.544442  	19.31344477
24/08/2010 	21.581011  	25.744690  	23.910019  	18.09672308
25/08/2010 	20.897312  	24.454088  	23.081520  	17.37689634
26/08/2010 	21.928251  	24.368769  	23.426635  	16.38922038
27/08/2010 	20.709850  	22.641937  	21.764322  	16.42708846
28/08/2010 	20.678272  	22.604876  	21.593853  	15.46525506
29/08/2010 	21.441364  	25.860229  	23.666789  	15.46327088
30/08/2010 	18.713932  	27.781542  	22.420992  	15.10126732
31/08/2010 	14.439898  	21.226440  	18.313733  	15.11284882
01/09/2010 	13.395067  	22.535175  	18.135122  	15.21349702
02/09/2010 	12.973612  	20.903160  	16.827661  	15.57354005
03/09/2010 	12.811413  	19.010109  	15.220453  	15.88512226
04/09/2010 	10.415852  	15.897931  	13.007533  	16.06367973
05/09/2010 	 9.556692  	12.846086  	11.351405  	15.84114593
06/09/2010 	 7.169190  	11.515319  	 9.248331  	15.44399695
07/09/2010 	10.763460  	16.790810  	13.653952  	14.68585682
08/09/2010 	11.850664  	16.492264  	13.852372  	14.84988850
09/09/2010 	13.894262  	17.682213  	15.559550  	15.66173118
10/09/2010 	13.805230  	18.132826  	15.759785  	15.88892839
11/09/2010 	14.637235  	19.852270  	17.425314  	16.21991191
12/09/2010 	16.414507  	20.319115  	18.538820  	16.77530928
13/09/2010 	16.682442  	19.949715  	18.425825  	16.26833296
14/09/2010 	19.379023  	21.371088  	20.396674  	16.65643764
15/09/2010 	18.516228  	23.615217  	21.094061  	15.84863291
16/09/2010 	19.785227  	23.686457  	21.536256  	15.03926277
17/09/2010 	18.517956  	25.609549  	22.631486  	14.27404648
18/09/2010 	22.707973  	27.420658  	25.271369  	13.16091522
19/09/2010 	19.960001  	26.958822  	22.215634  	13.53366884
20/09/2010 	17.709072  	20.647867  	18.890515  	14.29185605
21/09/2010 	17.647711  	19.397974  	18.680830  	14.94347789
22/09/2010 	14.770891  	18.982168  	16.586393  	15.05964818
23/09/2010 	13.236017  	16.968918  	14.987699  	15.41318947
24/09/2010 	12.006785  	19.404182  	15.360770  	15.67043217
25/09/2010 	11.490537  	19.645010  	15.435040  	14.07730856
26/09/2010 	11.928414  	17.871311  	15.423424  	13.29327903
27/09/2010 	11.159232  	17.743980  	14.459517  	13.53053844
28/09/2010 	11.011252  	14.828039  	12.029643  	14.14920370
29/09/2010 	10.655242  	13.994303  	11.273346  	13.07013895
30/09/2010 	 8.183910  	14.336201  	10.573890  	12.68783472
01/10/2010 	 8.974794  	15.092901  	12.459986  	13.38151175
02/10/2010 	15.032890  	19.447397  	18.681224  	13.96965625
03/10/2010 	19.118952  	20.059643  	19.746220  	14.64761533
04/10/2010 	18.885086  	20.510181  	19.935050  	15.21903483
05/10/2010 	17.778431  	20.447390  	19.825447  	15.83942840
06/10/2010 	19.099945  	21.835810  	20.260286  	15.53473836
07/10/2010 	17.555618  	21.956450  	19.801324  	15.36513160
08/10/2010 	15.205607  	19.399529  	16.983347  	15.31911920
09/10/2010 	13.221049  	16.472626  	14.755146  	14.10177406
10/10/2010 	13.061371  	15.493483  	14.091882  	13.19742135
11/10/2010 	11.783645  	14.152203  	13.045539  	12.50350662
12/10/2010 	11.207752  	14.267899  	12.599938  	12.34974456
13/10/2010 	11.707226  	15.786191  	13.854277  	12.34353298
14/10/2010 	12.089385  	17.127384  	14.988605  	12.33561154
15/10/2010 	13.908276  	19.949924  	16.932323  	12.14119921
16/10/2010 	13.437309  	20.336481  	15.734242  	11.41935881
17/10/2010 	13.409800  	19.489910  	16.601814  	 9.54268078
18/10/2010 	14.635630  	19.529240  	16.621412  	10.52002410
19/10/2010 	18.493616  	20.704746  	19.592955  	10.37500499
20/10/2010 	17.995895  	27.290665  	22.170556  	 9.33350424
21/10/2010 	20.667486  	28.133650  	23.795892  	 8.88329764
22/10/2010 	20.574745  	24.098768  	21.390669  	 9.63489296
23/10/2010 	18.398960  	22.033485  	19.739907  	 9.45574454
24/10/2010 	19.006186  	22.330429  	20.477782  	 8.91135313
25/10/2010 	19.671804  	24.848284  	22.336448  	 7.87467152
26/10/2010 	18.327303  	25.631981  	23.243638  	 7.74592010
27/10/2010 	18.646484  	21.813278  	19.872266  	 8.67911547
28/10/2010 	18.514917  	20.813864  	19.528616  	 9.31083731
29/10/2010 	18.599739  	19.183626  	18.960333  	 9.34839493
30/10/2010 	18.955427  	20.577480  	19.806000  	 9.57351271
31/10/2010 	17.123859  	20.564602  	19.441660  	 9.68699980
01/11/2010 	16.677460  	20.080622  	18.218226  	 9.65961736
02/11/2010 	16.072454  	22.433008  	19.303112  	10.09165174
03/11/2010 	22.052153  	25.266342  	23.647842  	10.77767253
04/11/2010 	22.925898  	25.703596  	24.084512  	11.30131676
05/11/2010 	21.953266  	25.389090  	23.569303  	11.75917266
06/11/2010 	22.695799  	24.492201  	24.064313  	11.36370333
07/11/2010 	18.034370  	24.558758  	21.549865  	10.10775189
08/11/2010 	12.031025  	18.896122  	15.665279  	 8.88938969
09/11/2010 	 9.788565  	18.178995  	15.308618  	 7.87966750
10/11/2010 	12.793180  	18.099104  	15.106551  	 7.42863208
11/11/2010 	14.485520  	23.193047  	18.817065  	 7.50890867
12/11/2010 	21.543180  	24.957867  	23.440406  	 8.35507431
13/11/2010 	19.363632  	24.960033  	22.207262  	 8.28489173
14/11/2010 	19.295275  	23.806643  	20.359438  	 8.39488205
15/11/2010 	19.872919  	23.658558  	20.899230  	 8.18741973
16/11/2010 	18.646452  	21.410740  	20.486319  	 7.63518457
17/11/2010 	12.378134  	20.972977  	15.922245  	 6.67310991
18/11/2010 	10.472287  	19.237915  	14.340346  	 6.47258107
19/11/2010 	12.634238  	18.279116  	15.588192  	 6.59436126
20/11/2010 	14.217849  	18.396633  	15.776545  	 6.73804039
21/11/2010 	13.947345  	16.854357  	14.998555  	 6.83659431
22/11/2010 	11.646070  	14.708527  	12.844377  	 6.37205368
23/11/2010 	10.386160  	18.429008  	13.638574  	 5.95101234
24/11/2010 	14.061836  	20.934393  	17.529094  	 5.24618175
25/11/2010 	12.393140  	20.666893  	16.535882  	 4.89128570
26/11/2010 	12.929191  	20.448177  	15.283924  	 4.51393521
27/11/2010 	11.647499  	16.414827  	13.329766  	 3.70688895
28/11/2010 	10.150963  	14.668440  	12.392435  	 2.93016466
29/11/2010 	 9.722198  	15.189853  	11.897768  	 1.86375119
30/11/2010 	10.827519  	16.698841  	14.434100  	 1.86255814
01/12/2010 	10.921064  	16.713116  	15.391895  	 0.09202115
02/12/2010 	15.278863  	18.740591  	16.796171  	-0.40786310
03/12/2010 	16.430510  	20.023144  	17.719656  	-0.70135220
04/12/2010 	17.347557  	23.320364  	21.119025  	 1.12577176
05/12/2010 	21.178982  	24.173269  	23.097432  	 2.28683404
06/12/2010 	20.354666  	24.077799  	22.476648  	 2.07266122
07/12/2010 	20.084743  	22.768944  	21.482095  	 1.33352547
08/12/2010 	19.425665  	21.695471  	20.471389  	 0.84044843
09/12/2010 	18.774393  	28.538870  	22.760394  	 1.14164934
10/12/2010 	21.479240  	27.648329  	24.498114  	 1.74788126
11/12/2010 	25.735643  	30.358608  	28.700811  	 3.88077864
12/12/2010 	22.449520  	29.918253  	27.844031  	 3.94269336
13/12/2010 	20.944870  	29.237169  	24.063669  	 2.30982736
14/12/2010 	15.072939  	25.228170  	18.634808  	 1.44435967
15/12/2010 	15.384822  	23.418247  	19.312710  	 1.54077025
16/12/2010 	19.108372  	28.121067  	22.403538  	 2.02917564
17/12/2010 	18.021338  	28.143408  	24.573552  	 1.75479736
18/12/2010 	13.062511  	22.277981  	18.695115  	 1.18562566
19/12/2010 	12.777599  	19.955378  	16.567414  	-0.30814824
20/12/2010 	16.035997  	18.197416  	17.016843  	-0.85824008
21/12/2010 	16.574074  	18.753761  	17.362933  	-0.99080263
22/12/2010 	15.767715  	18.440018  	16.796277  	-0.87767739
23/12/2010 	14.441222  	21.188265  	17.152928  	-0.14846549
24/12/2010 	14.384790  	29.004251  	19.670196  	-0.54619612
25/12/2010 	21.312754  	29.032513  	23.792795  	-0.91950478
26/12/2010 	22.862766  	26.830894  	24.918461  	-0.58821960
27/12/2010 	21.210114  	27.458437  	25.288273  	 0.15714767
28/12/2010 	14.831850  	23.334574  	20.487934  	-0.11758514
29/12/2010 	14.271605  	20.539600  	17.384740  	-0.39936505
30/12/2010 	15.464048  	19.580803  	18.116678  	-0.24534484
31/12/2010 	16.529354  	21.035769  	18.827798  	 0.42266677
