date	smin	smax	smean	tmean
01/01/2009 	18.23303   	23.65660   	20.59690   	 1.85405290
02/01/2009 	17.28477   	23.87146   	20.33340   	 1.74992719
03/01/2009 	17.88632   	24.05471   	20.65665   	 1.43560912
04/01/2009 	18.84586   	22.47219   	20.15165   	 1.49684192
05/01/2009 	16.68156   	23.72060   	20.11867   	 1.49534343
06/01/2009 	18.40110   	24.36368   	21.99636   	 1.05223369
07/01/2009 	18.42842   	23.72477   	21.73544   	 0.97448559
08/01/2009 	18.88407   	23.56863   	21.67819   	 0.77069979
09/01/2009 	19.35640   	23.36947   	21.61211   	 0.70925963
10/01/2009 	18.65736   	23.57470   	21.45760   	 0.54408308
11/01/2009 	19.75979   	23.76065   	22.60205   	 0.75546827
12/01/2009 	21.41079   	27.99115   	24.11349   	 1.31238411
13/01/2009 	22.52213   	29.20847   	25.61589   	 2.07101684
14/01/2009 	22.04361   	28.43298   	24.95196   	 2.15696558
15/01/2009 	20.27332   	27.87948   	23.88306   	 1.99307022
16/01/2009 	19.99469   	26.44109   	24.14839   	 2.09801521
17/01/2009 	22.83203   	25.74463   	24.20443   	 2.29690227
18/01/2009 	22.86540   	26.73271   	24.43605   	 2.70804705
19/01/2009 	21.88792   	28.52110   	26.20537   	 2.89796498
20/01/2009 	25.51191   	29.53811   	27.47646   	 2.97187912
21/01/2009 	25.47565   	29.49528   	27.75299   	 2.87025817
22/01/2009 	25.93999   	29.50241   	28.09222   	 2.63951105
23/01/2009 	25.05206   	29.79039   	28.21010   	 2.60263709
24/01/2009 	26.15409   	28.38948   	27.34302   	 2.79767873
25/01/2009 	25.97066   	28.30911   	27.06532   	 2.80094770
26/01/2009 	26.04479   	27.77733   	27.07547   	 2.61851154
27/01/2009 	22.68950   	27.44695   	26.11484   	 2.31726955
28/01/2009 	20.96948   	26.93483   	25.30224   	 2.04643203
29/01/2009 	19.45036   	25.86232   	24.21433   	 1.78213071
30/01/2009 	20.65129   	25.53540   	23.74809   	 1.51147757
31/01/2009 	22.68320   	25.20015   	23.98180   	 1.24624023
01/02/2009 	22.22370   	24.67519   	23.38007   	 0.75688481
02/02/2009 	22.41747   	24.13872   	23.28527   	 0.39684814
03/02/2009 	23.29602   	24.60753   	23.99012   	 0.66275850
04/02/2009 	23.19227   	24.68678   	24.02432   	 0.79379390
05/02/2009 	23.34141   	25.48146   	24.36359   	 0.92887968
06/02/2009 	23.57682   	25.64018   	24.56075   	 1.20429955
07/02/2009 	22.56436   	25.15946   	24.07723   	 1.34743424
08/02/2009 	22.28356   	25.08049   	23.70181   	 1.49356182
09/02/2009 	21.29155   	25.43616   	23.47125   	 1.53137517
10/02/2009 	21.15128   	24.96437   	23.12577   	 1.57972798
11/02/2009 	19.20671   	24.84299   	22.42615   	 1.77470353
12/02/2009 	19.04783   	25.86059   	22.70284   	 2.01760897
13/02/2009 	19.13122   	25.82644   	22.91989   	 2.18305391
14/02/2009 	16.07676   	25.75860   	22.16089   	 2.00366798
15/02/2009 	18.22005   	25.76954   	22.16047   	 2.00246799
16/02/2009 	18.43715   	23.77531   	21.07597   	 2.33361159
17/02/2009 	17.54982   	23.21598   	21.09637   	 2.80259812
18/02/2009 	18.39004   	23.52665   	21.19583   	 2.66832134
19/02/2009 	19.24420   	22.08475   	20.85046   	 2.56987819
20/02/2009 	17.55917   	21.47762   	20.07207   	 2.78070843
21/02/2009 	17.03732   	21.96235   	19.52725   	 3.00513617
22/02/2009 	16.62741   	21.51756   	19.15639   	 3.21458317
23/02/2009 	17.49863   	21.68125   	19.28242   	 3.84734487
24/02/2009 	13.40011   	21.91322   	18.67282   	 3.97175588
25/02/2009 	14.19162   	21.14830   	18.39262   	 4.01071054
26/02/2009 	16.07669   	20.51468   	18.33901   	 4.27233875
27/02/2009 	15.40490   	20.00828   	17.62408   	 4.72857413
28/02/2009 	14.66574   	21.32409   	17.70347   	 5.01487919
01/03/2009 	14.17978   	21.77006   	18.16347   	 5.00964910
02/03/2009 	15.67828   	21.76768   	19.05578   	 5.16243681
03/03/2009 	16.77633   	21.77994   	19.58979   	 5.11606943
04/03/2009 	18.27872   	21.80849   	20.74284   	 4.83570994
05/03/2009 	19.18306   	23.33220   	21.17617   	 4.79487745
06/03/2009 	16.92552   	21.48625   	19.58940   	 4.88995202
07/03/2009 	16.65939   	21.65124   	19.24723   	 4.83144044
08/03/2009 	16.73571   	22.71828   	20.59396   	 4.94912530
09/03/2009 	18.29074   	23.26770   	20.73788   	 4.94282240
10/03/2009 	17.99941   	23.31177   	20.06628   	 4.92459416
11/03/2009 	18.62860   	22.68461   	20.42379   	 4.91991311
12/03/2009 	15.81550   	22.78356   	19.68978   	 5.10751276
13/03/2009 	15.90061   	22.80119   	19.49166   	 5.38993058
14/03/2009 	14.35449   	21.97904   	19.16735   	 5.63733991
15/03/2009 	16.82533   	21.83080   	19.72765   	 5.90258736
16/03/2009 	13.43176   	21.57703   	18.77428   	 6.14639395
17/03/2009 	13.65368   	21.35800   	18.31284   	 6.39047163
18/03/2009 	12.68655   	20.48137   	17.37609   	 6.52308262
19/03/2009 	15.35202   	20.07297   	18.05517   	 6.62131582
20/03/2009 	15.30173   	20.57047   	18.13093   	 6.68500977
21/03/2009 	15.68628   	21.93923   	19.11894   	 6.60728184
22/03/2009 	13.91332   	20.41860   	17.44016   	 6.57460459
23/03/2009 	13.94635   	18.90737   	15.64090   	 6.74741146
24/03/2009 	15.10249   	20.97583   	17.22673   	 6.56230689
25/03/2009 	13.41093   	20.90404   	17.53565   	 6.54011350
26/03/2009 	14.83960   	20.64112   	17.39647   	 6.54937810
27/03/2009 	15.22803   	21.39285   	18.15965   	 6.48779948
28/03/2009 	14.88177   	22.77499   	17.97376   	 6.46099057
29/03/2009 	15.38631   	21.24868   	18.27197   	 6.37625993
30/03/2009 	14.28876   	21.20439   	17.71584   	 6.30376866
31/03/2009 	14.52830   	21.09779   	17.83138   	 6.54496735
01/04/2009 	13.44394   	20.76574   	17.68699   	 6.86659058
02/04/2009 	13.01220   	21.16828   	18.01123   	 7.24729121
03/04/2009 	15.19366   	21.05397   	18.72265   	 7.64517777
04/04/2009 	15.16857   	21.34825   	18.96181   	 7.89104740
05/04/2009 	14.51903   	21.84760   	19.13007   	 8.05575333
06/04/2009 	14.91702   	22.47311   	19.26086   	 8.23519882
07/04/2009 	15.13837   	22.67682   	19.94559   	 8.43097474
08/04/2009 	17.13226   	23.02045   	20.98797   	 8.46139572
09/04/2009 	19.10012   	22.72346   	20.91619   	 8.60183791
10/04/2009 	18.73691   	23.28815   	20.94106   	 8.97028156
11/04/2009 	18.51115   	23.07542   	21.16380   	 9.36383869
12/04/2009 	18.55452   	22.76151   	20.91031   	 9.83899661
13/04/2009 	18.24925   	22.52862   	20.69817   	10.17682262
14/04/2009 	18.31442   	22.93803   	20.87870   	10.30847466
15/04/2009 	18.52228   	23.11045   	21.05622   	10.61628040
16/04/2009 	19.25502   	23.39309   	21.52291   	10.92825617
17/04/2009 	19.29840   	23.57397   	21.82415   	11.09191245
18/04/2009 	20.21263   	23.93234   	21.89723   	10.99130128
19/04/2009 	20.03235   	23.76527   	21.74523   	11.07547496
20/04/2009 	19.76417   	23.68210   	21.81445   	11.37255096
21/04/2009 	19.69309   	23.73819   	21.69078   	11.65657767
22/04/2009 	19.11610   	23.70911   	21.52814   	11.77418019
23/04/2009 	18.62586   	24.08675   	21.39978   	11.93839129
24/04/2009 	19.28111   	24.27163   	22.02810   	12.13351270
25/04/2009 	19.66781   	24.60909   	22.74546   	12.18140342
26/04/2009 	19.99633   	24.97102   	22.82582   	12.41227603
27/04/2009 	19.97313   	25.01753   	23.22725   	12.49267487
28/04/2009 	21.10343   	24.99947   	23.46815   	12.52935354
29/04/2009 	20.92286   	25.10309   	23.34510   	12.67726147
30/04/2009 	21.12296   	25.57532   	23.42092   	12.88269426
01/05/2009 	21.38836   	25.39860   	23.54367   	13.30615840
02/05/2009 	22.09735   	25.33522   	23.82130   	13.56775479
03/05/2009 	21.46244   	25.34537   	23.44444   	13.64320517
04/05/2009 	21.38929   	24.78640   	22.96300   	13.10643882
05/05/2009 	20.94999   	24.48556   	22.75876   	12.89544243
06/05/2009 	20.23426   	24.31832   	22.10655   	12.82291691
07/05/2009 	19.96250   	24.82785   	21.86459   	12.80539982
08/05/2009 	20.13049   	25.41206   	22.65469   	12.84109040
09/05/2009 	20.68599   	25.34554   	22.79932   	12.75955288
10/05/2009 	20.75565   	25.32212   	22.68285   	12.99036034
11/05/2009 	20.82588   	24.38425   	22.23396   	12.90045228
12/05/2009 	20.86986   	25.26327   	22.57002   	12.60983062
13/05/2009 	21.17571   	25.52898   	23.42391   	12.80458548
14/05/2009 	21.96660   	25.87248   	24.20958   	12.94955591
15/05/2009 	22.84377   	26.15440   	24.86257   	13.02407684
16/05/2009 	24.75602   	26.44988   	25.62909   	13.05473717
17/05/2009 	24.47951   	26.58148   	25.46335   	13.20993674
18/05/2009 	24.74589   	27.02786   	25.83144   	13.14423845
19/05/2009 	23.73385   	26.78787   	25.29435   	13.26172010
20/05/2009 	23.32519   	26.96387   	24.87144   	13.48439058
21/05/2009 	23.37876   	26.80284   	25.09545   	13.78111553
22/05/2009 	23.81475   	26.70386   	25.06944   	14.17877839
23/05/2009 	23.67834   	26.43392   	25.02983   	14.73717999
24/05/2009 	24.11632   	26.52892   	25.22879   	15.37560717
25/05/2009 	23.72592   	26.57234   	25.22610   	16.18621292
26/05/2009 	23.51834   	26.63520   	25.56123   	16.36865826
27/05/2009 	24.14783   	26.43103   	25.53296   	15.98893829
28/05/2009 	24.25898   	26.15119   	25.11422   	15.85981623
29/05/2009 	21.81609   	25.48617   	24.23842   	16.01029611
30/05/2009 	19.70821   	26.09637   	23.63649   	16.15146846
31/05/2009 	20.20728   	26.29457   	23.86563   	16.36713558
01/06/2009 	19.87561   	26.37267   	23.54735   	16.72482995
02/06/2009 	20.15337   	26.18975   	23.11463   	16.76059175
03/06/2009 	21.00403   	27.38060   	24.35834   	15.81963058
04/06/2009 	23.46553   	28.78626   	25.96550   	14.73783273
05/06/2009 	24.07553   	29.41155   	26.32816   	14.08459522
06/06/2009 	23.87751   	28.00659   	26.13459   	13.96488631
07/06/2009 	24.47798   	28.74836   	26.94660   	14.02150391
08/06/2009 	24.72679   	28.28960   	26.79760   	14.53865844
09/06/2009 	24.81972   	28.45267   	26.98849   	14.95354132
10/06/2009 	25.46304   	27.99508   	27.14729   	15.23704388
11/06/2009 	24.40031   	28.13109   	26.82147   	15.61264990
12/06/2009 	24.59609   	28.47964   	27.02887   	15.62706270
13/06/2009 	21.98404   	28.72878   	26.58496   	15.71857351
14/06/2009 	21.46519   	27.89055   	25.90787   	16.26647415
15/06/2009 	22.14235   	27.47842   	25.38540   	16.76827633
16/06/2009 	21.32108   	27.47993   	25.36470   	16.91491608
17/06/2009 	21.11859   	27.74389   	25.10278   	17.02577905
18/06/2009 	23.13109   	27.37646   	25.93177   	17.08513590
19/06/2009 	23.84682   	27.08931   	25.72625   	17.10004739
20/06/2009 	23.85460   	26.73563   	25.54154   	16.79056990
21/06/2009 	23.86563   	27.44073   	25.82000   	16.55015433
22/06/2009 	21.82239   	28.34414   	25.99915   	16.36438018
23/06/2009 	21.21538   	28.21736   	25.49818   	16.79665069
24/06/2009 	20.80054   	28.60933   	25.32349   	17.29727491
25/06/2009 	21.61951   	28.69831   	25.66095   	17.63421929
26/06/2009 	22.14375   	28.85798   	26.15268   	18.09812876
27/06/2009 	22.59494   	28.72741   	26.42468   	18.60215155
28/06/2009 	23.50001   	28.75707   	26.81240   	19.09511685
29/06/2009 	23.92904   	28.83602   	26.88596   	19.75713762
30/06/2009 	23.87780   	28.94986   	26.70033   	20.43942384
01/07/2009 	23.64484   	28.89758   	26.49898   	20.92986929
02/07/2009 	23.00118   	28.85162   	26.45454   	21.18796146
03/07/2009 	24.09089   	28.90400   	27.22502   	21.42564567
04/07/2009 	25.20570   	28.68746   	27.40398   	21.60139338
05/07/2009 	24.02121   	28.95479   	27.22469   	21.92366167
06/07/2009 	24.61810   	28.79351   	27.42781   	21.92514078
07/07/2009 	25.91490   	28.50041   	27.55175   	21.24022722
08/07/2009 	26.05258   	28.20461   	27.04127   	20.70699275
09/07/2009 	26.24608   	28.05041   	27.28072   	19.09425203
10/07/2009 	26.51047   	28.67415   	27.31617   	17.76604013
11/07/2009 	26.89984   	30.65436   	27.98176   	16.86892984
12/07/2009 	25.75841   	29.09793   	26.94386   	17.32612272
13/07/2009 	24.35706   	27.43242   	25.86603   	17.98192736
14/07/2009 	23.70949   	27.05100   	25.11859   	18.82130249
15/07/2009 	23.74621   	26.58717   	25.01949   	19.24416161
16/07/2009 	22.85253   	26.12666   	24.58190   	19.35636862
17/07/2009 	23.48592   	26.44563   	24.76324   	19.58309960
18/07/2009 	23.49132   	26.48716   	25.13871   	19.50264815
19/07/2009 	22.63956   	26.77260   	24.72121   	19.21094370
20/07/2009 	22.62908   	27.23785   	25.03188   	19.17841287
21/07/2009 	22.34571   	27.15105   	24.53247   	19.15863009
22/07/2009 	22.74271   	27.01627   	24.65843   	19.41018720
23/07/2009 	23.00513   	26.94576   	24.56224   	19.45627697
24/07/2009 	23.16031   	27.03781   	24.76842   	19.41178099
25/07/2009 	23.16334   	26.70889   	24.53501   	19.24918962
26/07/2009 	23.08408   	26.71338   	24.43338   	18.86119262
27/07/2009 	22.23256   	26.04179   	24.08166   	19.29727077
28/07/2009 	22.12223   	25.60109   	23.79853   	19.45774702
29/07/2009 	22.43322   	25.51684   	23.46700   	19.65160390
30/07/2009 	22.39830   	24.91595   	23.85335   	19.67336925
31/07/2009 	21.92771   	24.34318   	23.10740   	19.04681945
01/08/2009 	21.99814   	24.01336   	22.79670   	19.10478246
02/08/2009 	22.11048   	24.76385   	23.22560   	19.29761167
03/08/2009 	22.16537   	24.03921   	23.08190   	19.27718667
04/08/2009 	22.33166   	24.39477   	23.21448   	19.49097371
05/08/2009 	21.62858   	24.71369   	23.30166   	19.88610868
06/08/2009 	21.63790   	24.92760   	23.56799   	20.40306111
07/08/2009 	21.45773   	25.14598   	23.77678   	20.73363602
08/08/2009 	21.26335   	25.58882   	23.78702   	20.94385660
09/08/2009 	21.14022   	25.87065   	23.85907   	20.71458391
10/08/2009 	21.32973   	26.18808   	24.13642   	20.69184419
11/08/2009 	22.01704   	26.24042   	24.48491   	20.87538187
12/08/2009 	21.76074   	26.62757   	24.57049   	20.67630092
13/08/2009 	22.58242   	26.65244   	24.72812   	20.33305248
14/08/2009 	22.89054   	27.08761   	24.89326   	20.30616291
15/08/2009 	23.00261   	26.57641   	25.19721   	20.38750231
16/08/2009 	23.46251   	25.80561   	24.65208   	20.39583516
17/08/2009 	23.28330   	25.31289   	24.13554   	20.36996122
18/08/2009 	23.29293   	25.04421   	24.12325   	20.11533376
19/08/2009 	23.03471   	25.80577   	24.45404   	20.24584758
20/08/2009 	22.43523   	26.25473   	24.86760   	20.49758561
21/08/2009 	23.58556   	25.77792   	24.98989   	20.42508602
22/08/2009 	23.11951   	25.84309   	24.85966   	20.09662219
23/08/2009 	23.50276   	26.86648   	25.29737   	19.95048078
24/08/2009 	24.12899   	26.84016   	25.70327   	20.17051117
25/08/2009 	24.05650   	26.50362   	25.73837   	20.47175960
26/08/2009 	24.66843   	26.66074   	25.85289   	20.16813564
27/08/2009 	25.17159   	26.65210   	25.97527   	20.01751180
28/08/2009 	24.19836   	26.34018   	25.43961   	19.54522006
29/08/2009 	23.89804   	26.06700   	24.91115   	18.72628367
30/08/2009 	23.46891   	26.17093   	24.81557   	17.84661976
31/08/2009 	22.88135   	26.39139   	24.78669   	17.98357010
01/09/2009 	22.90296   	27.84873   	26.15086   	18.31862803
02/09/2009 	24.40657   	28.43570   	26.30854   	18.05560501
03/09/2009 	24.01441   	29.44371   	27.36616   	17.91502130
04/09/2009 	24.01171   	29.38930   	27.49543   	17.14558140
05/09/2009 	24.41193   	28.89840   	26.99162   	16.49994012
06/09/2009 	25.77575   	28.13735   	27.50833   	16.26639913
07/09/2009 	26.05437   	28.29682   	27.31441   	16.17364872
08/09/2009 	26.22241   	28.20041   	26.98516   	16.45655839
09/09/2009 	26.01898   	28.05639   	27.16087   	16.87163862
10/09/2009 	24.73735   	28.78467   	26.85562   	16.69322439
11/09/2009 	24.06335   	28.29409   	26.35409   	16.16621427
12/09/2009 	24.83856   	28.28946   	26.62072   	15.98820092
13/09/2009 	25.60602   	28.93081   	27.46511   	15.76944606
14/09/2009 	26.03305   	28.75305   	27.42770   	15.79222081
15/09/2009 	26.33514   	29.26249   	27.84534   	15.79305959
16/09/2009 	26.50228   	29.20669   	27.89908   	15.85747033
17/09/2009 	26.48267   	29.46573   	27.99073   	15.68825090
18/09/2009 	26.87857   	29.63753   	28.37445   	15.51089259
19/09/2009 	27.08394   	29.82751   	28.50073   	15.73630589
20/09/2009 	27.25134   	29.86263   	28.66798   	15.99865329
21/09/2009 	27.55203   	30.09921   	28.96223   	16.10788804
22/09/2009 	27.73349   	29.82220   	29.20740   	16.19056437
23/09/2009 	28.09114   	30.10113   	29.29347   	16.29725017
24/09/2009 	28.69210   	30.65566   	29.65960   	16.05161212
25/09/2009 	28.97867   	30.66331   	29.77350   	15.98130079
26/09/2009 	28.52737   	30.42188   	29.55163   	16.03210123
27/09/2009 	28.63241   	30.26593   	29.25520   	16.16893703
28/09/2009 	28.65957   	30.03377   	29.18103   	16.33151042
29/09/2009 	28.84237   	30.72795   	29.30719   	16.29327691
30/09/2009 	27.53641   	30.87261   	28.63080   	16.15094392
01/10/2009 	27.40804   	30.88626   	28.84611   	15.69929802
02/10/2009 	28.43957   	31.85580   	29.76613   	14.64814951
03/10/2009 	25.10669   	29.68070   	27.93584   	14.58449350
04/10/2009 	24.75185   	28.41421   	26.54395   	13.91566702
05/10/2009 	25.36613   	27.78234   	26.40238   	13.34611921
06/10/2009 	25.25555   	27.48144   	26.23291   	13.53157385
07/10/2009 	25.01900   	27.95092   	26.14185   	13.97961167
08/10/2009 	25.37104   	26.79128   	25.87928   	13.90102416
09/10/2009 	23.28666   	28.01718   	25.86197   	13.19560844
10/10/2009 	24.43883   	28.00318   	26.82785   	12.98390921
11/10/2009 	23.86885   	27.53802   	26.03955   	12.74450648
12/10/2009 	22.35150   	27.02606   	25.63986   	11.91091386
13/10/2009 	22.07694   	27.66986   	25.23005   	10.94949538
14/10/2009 	20.60719   	28.68251   	25.95081   	11.01669880
15/10/2009 	20.89741   	27.96721   	25.21198   	10.38909290
16/10/2009 	20.78046   	31.89767   	26.92848   	10.23501945
17/10/2009 	24.97917   	32.16472   	29.23792   	10.69217332
18/10/2009 	25.55421   	30.38716   	28.38256   	10.33680830
19/10/2009 	26.45149   	29.67157   	28.32514   	10.33352186
20/10/2009 	26.61546   	29.02251   	28.17882   	10.09389704
21/10/2009 	27.71839   	28.79888   	28.32053   	 9.69953452
22/10/2009 	27.87837   	28.41397   	28.09805   	 9.42357689
23/10/2009 	26.76198   	28.36590   	27.90056   	 9.52857079
24/10/2009 	27.57554   	28.93621   	28.12827   	 9.88626440
25/10/2009 	27.86934   	28.97710   	28.53017   	10.48106788
26/10/2009 	27.25580   	28.96210   	28.24714   	10.67940168
27/10/2009 	27.43554   	28.66982   	28.02054   	10.85227080
28/10/2009 	27.03271   	28.99890   	27.93252   	10.90512906
29/10/2009 	27.26672   	29.72113   	28.16731   	11.22217758
30/10/2009 	27.21316   	29.21861   	28.06742   	11.28997223
31/10/2009 	26.98536   	29.70314   	28.45998   	11.34905068
01/11/2009 	27.74842   	29.37745   	28.65888   	11.51037433
02/11/2009 	27.97852   	29.21700   	28.67371   	11.66164201
03/11/2009 	27.40297   	29.48804   	28.37353   	11.32930158
04/11/2009 	27.51428   	29.40578   	28.56470   	11.12463641
05/11/2009 	27.07631   	29.92166   	28.33643   	10.89994188
06/11/2009 	27.08272   	30.02444   	28.23257   	10.72531766
07/11/2009 	26.96984   	29.99269   	28.55957   	10.63050518
08/11/2009 	26.33467   	29.65317   	27.50138   	10.23937831
09/11/2009 	23.65149   	28.57198   	26.66732   	 9.48773442
10/11/2009 	24.67034   	29.00701   	27.00147   	 9.28909548
11/11/2009 	24.31364   	28.72338   	26.66884   	 9.07912582
12/11/2009 	24.74524   	29.05561   	27.03277   	 9.32213950
13/11/2009 	25.04163   	28.35337   	27.08791   	 9.62768795
14/11/2009 	24.96307   	27.98359   	26.94413   	10.14686449
15/11/2009 	24.60775   	29.85891   	27.36167   	10.35171187
16/11/2009 	24.73968   	30.33899   	27.55924   	10.42793121
17/11/2009 	25.85064   	29.96750   	27.87954   	10.47096841
18/11/2009 	25.16416   	30.31972   	28.18479   	10.41699449
19/11/2009 	23.76608   	30.00586   	27.46412   	10.50095658
20/11/2009 	24.72692   	30.09252   	28.58108   	10.52064075
21/11/2009 	26.27836   	29.98622   	28.06557   	10.53302052
22/11/2009 	26.85025   	29.88709   	28.46192   	10.65551054
23/11/2009 	25.93251   	30.12848   	28.72859   	10.53991876
24/11/2009 	25.60791   	30.12427   	28.43000   	10.29855436
25/11/2009 	26.96168   	30.57697   	29.80101   	10.27519143
26/11/2009 	29.39783   	30.57899   	30.41973   	10.23303167
27/11/2009 	29.91525   	30.51957   	30.21003   	 9.65805626
28/11/2009 	28.84138   	30.27913   	29.65841   	 9.25377591
29/11/2009 	26.98301   	29.68265   	29.06659   	 9.01305354
30/11/2009 	27.46210   	29.45444   	28.81891   	 8.99980549
01/12/2009 	26.49029   	28.63207   	27.78361   	 8.16240359
02/12/2009 	23.59134   	28.43245   	27.14332   	 7.79309776
03/12/2009 	25.12911   	27.82139   	26.50367   	 7.85064586
04/12/2009 	24.37296   	26.54320   	25.40704   	 7.80961823
05/12/2009 	23.91885   	26.82227   	25.36341   	 7.69678026
06/12/2009 	24.05046   	26.87491   	25.16104   	 7.88446508
07/12/2009 	23.27361   	27.82047   	25.34124   	 8.07917888
08/12/2009 	23.34594   	27.90366   	25.38510   	 8.10786640
09/12/2009 	23.41455   	26.67084   	24.75983   	 7.95782443
10/12/2009 	23.16725   	26.74869   	24.64708   	 8.17180348
11/12/2009 	18.52438   	24.75153   	22.84759   	 8.02146851
12/12/2009 	16.39083   	24.26471   	21.28603   	 7.63183205
13/12/2009 	16.85922   	23.71413   	21.04116   	 7.13199538
14/12/2009 	17.47142   	23.54217   	20.85029   	 6.60130394
15/12/2009 	14.78938   	21.92306   	19.72417   	 5.79142205
16/12/2009 	15.93564   	21.94673   	19.98806   	 5.34296647
17/12/2009 	17.58594   	22.67559   	19.87292   	 5.03296236
18/12/2009 	16.65431   	22.58770   	20.00526   	 4.49231651
19/12/2009 	15.15170   	23.36478   	19.73223   	 3.95113353
20/12/2009 	19.44826   	23.25815   	21.63463   	 3.57851085
21/12/2009 	19.10752   	23.55046   	21.06717   	 3.19542055
22/12/2009 	19.21384   	24.51316   	21.93518   	 3.32374407
23/12/2009 	20.01366   	25.59323   	22.34972   	 3.39958289
24/12/2009 	20.36025   	25.69711   	23.37081   	 3.56936731
25/12/2009 	20.16598   	25.76000   	23.48614   	 3.49487584
26/12/2009 	20.70125   	24.11205   	22.67823   	 3.39456439
27/12/2009 	23.00917   	27.41665   	25.55475   	 4.25763055
28/12/2009 	22.70533   	27.58508   	25.51466   	 4.25614594
29/12/2009 	20.93173   	27.15562   	24.80451   	 3.90058170
30/12/2009 	19.25763   	27.28969   	24.89398   	 3.62709309
31/12/2009 	18.58695   	25.92623   	23.40797   	 3.12982379
01/01/2010 	17.23176   	24.32981   	21.81638   	 2.63761377
02/01/2010 	17.68332   	23.74261   	21.40682   	 2.32872956
03/01/2010 	17.57868   	23.92309   	21.00178   	 2.00175061
04/01/2010 	17.95297   	23.67699   	20.89882   	 1.78809724
05/01/2010 	18.32274   	23.64401   	20.85736   	 1.81877084
06/01/2010 	18.00922   	23.43877   	20.50168   	 1.77158648
07/01/2010 	16.95677   	23.57015   	20.15841   	 1.66075104
08/01/2010 	15.77321   	23.42943   	20.05063   	 1.41226365
09/01/2010 	15.00168   	22.33075   	18.68024   	 0.73514365
10/01/2010 	13.83254   	22.52722   	18.80693   	 0.70780254
11/01/2010 	16.04281   	22.63892   	20.14875   	 0.98502037
12/01/2010 	15.66506   	23.17030   	20.53628   	 0.99512224
13/01/2010 	17.18199   	23.90286   	21.78031   	 0.82281667
14/01/2010 	20.62056   	24.22829   	22.82815   	 0.86196069
15/01/2010 	20.19793   	23.89180   	22.32831   	 0.67193254
16/01/2010 	20.75479   	23.87852   	22.38756   	 0.83821482
17/01/2010 	21.93245   	24.88951   	23.25317   	 1.33226378
18/01/2010 	21.71960   	24.29454   	22.81560   	 1.36562138
19/01/2010 	20.49725   	23.94478   	22.25872   	 1.51543767
20/01/2010 	17.00471   	23.84731   	21.21212   	 1.44339802
21/01/2010 	17.65631   	23.90711   	21.82163   	 1.43373800
22/01/2010 	17.98394   	23.50312   	21.40206   	 1.24533266
23/01/2010 	20.87494   	23.21901   	22.11675   	 1.38042959
24/01/2010 	20.14643   	23.00989   	21.89596   	 1.26340574
25/01/2010 	19.33629   	23.35000   	21.81377   	 1.07194051
26/01/2010 	18.25142   	23.73152   	21.62463   	 0.63385312
27/01/2010 	19.98787   	23.74431   	21.96148   	 0.52180716
28/01/2010 	18.47485   	22.68297   	20.81806   	 0.67185015
29/01/2010 	17.94437   	22.88699   	20.00837   	 0.73450089
30/01/2010 	18.56536   	25.57240   	21.98120   	 0.92864050
31/01/2010 	19.29764   	23.84275   	22.08605   	 0.91714090
01/02/2010 	19.38990   	24.22296   	22.07470   	 1.02099780
02/02/2010 	18.73953   	23.79810   	21.84878   	 1.08436026
03/02/2010 	20.47580   	23.72934   	21.66992   	 1.25475799
04/02/2010 	17.55561   	23.70656   	21.00750   	 1.32989263
05/02/2010 	18.15473   	23.34032   	21.36210   	 1.50783084
06/02/2010 	16.67822   	22.60760   	20.69585   	 1.63901761
07/02/2010 	15.21279   	22.30550   	19.79675   	 1.61386103
08/02/2010 	16.69890   	22.56279   	20.51754   	 1.45115649
09/02/2010 	19.20649   	22.65672   	21.34153   	 1.22055991
10/02/2010 	15.20147   	22.46877   	20.26004   	 0.84408463
11/02/2010 	14.87660   	22.11760   	18.85165   	 0.51336614
12/02/2010 	14.44554   	22.40053   	19.02944   	 0.20086589
13/02/2010 	14.47129   	23.66188   	19.82480   	-0.13824871
14/02/2010 	15.72013   	24.16785   	20.61958   	-0.28979242
15/02/2010 	17.22207   	23.39489   	20.99714   	-0.51343585
16/02/2010 	18.20348   	23.24927   	21.37122   	-0.49182910
17/02/2010 	20.58582   	23.44617   	21.67176   	-0.19600576
18/02/2010 	19.84008   	23.88588   	21.73517   	 0.01896630
19/02/2010 	21.07140   	24.57320   	22.81870   	 0.72036390
20/02/2010 	22.10985   	24.54339   	23.08988   	 1.02253329
21/02/2010 	21.46147   	24.77014   	22.83908   	 1.01610465
22/02/2010 	21.40703   	25.13066   	23.17448   	 1.31505460
23/02/2010 	20.31393   	24.52452   	22.58271   	 1.43130526
24/02/2010 	21.66176   	25.20254   	23.77838   	 1.56398526
25/02/2010 	22.81116   	24.93083   	24.26388   	 1.91045245
26/02/2010 	22.73229   	25.53581   	24.26153   	 2.22759751
27/02/2010 	21.92477   	26.68721   	24.11627   	 2.49106876
28/02/2010 	21.51533   	26.74351   	23.84122   	 2.73862139
01/03/2010 	23.38071   	25.82797   	24.52625   	 3.08296130
02/03/2010 	22.28635   	25.97179   	24.21853   	 3.07214426
03/03/2010 	18.42790   	25.06298   	22.91978   	 3.03727250
04/03/2010 	17.23121   	24.66847   	21.46568   	 3.04544130
05/03/2010 	16.94207   	24.19547   	20.94837   	 2.96243417
06/03/2010 	13.82492   	24.72227   	20.73545   	 2.71517462
07/03/2010 	15.16555   	24.51385   	20.47237   	 2.53959847
08/03/2010 	14.92732   	21.62923   	19.12416   	 2.41153803
09/03/2010 	17.75282   	21.39404   	19.64410   	 2.31055751
10/03/2010 	19.14726   	21.36693   	20.19072   	 2.31194594
11/03/2010 	15.81959   	23.15103   	20.14393   	 2.39661916
12/03/2010 	14.63855   	21.33021   	18.84658   	 2.49887797
13/03/2010 	14.66509   	21.47008   	18.19131   	 2.69720580
14/03/2010 	15.46217   	20.54201   	17.96845   	 3.05936759
15/03/2010 	15.35462   	21.43749   	18.59825   	 3.56154784
16/03/2010 	13.94356   	21.20472   	18.44997   	 3.90606942
17/03/2010 	14.42854   	21.04391   	18.46709   	 4.09422136
18/03/2010 	14.75913   	21.96096   	18.66462   	 4.37439939
19/03/2010 	16.19641   	22.38733   	19.70805   	 4.66092933
20/03/2010 	17.68603   	23.32264   	20.60512   	 5.07196636
21/03/2010 	17.63502   	22.72711   	20.42178   	 5.54961937
22/03/2010 	16.60323   	22.64550   	19.97047   	 5.82861143
23/03/2010 	17.23986   	23.30599   	20.70141   	 5.94982300
24/03/2010 	17.34353   	23.15989   	20.87234   	 6.15338401
25/03/2010 	18.13601   	23.84418   	21.85722   	 6.35777166
26/03/2010 	17.41875   	23.60944   	21.79989   	 6.64842979
27/03/2010 	17.99640   	24.54327   	22.20609   	 6.74966206
28/03/2010 	19.31241   	24.61730   	22.20454   	 6.87132264
29/03/2010 	17.92220   	24.11777   	21.68011   	 7.05746458
30/03/2010 	16.49007   	24.53294   	21.48874   	 7.29643813
31/03/2010 	20.67041   	25.67646   	23.90183   	 7.05587485
01/04/2010 	23.67116   	26.77383   	24.84984   	 6.70443520
02/04/2010 	23.55435   	27.17632   	25.02574   	 6.64165586
03/04/2010 	21.42273   	27.12797   	24.98797   	 6.81655240
04/04/2010 	19.41723   	26.81518   	24.42712   	 7.07816599
05/04/2010 	18.74291   	26.32240   	23.68253   	 7.23658939
06/04/2010 	20.03258   	26.68696   	24.06476   	 7.46655563
07/04/2010 	21.64852   	26.59852   	24.85080   	 7.67372184
08/04/2010 	20.27785   	26.15241   	24.26144   	 7.95027838
09/04/2010 	19.77492   	25.34718   	23.16213   	 8.44977538
10/04/2010 	19.37258   	25.03241   	22.64341   	 8.73638427
11/04/2010 	17.65917   	24.20688   	21.29382   	 8.85921683
12/04/2010 	16.94596   	24.28035   	20.76985   	 8.75244248
13/04/2010 	16.43845   	24.14352   	20.67007   	 8.77326824
14/04/2010 	16.54072   	23.93762   	20.86673   	 8.76210999
15/04/2010 	16.84616   	24.29790   	21.41316   	 8.84371285
16/04/2010 	17.68361   	24.96393   	21.81603   	 8.85247701
17/04/2010 	18.13689   	24.89998   	22.08203   	 9.09959366
18/04/2010 	18.66512   	24.46130   	22.29928   	 9.53801316
19/04/2010 	19.23624   	25.78827   	22.66117   	 9.79630329
20/04/2010 	19.63831   	25.78921   	23.56591   	 9.80391906
21/04/2010 	22.44632   	25.85598   	24.09407   	 9.18202223
22/04/2010 	20.01250   	26.62371   	23.50514   	 8.92496656
23/04/2010 	20.45803   	26.00374   	24.00410   	 9.22105668
24/04/2010 	19.95760   	25.99245   	23.92310   	 9.54375945
25/04/2010 	21.52803   	26.11622   	24.58222   	 9.79579745
26/04/2010 	21.53492   	26.09984   	24.66715   	10.07847057
27/04/2010 	21.43333   	26.71350   	24.66189   	10.48856729
28/04/2010 	21.15920   	26.83864   	24.55811   	11.01962137
29/04/2010 	21.27009   	26.86813   	25.00580   	11.38258990
30/04/2010 	22.42681   	27.04676   	25.34674   	11.72114935
01/05/2010 	22.85892   	27.01159   	25.49411   	11.81256084
02/05/2010 	21.61687   	27.43399   	24.94888   	11.89062011
03/05/2010 	19.15504   	27.43721   	23.81968   	10.67731349
04/05/2010 	19.66727   	27.82285   	24.08296   	 9.89728508
05/05/2010 	19.50892   	27.06863   	23.88187   	10.19473670
06/05/2010 	19.34930   	27.21371   	24.65659   	10.10880619
07/05/2010 	20.05098   	27.92004   	24.87909   	 9.90888858
08/05/2010 	22.20745   	27.30693   	25.50527   	 9.95904768
09/05/2010 	21.94459   	27.39238   	24.81674   	10.10542820
10/05/2010 	21.32590   	27.58464   	24.86810   	10.20672935
11/05/2010 	21.17478   	27.69469   	24.64764   	10.18273008
12/05/2010 	20.31787   	27.91290   	24.74809   	 9.56319374
13/05/2010 	20.41948   	28.33085   	25.18678   	 9.29376668
14/05/2010 	19.74879   	27.70121   	24.83892   	 9.54491895
15/05/2010 	20.80183   	27.86237   	25.34397   	 9.94062384
16/05/2010 	22.72747   	28.13870   	25.84193   	10.40124891
17/05/2010 	22.71889   	27.85987   	25.80292   	10.80028842
18/05/2010 	22.36948   	28.40467   	25.97312   	11.39452682
19/05/2010 	20.89520   	28.55663   	25.47505   	11.91207967
20/05/2010 	20.11533   	28.17236   	25.23838   	12.47011747
21/05/2010 	20.39788   	27.73775   	24.92841   	13.20926807
22/05/2010 	19.56756   	27.93812   	24.44473   	13.89293881
23/05/2010 	20.16919   	27.55457   	24.76236   	14.48173561
24/05/2010 	21.25862   	26.89380   	24.86560   	14.98965488
25/05/2010 	20.96683   	27.93047   	24.95471   	15.42640299
26/05/2010 	20.56398   	28.21084   	25.06088   	15.12925881
27/05/2010 	20.02608   	28.61175   	25.59132   	14.67543226
28/05/2010 	20.97570   	28.27687   	25.88447   	14.73632711
29/05/2010 	21.40850   	28.28060   	25.85288   	14.64822181
30/05/2010 	23.37248   	28.04814   	26.65751   	14.72419012
31/05/2010 	24.25555   	28.88889   	26.77154   	14.52838777
01/06/2010 	23.03142   	29.24957   	26.60880   	14.68696856
02/06/2010 	23.03375   	29.31099   	26.61160   	15.13417423
03/06/2010 	22.05481   	29.22305   	26.22132   	15.57038544
04/06/2010 	22.39735   	28.95031   	26.07354   	16.03670730
05/06/2010 	23.22608   	28.52746   	26.21428   	16.44732650
06/06/2010 	24.12177   	28.24829   	26.53134   	16.80619844
07/06/2010 	24.97283   	27.98974   	26.77377   	16.89540156
08/06/2010 	24.15547   	27.47062   	26.23261   	17.03933748
09/06/2010 	23.28707   	27.09385   	25.80446   	17.27899659
10/06/2010 	22.34166   	27.29062   	25.35484   	17.52753035
11/06/2010 	22.24298   	27.58877   	25.48019   	17.75867105
12/06/2010 	22.48423   	27.58270   	25.22926   	17.76493073
13/06/2010 	20.81273   	27.37433   	24.96030   	17.52594479
14/06/2010 	20.08850   	27.72277   	24.84324   	17.61080567
15/06/2010 	19.56437   	28.19120   	24.36938   	17.12920841
16/06/2010 	18.73533   	28.06671   	23.85028   	16.62666686
17/06/2010 	19.76228   	28.46031   	24.75764   	16.44775667
18/06/2010 	21.19487   	28.86880   	25.99524   	16.09814068
19/06/2010 	26.25989   	31.64191   	28.89062   	14.97096608
20/06/2010 	27.69894   	32.39578   	29.92431   	14.11496858
21/06/2010 	28.44556   	32.41679   	29.66284   	14.10547481
22/06/2010 	28.15574   	31.23862   	29.45076   	14.78285128
23/06/2010 	27.51244   	30.21730   	29.25193   	15.56478061
24/06/2010 	27.29706   	30.29277   	29.14251   	16.40760297
25/06/2010 	27.66752   	30.59603   	29.27998   	17.10447419
26/06/2010 	27.06779   	30.86242   	29.36189   	18.07939947
27/06/2010 	26.71784   	30.81250   	29.27927   	18.42190711
28/06/2010 	26.53844   	30.69893   	29.30248   	19.18528175
29/06/2010 	26.34852   	30.60142   	29.27760   	19.77677019
30/06/2010 	26.56782   	30.67120   	29.20444   	20.19484723
01/07/2010 	26.81100   	30.80914   	29.31800   	20.45363684
02/07/2010 	26.67863   	30.86235   	29.45534   	20.78010412
03/07/2010 	27.07012   	30.46065   	29.30881   	21.24793208
04/07/2010 	26.89818   	30.55420   	29.22251   	21.49015331
05/07/2010 	27.37872   	30.43334   	29.51816   	21.57610603
06/07/2010 	27.21547   	30.59763   	29.23573   	21.38485662
07/07/2010 	27.34456   	30.65463   	29.43049   	20.90961126
08/07/2010 	27.21859   	30.58198   	29.62182   	20.86664216
09/07/2010 	27.31036   	30.75548   	29.53779   	21.06304181
10/07/2010 	27.35791   	30.76706   	29.50604   	21.38177963
11/07/2010 	26.92374   	30.89172   	29.39475   	21.94687927
12/07/2010 	26.79414   	30.88970   	29.31811   	22.25398004
13/07/2010 	27.39598   	30.54885   	29.56467   	22.10681963
14/07/2010 	27.07292   	30.55751   	29.21121   	22.22393644
15/07/2010 	27.57041   	30.46628   	29.50399   	21.87407688
16/07/2010 	28.64215   	29.80966   	29.23250   	21.13723302
17/07/2010 	28.39487   	29.31913   	28.90697   	20.71601729
18/07/2010 	28.40956   	29.19480   	28.81885   	20.48116660
19/07/2010 	28.14482   	29.02087   	28.64985   	20.43866928
20/07/2010 	27.52502   	29.16146   	28.53972   	20.62293394
21/07/2010 	27.23656   	29.31421   	28.58686   	20.75091839
22/07/2010 	27.29921   	29.34560   	28.74675   	20.76257678
23/07/2010 	26.58055   	29.60361   	28.50027   	20.79569991
24/07/2010 	26.35495   	29.61273   	28.47568   	20.49541708
25/07/2010 	25.48259   	29.64977   	28.33412   	20.37913112
26/07/2010 	25.83688   	29.62505   	28.12810   	20.35421745
27/07/2010 	24.33150   	29.76865   	27.74684   	20.25906618
28/07/2010 	24.20775   	29.70035   	27.72458   	20.53988206
29/07/2010 	24.39616   	29.88210   	27.60491   	20.31958143
30/07/2010 	23.69836   	29.98328   	27.42857   	19.97137773
31/07/2010 	22.71440   	29.68427   	27.54913   	20.17040384
01/08/2010 	24.07832   	29.57501   	27.52134   	20.35285687
02/08/2010 	23.14817   	29.46529   	27.36551   	20.44911230
03/08/2010 	24.35997   	29.34128   	27.33773   	20.45948227
04/08/2010 	25.27517   	29.32125   	27.86438   	20.35222252
05/08/2010 	25.45850   	28.94558   	27.53292   	20.10114698
06/08/2010 	23.20106   	28.71580   	26.77340   	19.72975198
07/08/2010 	25.32525   	28.56316   	27.16491   	19.83518668
08/08/2010 	24.62486   	28.21549   	26.60450   	19.78991433
09/08/2010 	22.35857   	28.34920   	25.93099   	19.71531630
10/08/2010 	21.46942   	28.58027   	26.43587   	19.84847522
11/08/2010 	23.90495   	27.92440   	26.42232   	19.86075719
12/08/2010 	22.41156   	27.97843   	25.86938   	19.79391388
13/08/2010 	22.01139   	27.95091   	25.57240   	19.61150336
14/08/2010 	21.60880   	27.59281   	25.03381   	19.60479045
15/08/2010 	20.08978   	27.08412   	23.95001   	19.44509455
16/08/2010 	19.10697   	26.80407   	23.52257   	19.18249265
17/08/2010 	20.78664   	26.26509   	23.92527   	19.35651835
18/08/2010 	21.34029   	25.80162   	23.58607   	19.15647916
19/08/2010 	20.79771   	25.69158   	23.29084   	18.87266163
20/08/2010 	19.69936   	25.21065   	22.92937   	18.74015268
21/08/2010 	20.37725   	24.87600   	22.89869   	18.90776678
22/08/2010 	20.33468   	25.18096   	22.40684   	19.15465470
23/08/2010 	20.58947   	25.37685   	23.45704   	19.36074678
24/08/2010 	20.78646   	26.38681   	23.83934   	19.07646827
25/08/2010 	20.57444   	26.37907   	22.92989   	18.47235366
26/08/2010 	20.90824   	26.70304   	23.43667   	17.88835816
27/08/2010 	21.87756   	26.14190   	23.47878   	17.00345437
28/08/2010 	21.01314   	25.22211   	22.88158   	16.33525461
29/08/2010 	21.06777   	25.10463   	22.96079   	16.19708967
30/08/2010 	22.74926   	27.39213   	24.41697   	15.51976550
31/08/2010 	18.60096   	26.67436   	22.55989   	15.50274454
01/09/2010 	17.69067   	24.74582   	21.91168   	15.70945350
02/09/2010 	18.04990   	23.54528   	21.19131   	15.83310848
03/09/2010 	17.15378   	23.17920   	20.61208   	15.90591214
04/09/2010 	18.29393   	22.05621   	20.46544   	16.12036375
05/09/2010 	13.50452   	21.76295   	18.71120   	16.17005722
06/09/2010 	12.56812   	21.16062   	18.66968   	16.00807585
07/09/2010 	15.64067   	22.04235   	20.01110   	15.67588399
08/09/2010 	17.13580   	23.14128   	20.73137   	15.56527215
09/09/2010 	18.79814   	23.44263   	21.32737   	15.85258844
10/09/2010 	18.13186   	22.65650   	20.69973   	16.04382094
11/09/2010 	18.82957   	23.04637   	21.29783   	16.39378969
12/09/2010 	19.55474   	23.18224   	21.12591   	16.74683861
13/09/2010 	18.53660   	22.84213   	20.53506   	16.66843919
14/09/2010 	19.10821   	23.13702   	21.28769   	16.71518012
15/09/2010 	18.20121   	24.07351   	20.41712   	16.26517946
16/09/2010 	18.21869   	23.97812   	20.41039   	15.58350513
17/09/2010 	18.82779   	22.06305   	20.15688   	14.99912077
18/09/2010 	19.50794   	23.61009   	21.23682   	13.92867382
19/09/2010 	18.90982   	22.61580   	20.64275   	13.80742103
20/09/2010 	17.96664   	22.99817   	20.46568   	14.29285679
21/09/2010 	18.06980   	23.20059   	20.21949   	14.63220060
22/09/2010 	16.55618   	22.39223   	19.69574   	14.84675707
23/09/2010 	15.52276   	22.07026   	19.44613   	15.08956830
24/09/2010 	15.42171   	21.79776   	19.43866   	15.36435694
25/09/2010 	16.14726   	21.35561   	19.28905   	14.71783789
26/09/2010 	15.71227   	22.06374   	19.14120   	14.32572317
27/09/2010 	15.51272   	22.43751   	19.52064   	14.28506978
28/09/2010 	15.11265   	22.87896   	19.37488   	14.29466935
29/09/2010 	14.11138   	22.03485   	18.74563   	14.14657408
30/09/2010 	15.09526   	21.31340   	19.38522   	13.85988301
01/10/2010 	17.23410   	21.10594   	19.52809   	13.81962049
02/10/2010 	19.51567   	22.25613   	21.11414   	14.25170414
03/10/2010 	20.30606   	23.30078   	22.34380   	14.82046813
04/10/2010 	20.72414   	24.21480   	22.63203   	15.15061994
05/10/2010 	19.93152   	23.64290   	22.30966   	15.34997813
06/10/2010 	20.59920   	24.40697   	22.97248   	15.56783899
07/10/2010 	20.19540   	23.99425   	22.45971   	15.54302130
08/10/2010 	18.33863   	23.76653   	21.50335   	15.55495795
09/10/2010 	17.13179   	23.38676   	21.03964   	15.35968858
10/10/2010 	17.35385   	23.26618   	20.87675   	14.91954704
11/10/2010 	16.52039   	22.40546   	19.76891   	14.23564903
12/10/2010 	15.71805   	22.34931   	19.23315   	13.74477305
13/10/2010 	15.52017   	22.41735   	19.26222   	13.54495353
14/10/2010 	16.30087   	22.48962   	19.67373   	13.40676779
15/10/2010 	16.08978   	22.57506   	19.32171   	12.92338250
16/10/2010 	16.41477   	23.66986   	20.26243   	11.94721478
17/10/2010 	21.25219   	24.74922   	23.05513   	11.86424222
18/10/2010 	19.40180   	23.22095   	21.74658   	11.41884331
19/10/2010 	19.09784   	22.99249   	21.06875   	11.13430450
20/10/2010 	19.04280   	22.35093   	20.90465   	10.25021984
21/10/2010 	19.99291   	23.46503   	21.33819   	 9.53319456
22/10/2010 	19.27307   	22.87952   	20.76786   	 9.66351384
23/10/2010 	18.39191   	25.21670   	21.74011   	 9.93939400
24/10/2010 	19.44738   	23.84398   	21.76927   	 9.39018279
25/10/2010 	19.92718   	23.86956   	21.64327   	 8.37738522
26/10/2010 	18.65792   	24.03260   	21.75655   	 8.31651264
27/10/2010 	19.45539   	24.10860   	22.05361   	 8.62653643
28/10/2010 	18.55064   	24.63155   	21.39247   	 9.13670139
29/10/2010 	18.99960   	25.03556   	21.32634   	 9.46864740
30/10/2010 	20.44541   	25.51512   	23.47875   	10.18130928
31/10/2010 	20.68693   	25.88408   	23.53969   	10.30542370
01/11/2010 	20.26156   	25.86357   	23.56127   	10.37324814
02/11/2010 	22.16819   	25.12397   	23.69774   	10.44997829
03/11/2010 	21.83119   	26.31318   	24.52817   	10.81748271
04/11/2010 	21.59411   	26.20666   	23.88312   	10.98655961
05/11/2010 	20.68719   	26.67348   	23.73857   	11.46332993
06/11/2010 	21.07306   	26.37872   	23.59748   	11.43447451
07/11/2010 	19.50712   	25.99408   	23.49837   	10.97033201
08/11/2010 	18.78688   	25.99687   	23.22217   	10.28318554
09/11/2010 	18.20239   	24.97377   	23.48131   	 9.44972374
10/11/2010 	20.09752   	24.13794   	22.14541   	 8.79190264
11/11/2010 	18.24397   	24.07484   	22.18802   	 8.30341585
12/11/2010 	18.87054   	29.57581   	23.48494   	 8.54106772
13/11/2010 	19.90896   	29.35222   	23.54303   	 8.74901253
14/11/2010 	19.79704   	27.05162   	24.31216   	 8.91631250
15/11/2010 	21.16894   	26.98661   	24.08777   	 8.81315498
16/11/2010 	19.95434   	26.42326   	23.67878   	 8.61604019
17/11/2010 	17.96322   	26.29444   	23.38876   	 8.27708390
18/11/2010 	19.28197   	26.15466   	23.89491   	 7.98723666
19/11/2010 	18.84528   	24.68001   	22.66001   	 7.75250160
20/11/2010 	17.98683   	24.20132   	21.75100   	 7.61823706
21/11/2010 	16.53238   	23.90367   	20.94605   	 7.40653508
22/11/2010 	15.85017   	22.95951   	20.21899   	 7.11747590
23/11/2010 	16.06582   	22.64345   	19.63675   	 6.73566225
24/11/2010 	14.71520   	23.15739   	19.52839   	 6.18797425
25/11/2010 	15.78264   	23.69957   	20.36604   	 5.89100243
26/11/2010 	16.45045   	24.04901   	20.83129   	 5.51552658
27/11/2010 	16.26991   	24.04769   	20.53357   	 5.09956250
28/11/2010 	15.41688   	23.32036   	20.25577   	 4.63759451
29/11/2010 	16.02405   	22.62521   	20.23252   	 3.97112103
30/11/2010 	16.70803   	22.91154   	20.69535   	 3.65993078
01/12/2010 	17.08939   	22.43043   	20.71975   	 2.80971377
02/12/2010 	19.68220   	24.76529   	22.15986   	 2.51445197
03/12/2010 	19.57827   	23.83118   	22.10216   	 2.15206158
04/12/2010 	20.01742   	24.60326   	23.22276   	 2.28925868
05/12/2010 	22.66707   	25.97513   	24.26424   	 2.60695563
06/12/2010 	21.65432   	25.77892   	23.83690   	 2.57195897
07/12/2010 	21.50915   	25.67467   	23.62995   	 2.34952354
08/12/2010 	20.81945   	25.32212   	23.28631   	 1.83073169
09/12/2010 	21.38059   	25.19775   	23.58825   	 1.54151988
10/12/2010 	20.12282   	27.10383   	23.61920   	 1.71893350
11/12/2010 	21.73552   	28.03945   	24.38591   	 2.69127118
12/12/2010 	22.20304   	29.87382   	26.90520   	 3.91101666
13/12/2010 	22.07757   	27.90595   	25.14782   	 3.26120107
14/12/2010 	20.25836   	26.69582   	24.28566   	 2.70781099
15/12/2010 	20.01570   	27.27764   	23.90573   	 2.19034895
16/12/2010 	20.29865   	26.85883   	24.27866   	 2.29701917
17/12/2010 	19.57371   	24.99582   	23.29034   	 2.11241501
18/12/2010 	20.74471   	24.98567   	23.09811   	 1.91301419
19/12/2010 	20.81003   	23.61166   	22.71740   	 1.31682845
20/12/2010 	20.42457   	24.33697   	22.80053   	 0.96371913
21/12/2010 	20.91579   	24.12640   	22.56637   	 0.61091310
22/12/2010 	19.77707   	24.09652   	22.10132   	 0.11494630
23/12/2010 	17.91425   	23.88168   	20.60612   	-0.09925915
24/12/2010 	16.71137   	25.24544   	21.02098   	-0.15823219
25/12/2010 	19.12245   	26.42590   	22.99369   	-0.40407301
26/12/2010 	19.96176   	26.22073   	23.12348   	-0.35465924
27/12/2010 	20.44149   	25.05727   	22.78990   	-0.15267211
28/12/2010 	20.38439   	24.28004   	21.99791   	-0.04291791
29/12/2010 	20.42202   	23.01026   	22.03625   	-0.05134455
30/12/2010 	19.98644   	22.33457   	21.38688   	-0.03361684
31/12/2010 	19.11150   	22.27009   	21.03134   	 0.13899274
