date	smin	smax	smean	tmean
01/01/2009 	20.91601   	25.98026   	23.89022   	 2.80127458
02/01/2009 	21.36127   	25.93606   	23.62382   	 2.38661898
03/01/2009 	21.28712   	25.82926   	23.87271   	 2.19149175
04/01/2009 	21.81495   	26.17975   	23.88945   	 2.17346119
05/01/2009 	22.23583   	28.04909   	24.96345   	 1.98831836
06/01/2009 	22.21285   	25.32597   	23.67756   	 1.45658484
07/01/2009 	22.33438   	25.25592   	23.79118   	 1.68528154
08/01/2009 	22.16619   	24.66609   	23.61693   	 1.43126961
09/01/2009 	21.73037   	24.99689   	23.66408   	 1.43005391
10/01/2009 	21.44964   	25.14557   	23.61215   	 1.12852598
11/01/2009 	22.06959   	26.69770   	24.46016   	 1.37119806
12/01/2009 	23.39942   	31.16819   	26.50548   	 2.09931774
13/01/2009 	24.71428   	31.04136   	28.74668   	 2.89659506
14/01/2009 	24.76078   	30.73881   	28.09033   	 2.91763012
15/01/2009 	24.46764   	29.87695   	26.87165   	 2.66198971
16/01/2009 	23.65879   	27.90589   	25.87648   	 2.48530265
17/01/2009 	23.50445   	27.97035   	25.55722   	 2.51736168
18/01/2009 	23.53956   	29.96683   	26.90658   	 2.85840454
19/01/2009 	25.52632   	30.50632   	28.94562   	 2.86630200
20/01/2009 	27.70968   	30.31105   	29.66003   	 2.87189601
21/01/2009 	27.45084   	30.24505   	29.56976   	 2.79770922
22/01/2009 	27.99248   	30.18555   	29.70641   	 2.62955008
23/01/2009 	28.11726   	29.86485   	29.10380   	 2.66035104
24/01/2009 	27.96062   	29.29762   	28.82035   	 2.74268629
25/01/2009 	27.37453   	28.91630   	28.28275   	 2.74611962
26/01/2009 	26.77299   	28.53709   	27.82048   	 2.63491955
27/01/2009 	26.52058   	27.73514   	27.22565   	 2.40706188
28/01/2009 	25.49775   	27.14571   	26.51066   	 2.09239164
29/01/2009 	24.47877   	26.48041   	25.63703   	 1.82737486
30/01/2009 	23.62803   	25.70035   	24.93154   	 1.62957316
31/01/2009 	23.40666   	25.14892   	24.57615   	 1.30801751
01/02/2009 	23.31371   	24.96337   	24.18047   	 0.94556854
02/02/2009 	23.12832   	25.42974   	24.27276   	 0.70348994
03/02/2009 	23.52760   	26.38685   	25.10929   	 0.95974722
04/02/2009 	24.21292   	27.26790   	25.61398   	 1.13884015
05/02/2009 	24.25239   	27.34119   	26.02925   	 1.30788722
06/02/2009 	24.21362   	27.55999   	26.31440   	 1.54282156
07/02/2009 	24.42411   	27.52864   	26.16011   	 1.63216354
08/02/2009 	24.16352   	27.43890   	25.89076   	 1.64071682
09/02/2009 	22.79646   	27.28976   	25.41755   	 1.63333291
10/02/2009 	23.05245   	27.59338   	25.26095   	 1.73641169
11/02/2009 	23.53704   	26.54199   	24.66213   	 1.81086907
12/02/2009 	24.53577   	27.90842   	25.34727   	 1.96948978
13/02/2009 	24.59532   	28.19984   	25.59935   	 2.14755049
14/02/2009 	24.32544   	27.05851   	25.50996   	 2.11495936
15/02/2009 	22.39035   	25.33356   	24.35402   	 2.10178379
16/02/2009 	22.35842   	25.34193   	23.95466   	 2.31562214
17/02/2009 	22.60164   	25.85225   	24.18718   	 2.64065095
18/02/2009 	21.71023   	24.50717   	23.13726   	 2.65169472
19/02/2009 	21.68944   	24.27109   	22.80239   	 2.63056475
20/02/2009 	21.16677   	24.76580   	22.97819   	 2.78176160
21/02/2009 	20.63360   	24.76360   	22.81555   	 2.91083038
22/02/2009 	20.17422   	25.39450   	23.03378   	 3.10445615
23/02/2009 	20.18610   	27.01759   	22.66998   	 3.61352701
24/02/2009 	21.08845   	25.47656   	22.53866   	 3.85790142
25/02/2009 	19.54062   	23.97108   	21.59958   	 3.88874625
26/02/2009 	18.17206   	24.98631   	21.73678   	 4.00992939
27/02/2009 	18.17537   	24.06902   	21.11363   	 4.41038186
28/02/2009 	18.98855   	24.95837   	21.58157   	 4.72463706
01/03/2009 	19.67701   	23.87496   	21.94766   	 4.81717647
02/03/2009 	20.28659   	23.92319   	22.19585   	 4.91831725
03/03/2009 	19.56238   	23.68124   	22.05095   	 4.93296991
04/03/2009 	20.57699   	24.68600   	22.24331   	 4.76325254
05/03/2009 	21.67385   	27.53542   	24.48520   	 4.65233806
06/03/2009 	20.51727   	26.07475   	23.23591   	 4.72598871
07/03/2009 	19.80331   	24.88115   	22.81647   	 4.71752615
08/03/2009 	19.80683   	26.51890   	23.76195   	 4.78229835
09/03/2009 	21.52546   	27.77453   	25.07733   	 4.73354883
10/03/2009 	20.14626   	27.39780   	24.03113   	 4.77423213
11/03/2009 	20.78049   	25.75249   	23.44487   	 4.81596222
12/03/2009 	20.36975   	26.10607   	23.06999   	 4.98115577
13/03/2009 	20.36815   	25.08605   	23.00378   	 5.19449856
14/03/2009 	20.39911   	24.27397   	22.41963   	 5.45827893
15/03/2009 	20.62038   	24.49819   	22.80272   	 5.69692018
16/03/2009 	20.74839   	23.70824   	22.29094   	 6.05847080
17/03/2009 	19.72264   	23.16707   	21.67676   	 6.24884220
18/03/2009 	18.92459   	23.11305   	20.86020   	 6.43835834
19/03/2009 	19.23428   	23.26070   	20.82030   	 6.40239232
20/03/2009 	17.98717   	24.43783   	21.57145   	 6.36081400
21/03/2009 	20.31177   	26.39314   	23.64267   	 6.11316237
22/03/2009 	17.93990   	26.14993   	23.07872   	 6.14964399
23/03/2009 	16.90675   	25.05913   	21.64201   	 6.36787470
24/03/2009 	16.76598   	25.05351   	21.79668   	 6.33624418
25/03/2009 	19.41110   	24.81756   	21.78575   	 6.34125386
26/03/2009 	17.87090   	24.12868   	21.16400   	 6.33635536
27/03/2009 	18.20881   	25.69681   	22.26897   	 6.28481832
28/03/2009 	17.59341   	26.60852   	22.39677   	 6.26293818
29/03/2009 	18.13973   	25.45004   	22.49602   	 6.26190139
30/03/2009 	17.84262   	24.17170   	21.37120   	 6.25372816
31/03/2009 	18.28924   	23.94455   	21.43973   	 6.44014365
01/04/2009 	19.47985   	23.37119   	21.55278   	 6.72627026
02/04/2009 	19.92427   	23.12286   	21.55307   	 7.09077024
03/04/2009 	20.25047   	24.05477   	21.92435   	 7.40795092
04/04/2009 	19.82096   	25.26865   	22.47414   	 7.53533804
05/04/2009 	20.06529   	26.02923   	22.96704   	 7.65226531
06/04/2009 	20.52308   	25.61687   	23.15421   	 7.81871680
07/04/2009 	20.25590   	25.42913   	23.11924   	 8.08644821
08/04/2009 	20.00378   	25.62214   	23.30679   	 8.24696883
09/04/2009 	20.56569   	26.15997   	23.50823   	 8.32548646
10/04/2009 	20.64747   	25.99253   	23.29199   	 8.61717461
11/04/2009 	21.19615   	25.72840   	23.79416   	 8.87201879
12/04/2009 	20.66238   	25.56802   	23.51483   	 9.24024320
13/04/2009 	20.74030   	25.09481   	23.18369   	 9.56379998
14/04/2009 	21.18043   	24.76231   	23.24009   	 9.84895949
15/04/2009 	21.62670   	24.59159   	23.31149   	10.19005634
16/04/2009 	22.19032   	24.73589   	23.59692   	10.48348365
17/04/2009 	22.67145   	25.75470   	24.09196   	10.54592991
18/04/2009 	23.47100   	26.22664   	24.62350   	10.50300852
19/04/2009 	22.80396   	25.83536   	24.30151   	10.78431608
20/04/2009 	22.47731   	27.23873   	24.43437   	10.84553482
21/04/2009 	22.18015   	27.12538   	24.62589   	10.95220826
22/04/2009 	22.19676   	26.92549   	24.85117   	11.02294546
23/04/2009 	21.59642   	26.00759   	24.28734   	11.37453139
24/04/2009 	22.46846   	25.66168   	24.36730   	11.61217304
25/04/2009 	23.15984   	26.38766   	24.61626   	11.73497546
26/04/2009 	23.16720   	25.87378   	24.73305   	11.92655140
27/04/2009 	23.47208   	26.03119   	25.04261   	12.07976401
28/04/2009 	23.86176   	26.38766   	25.21528   	12.12865859
29/04/2009 	23.73920   	26.40427   	25.25873   	12.29104328
30/04/2009 	23.75401   	26.00228   	25.25351   	12.54558992
01/05/2009 	24.10847   	26.02804   	25.26236   	12.96249402
02/05/2009 	24.60054   	26.72282   	25.39459   	13.21627724
03/05/2009 	23.89765   	26.08813   	25.15470   	13.29576083
04/05/2009 	23.87023   	26.07180   	25.04796   	13.05659781
05/05/2009 	23.35029   	26.88116   	25.03231   	12.79699590
06/05/2009 	22.55569   	27.37398   	24.99194   	12.64207683
07/05/2009 	21.64301   	27.83589   	24.93074   	12.60529890
08/05/2009 	21.93483   	27.75268   	25.75653   	12.52755990
09/05/2009 	22.59521   	28.13226   	26.00382   	12.46514901
10/05/2009 	22.55229   	27.88891   	25.77288   	12.64597748
11/05/2009 	22.19844   	26.70864   	24.84369   	12.82345021
12/05/2009 	22.78104   	26.67989   	24.75892   	12.59975896
13/05/2009 	24.01628   	25.91871   	25.15208   	12.69082999
14/05/2009 	24.48597   	26.69498   	25.62043   	12.75261408
15/05/2009 	24.99515   	27.42004   	26.13660   	12.77253352
16/05/2009 	25.51788   	27.62150   	26.59296   	12.77439340
17/05/2009 	24.94407   	28.68274   	26.84784   	12.87507729
18/05/2009 	25.94318   	28.94884   	27.30880   	12.93192442
19/05/2009 	25.08631   	29.17422   	27.23038   	13.05523831
20/05/2009 	25.26544   	29.16990   	27.35829   	13.19349817
21/05/2009 	25.48765   	28.93791   	27.42072   	13.44427015
22/05/2009 	25.13806   	28.68440   	27.17221   	13.69294196
23/05/2009 	24.76944   	28.10860   	26.70871   	14.11430866
24/05/2009 	24.96535   	27.61666   	26.56242   	14.68756751
25/05/2009 	25.38964   	27.19633   	26.43895   	15.37622617
26/05/2009 	25.76037   	27.41044   	26.56589   	15.65673027
27/05/2009 	26.16847   	27.48129   	26.59682   	15.48457223
28/05/2009 	25.43650   	28.34120   	26.44674   	15.48223597
29/05/2009 	24.95209   	27.45714   	26.01459   	15.83391792
30/05/2009 	25.12318   	26.94202   	26.00880   	15.97897508
31/05/2009 	24.87712   	26.44623   	25.91050   	16.23709969
01/06/2009 	24.34324   	26.46511   	25.86141   	16.56598218
02/06/2009 	24.16568   	28.70656   	26.07526   	16.71282268
03/06/2009 	25.74956   	30.06363   	27.11728   	16.15283491
04/06/2009 	26.59383   	30.77848   	27.94728   	14.80692349
05/06/2009 	27.02398   	31.07633   	28.17048   	13.95287617
06/06/2009 	26.77669   	31.05794   	27.88309   	14.15421206
07/06/2009 	26.90178   	31.22675   	28.17917   	14.00342667
08/06/2009 	26.77951   	29.66890   	27.60211   	14.47587750
09/06/2009 	26.86123   	30.40020   	27.62426   	14.93174615
10/06/2009 	26.95735   	28.19791   	27.44390   	15.17624040
11/06/2009 	27.10407   	29.88631   	27.93531   	15.46085248
12/06/2009 	27.46124   	30.43298   	28.23528   	15.64387655
13/06/2009 	27.64181   	30.25608   	28.27492   	15.83193437
14/06/2009 	26.98763   	28.23990   	27.81475   	16.23622326
15/06/2009 	26.40979   	27.95800   	27.44580   	16.62231215
16/06/2009 	26.75059   	27.97764   	27.47637   	16.78543890
17/06/2009 	25.97679   	27.83313   	27.29865   	16.98265771
18/06/2009 	26.92198   	27.80980   	27.37228   	17.04555623
19/06/2009 	26.73545   	28.13009   	27.27699   	17.03075588
20/06/2009 	26.24250   	27.94127   	27.21103   	16.95084774
21/06/2009 	26.42345   	30.14069   	27.58863   	16.69570394
22/06/2009 	27.42193   	29.90532   	28.11594   	16.46508396
23/06/2009 	27.21245   	28.52919   	27.86777   	16.77652760
24/06/2009 	26.51035   	28.67285   	27.97168   	17.12859861
25/06/2009 	26.65391   	28.96635   	28.09485   	17.52034760
26/06/2009 	26.72444   	28.89663   	28.18303   	17.92433170
27/06/2009 	26.92056   	28.89965   	28.29677   	18.43318466
28/06/2009 	27.16742   	28.92347   	28.41850   	18.90779436
29/06/2009 	27.25286   	28.98377   	28.50063   	19.54823041
30/06/2009 	27.31467   	29.18652   	28.53847   	20.23720789
01/07/2009 	27.21271   	29.14779   	28.58750   	20.74228895
02/07/2009 	27.46259   	29.02522   	28.63133   	21.02093879
03/07/2009 	27.88811   	29.18664   	28.81164   	21.26809573
04/07/2009 	28.42814   	28.87021   	28.67327   	21.41831593
05/07/2009 	28.21651   	29.17950   	28.64533   	21.69903358
06/07/2009 	28.08051   	28.90774   	28.60239   	21.61296089
07/07/2009 	27.96129   	29.41806   	28.64239   	20.95165459
08/07/2009 	27.20701   	29.79389   	28.56890   	20.61909080
09/07/2009 	27.69810   	29.45173   	28.50724   	19.85170078
10/07/2009 	27.36176   	31.31926   	28.66940   	18.33635434
11/07/2009 	27.37200   	31.41533   	28.55301   	17.33051103
12/07/2009 	27.18537   	30.64388   	27.96820   	17.71110340
13/07/2009 	25.64214   	28.45028   	27.25756   	18.35762465
14/07/2009 	24.47786   	27.92185   	26.57417   	18.86236640
15/07/2009 	25.07533   	27.76310   	26.58159   	19.41113969
16/07/2009 	24.58783   	28.12326   	26.33780   	19.58508329
17/07/2009 	24.59745   	28.05165   	26.55692   	19.77684911
18/07/2009 	25.59155   	28.86044   	27.15825   	19.68332191
19/07/2009 	24.73966   	28.89875   	27.33183   	19.49745814
20/07/2009 	25.91108   	29.26961   	27.98891   	19.47634685
21/07/2009 	24.24263   	29.21861   	27.40743   	19.39242005
22/07/2009 	24.39404   	29.10023   	27.28565   	19.52809731
23/07/2009 	24.46420   	29.03823   	26.93529   	19.54663678
24/07/2009 	24.56083   	28.89078   	26.85613   	19.50502761
25/07/2009 	24.48875   	28.87271   	26.70278   	19.46946518
26/07/2009 	24.16798   	28.00957   	26.27700   	19.26388542
27/07/2009 	24.07739   	27.70689   	25.95451   	19.45875525
28/07/2009 	23.81476   	27.32475   	25.66486   	19.61820098
29/07/2009 	23.43725   	26.35662   	25.30201   	19.69683818
30/07/2009 	24.48652   	27.01839   	25.69202   	19.82103197
31/07/2009 	23.13393   	26.74743   	25.00871   	19.42644020
01/08/2009 	22.98986   	26.34713   	24.88661   	19.42333210
02/08/2009 	23.69351   	26.92854   	25.40304   	19.56458310
03/08/2009 	23.14688   	26.48664   	24.91550   	19.50773029
04/08/2009 	22.94620   	25.99513   	24.79744   	19.59572848
05/08/2009 	23.37908   	25.74607   	24.78231   	19.82743915
06/08/2009 	23.93828   	26.07062   	24.97105   	20.21097593
07/08/2009 	24.38021   	25.73369   	25.04199   	20.56096005
08/08/2009 	24.29245   	26.42283   	25.24114   	20.73536948
09/08/2009 	24.66899   	26.34901   	25.55492   	20.81607155
10/08/2009 	24.98883   	26.41129   	25.76510   	20.85910106
11/08/2009 	25.20206   	27.81267   	25.99707   	20.94986471
12/08/2009 	25.56581   	28.47857   	26.22705   	20.88965265
13/08/2009 	25.78251   	28.78309   	26.59953   	20.71182903
14/08/2009 	25.93802   	29.18583   	26.78811   	20.54628511
15/08/2009 	25.71298   	26.54450   	26.22665   	20.56215302
16/08/2009 	24.71295   	27.21499   	26.01346   	20.54797149
17/08/2009 	24.41794   	27.29821   	25.98094   	20.55315387
18/08/2009 	24.51115   	27.38239   	25.90162   	20.37650184
19/08/2009 	24.73267   	27.50399   	26.03032   	20.35499366
20/08/2009 	24.83584   	28.49676   	26.14718   	20.43557223
21/08/2009 	25.09685   	27.78219   	26.09767   	20.48159885
22/08/2009 	25.22519   	27.82338   	26.21942   	20.29748102
23/08/2009 	25.46950   	29.03514   	26.63723   	20.17513351
24/08/2009 	26.26893   	27.95532   	26.63764   	20.22438355
25/08/2009 	26.31866   	27.29713   	26.65972   	20.44399822
26/08/2009 	26.33443   	27.74372   	26.64814   	20.21136300
27/08/2009 	26.15735   	27.33251   	26.54377   	20.06459916
28/08/2009 	25.95580   	27.94855   	26.94660   	19.87506223
29/08/2009 	25.86534   	28.96702   	27.35107   	19.37681357
30/08/2009 	24.93425   	28.34990   	26.58031   	18.71319306
31/08/2009 	24.78974   	28.98159   	27.49157   	18.83945350
01/09/2009 	26.53376   	29.56368   	28.46214   	18.95924083
02/09/2009 	27.02607   	29.99281   	28.75460   	18.69628636
03/09/2009 	26.16853   	29.97439   	29.27818   	18.58345373
04/09/2009 	28.51839   	29.71939   	29.27941   	17.88719634
05/09/2009 	28.79788   	29.54850   	29.19838   	17.16392461
06/09/2009 	27.51142   	29.35047   	28.65058   	16.57854482
07/09/2009 	27.19131   	29.24109   	28.25940   	16.38766412
08/09/2009 	26.88094   	29.03316   	28.01631   	16.59973701
09/09/2009 	26.99433   	28.81955   	28.03216   	16.88875115
10/09/2009 	27.52740   	28.77584   	28.21493   	16.77456637
11/09/2009 	27.98849   	28.62272   	28.28948   	16.48436395
12/09/2009 	27.82660   	29.20174   	28.38500   	16.31649786
13/09/2009 	28.05584   	29.63569   	28.66801   	16.31463031
14/09/2009 	28.37257   	29.96034   	28.90573   	15.98787491
15/09/2009 	28.52149   	29.83315   	28.97033   	15.83116732
16/09/2009 	28.61156   	29.58475   	29.05596   	15.87199356
17/09/2009 	28.91736   	30.11125   	29.27051   	15.77945928
18/09/2009 	28.83326   	30.24423   	29.33975   	15.67694851
19/09/2009 	28.77167   	30.38326   	29.38111   	15.71427665
20/09/2009 	28.69384   	30.71384   	29.47301   	15.98129249
21/09/2009 	29.33088   	30.95085   	29.87650   	16.14682531
22/09/2009 	29.15359   	30.55927   	29.64340   	16.23298780
23/09/2009 	29.22220   	31.42103   	29.65877   	16.32542892
24/09/2009 	29.25351   	31.66075   	29.98506   	16.21656080
25/09/2009 	29.48402   	31.99350   	30.18743   	16.14182522
26/09/2009 	29.66866   	31.37558   	30.10130   	16.15042953
27/09/2009 	29.63406   	30.72941   	30.01534   	16.21264448
28/09/2009 	29.48311   	30.81319   	30.01433   	16.30115533
29/09/2009 	29.65012   	31.79385   	30.21630   	16.27384194
30/09/2009 	28.91714   	31.56948   	29.85093   	16.14308023
01/10/2009 	28.74258   	31.76519   	29.64705   	15.93503086
02/10/2009 	28.88085   	32.38156   	29.93848   	15.09712772
03/10/2009 	28.52287   	31.09438   	29.17033   	15.06960070
04/10/2009 	26.51608   	30.41467   	28.43238   	14.62870489
05/10/2009 	26.04503   	28.69653   	27.51408   	13.77253308
06/10/2009 	25.64400   	29.25565   	27.36466   	13.90567110
07/10/2009 	26.50900   	30.45303   	28.32901   	14.43884647
08/10/2009 	25.86202   	28.95762   	27.46503   	14.21297491
09/10/2009 	26.09216   	29.64909   	27.93986   	13.50949983
10/10/2009 	26.83410   	28.15990   	27.57064   	13.19331626
11/10/2009 	27.15818   	28.15737   	27.51848   	13.24607261
12/10/2009 	27.08488   	30.89097   	29.19391   	12.13088735
13/10/2009 	28.02659   	31.52003   	29.64299   	11.31919074
14/10/2009 	26.58493   	29.09038   	28.13072   	11.07325832
15/10/2009 	26.75876   	30.63919   	28.17128   	10.43787233
16/10/2009 	27.72220   	32.87531   	29.89022   	10.55432103
17/10/2009 	29.63389   	33.24878   	31.28698   	10.91724424
18/10/2009 	29.27869   	32.83022   	30.23870   	10.41393872
19/10/2009 	28.71733   	31.99811   	29.34778   	10.37696366
20/10/2009 	28.00819   	29.93472   	28.63834   	 9.94876657
21/10/2009 	27.54553   	28.62092   	28.06521   	 9.50884243
22/10/2009 	27.60917   	28.88522   	28.08771   	 9.50554049
23/10/2009 	27.78044   	29.56093   	28.39027   	 9.94688634
24/10/2009 	27.73763   	29.63380   	28.55782   	10.22649839
25/10/2009 	28.40979   	30.95395   	29.05150   	10.76143533
26/10/2009 	28.80909   	31.34855   	29.92576   	11.44999985
27/10/2009 	28.26156   	31.47902   	29.39708   	11.28010354
28/10/2009 	28.13489   	31.00881   	29.85814   	11.58724562
29/10/2009 	27.97355   	31.64720   	30.05374   	11.79462228
30/10/2009 	28.06814   	30.85023   	29.52380   	11.67643474
31/10/2009 	28.18912   	30.25994   	29.36423   	11.58075647
01/11/2009 	28.37875   	30.72973   	29.44968   	11.71831256
02/11/2009 	28.64902   	30.86154   	29.47637   	11.82810163
03/11/2009 	27.94364   	30.91179   	29.38187   	11.52397925
04/11/2009 	28.74759   	31.30078   	29.96845   	11.45737429
05/11/2009 	27.87277   	31.36292   	29.93333   	11.23031666
06/11/2009 	28.17849   	31.15766   	29.79860   	11.02839611
07/11/2009 	27.79089   	31.55579   	30.13100   	10.96778588
08/11/2009 	27.51189   	31.52433   	29.53710   	10.64274116
09/11/2009 	27.61100   	30.42652   	28.83021   	10.08883663
10/11/2009 	27.87100   	29.65100   	28.91873   	10.03669884
11/11/2009 	27.59694   	29.52151   	28.74084   	 9.78813358
12/11/2009 	27.02683   	29.17553   	28.45072   	 9.62091138
13/11/2009 	25.88615   	29.19469   	28.21286   	 9.81047358
14/11/2009 	26.13452   	30.37623   	29.09914   	10.40712641
15/11/2009 	28.11918   	31.16461   	30.04489   	10.74490927
16/11/2009 	26.96810   	31.03958   	29.75447   	10.74208224
17/11/2009 	27.12626   	30.62256   	29.80763   	10.73112309
18/11/2009 	28.04526   	30.54428   	30.10686   	10.70735079
19/11/2009 	28.08900   	30.32956   	29.84418   	10.67512830
20/11/2009 	27.72812   	30.45787   	29.86938   	10.63689341
21/11/2009 	28.05698   	30.40961   	29.71780   	10.72950987
22/11/2009 	27.46530   	30.40943   	29.62201   	10.79970588
23/11/2009 	29.68858   	30.75431   	30.05965   	10.66216747
24/11/2009 	29.47031   	30.75286   	30.07699   	10.44757054
25/11/2009 	30.08803   	30.57767   	30.34609   	10.47014165
26/11/2009 	29.95410   	30.57116   	30.34203   	10.31943794
27/11/2009 	29.46069   	30.35624   	29.82825   	 9.88814231
28/11/2009 	29.46829   	29.82186   	29.62573   	 9.68442823
29/11/2009 	29.10493   	29.62988   	29.47904   	 9.60080399
30/11/2009 	28.20414   	29.71334   	29.43497   	 9.44485720
01/12/2009 	28.09577   	29.67606   	28.91985   	 8.86146648
02/12/2009 	27.28535   	29.10763   	28.26417   	 8.02071207
03/12/2009 	26.27445   	28.89277   	27.44887   	 7.90681215
04/12/2009 	24.38349   	28.78376   	26.96984   	 8.06352582
05/12/2009 	24.49960   	28.93650   	26.84815   	 7.96727823
06/12/2009 	24.59203   	29.40857   	26.82223   	 8.17036009
07/12/2009 	25.26282   	29.53364   	27.72451   	 8.48813138
08/12/2009 	25.38473   	29.57222   	27.55204   	 8.50871487
09/12/2009 	24.31835   	28.71442   	26.70632   	 8.25792182
10/12/2009 	25.03332   	28.59220   	26.68761   	 8.36423373
11/12/2009 	23.75869   	27.57694   	25.27076   	 8.20543653
12/12/2009 	22.47988   	25.89152   	24.55981   	 7.86372294
13/12/2009 	22.56521   	25.08385   	24.03029   	 7.28703853
14/12/2009 	21.02062   	24.16637   	23.14754   	 6.65889888
15/12/2009 	20.55440   	23.91904   	22.46740   	 6.05260140
16/12/2009 	19.54404   	24.75780   	22.54341   	 5.71404290
17/12/2009 	19.95492   	26.17905   	22.80589   	 5.66453708
18/12/2009 	21.74940   	26.54182   	23.79500   	 5.57959327
19/12/2009 	18.98088   	25.43792   	23.27392   	 4.74148682
20/12/2009 	22.07492   	27.58208   	24.22079   	 4.37815124
21/12/2009 	21.20143   	27.12384   	24.07477   	 4.12693282
22/12/2009 	21.24700   	28.46320   	25.14367   	 4.37328214
23/12/2009 	22.73370   	28.60474   	25.83288   	 4.49125424
24/12/2009 	23.47178   	28.97061   	26.53051   	 4.51587139
25/12/2009 	25.67406   	28.75211   	26.98513   	 4.51778354
26/12/2009 	23.47240   	27.57775   	25.86083   	 4.22437056
27/12/2009 	25.63161   	29.40279   	28.20971   	 4.81901213
28/12/2009 	25.92970   	30.03089   	28.41040   	 4.81760634
29/12/2009 	25.40603   	29.23045   	27.71655   	 4.49015738
30/12/2009 	26.08122   	28.21077   	27.29021   	 4.08400671
31/12/2009 	24.67576   	26.88601   	26.09977   	 3.52636637
01/01/2010 	23.78654   	25.69254   	24.90151   	 3.06820283
02/01/2010 	21.88362   	25.90688   	23.98514   	 2.69886686
03/01/2010 	21.74851   	25.42181   	23.77914   	 2.45640427
04/01/2010 	20.92906   	26.07535   	23.57964   	 2.16412954
05/01/2010 	21.01337   	25.98849   	23.58243   	 2.22969128
06/01/2010 	20.65645   	25.88008   	23.35160   	 2.19632439
07/01/2010 	20.27101   	26.37835   	23.24239   	 2.11113408
08/01/2010 	20.73878   	25.19443   	23.12386   	 1.89374973
09/01/2010 	20.72200   	24.98668   	22.97035   	 1.41706870
10/01/2010 	21.63969   	25.31554   	24.06699   	 1.65330057
11/01/2010 	22.27396   	26.23804   	24.51714   	 1.90606436
12/01/2010 	21.58168   	25.98514   	24.13679   	 1.89966822
13/01/2010 	22.53234   	26.55454   	24.38036   	 1.68405448
14/01/2010 	22.73330   	27.25520   	25.16189   	 1.82389197
15/01/2010 	22.10555   	26.51455   	24.61430   	 1.55571343
16/01/2010 	21.22610   	25.36679   	23.76229   	 1.34070798
17/01/2010 	22.31873   	28.77442   	25.35358   	 1.84460193
18/01/2010 	22.58009   	27.56061   	25.06417   	 1.86660605
19/01/2010 	22.27808   	27.02487   	24.59867   	 1.93106699
20/01/2010 	21.22990   	26.01342   	23.72291   	 1.81221229
21/01/2010 	22.38507   	25.40117   	23.92638   	 1.81012068
22/01/2010 	21.82500   	24.28600   	23.12700   	 1.58561617
23/01/2010 	21.44211   	25.13326   	23.08966   	 1.64594107
24/01/2010 	21.80651   	25.89201   	23.86957   	 1.75157235
25/01/2010 	22.64278   	26.17223   	24.44287   	 1.71579947
26/01/2010 	23.14203   	26.21359   	24.54637   	 1.38170134
27/01/2010 	22.61159   	25.83163   	24.43574   	 1.04119785
28/01/2010 	20.93125   	26.60645   	24.20716   	 1.15705997
29/01/2010 	20.22117   	26.15778   	23.38044   	 1.17549123
30/01/2010 	21.79288   	27.59919   	24.66268   	 1.22113602
31/01/2010 	23.13296   	25.68404   	24.34310   	 1.17491142
01/02/2010 	23.16059   	27.45529   	24.43120   	 1.21501768
02/02/2010 	23.00095   	26.91376   	24.36201   	 1.30454492
03/02/2010 	22.08058   	26.78900   	24.20690   	 1.42622805
04/02/2010 	22.25892   	27.48868   	23.94050   	 1.47285815
05/02/2010 	21.69222   	23.91897   	22.93549   	 1.61157636
06/02/2010 	21.20456   	24.75657   	22.90960   	 1.80193202
07/02/2010 	21.22466   	24.32041   	22.75522   	 1.82640340
08/02/2010 	22.17238   	24.60273   	23.19992   	 1.73724338
09/02/2010 	22.68803   	25.78157   	24.13748   	 1.66161260
10/02/2010 	21.66997   	26.35587   	24.16467   	 1.40723040
11/02/2010 	20.69713   	25.97821   	23.97803   	 1.12096718
12/02/2010 	19.49869   	25.09229   	23.18438   	 0.51343372
13/02/2010 	21.22814   	26.16563   	23.83800   	 0.13396209
14/02/2010 	22.12620   	25.91972   	23.94912   	-0.13570888
15/02/2010 	22.29561   	24.79963   	23.55361   	-0.25147833
16/02/2010 	21.41942   	25.12161   	22.86932   	-0.21301374
17/02/2010 	21.32156   	27.36902   	23.51197   	 0.36670581
18/02/2010 	21.62310   	27.10861   	24.42688   	 0.80814082
19/02/2010 	22.08993   	28.23639   	25.20125   	 1.23710772
20/02/2010 	23.45882   	28.11585   	25.74588   	 1.46150406
21/02/2010 	22.72467   	27.83662   	25.39380   	 1.41875445
22/02/2010 	23.49331   	27.61583   	25.84834   	 1.62202854
23/02/2010 	23.21427   	27.61132   	25.65784   	 1.69410440
24/02/2010 	23.86438   	26.59991   	25.60689   	 1.71708177
25/02/2010 	23.62860   	26.89238   	25.53309   	 1.91653565
26/02/2010 	23.59548   	27.79032   	25.90523   	 2.20994442
27/02/2010 	24.12925   	30.00098   	26.82672   	 2.48467938
28/02/2010 	23.28886   	29.67374   	26.82711   	 2.69331775
01/03/2010 	25.18311   	27.96236   	26.56153   	 2.91532663
02/03/2010 	23.87760   	27.34798   	25.82188   	 3.03175967
03/03/2010 	23.53784   	26.65861   	25.18601   	 3.05320044
04/03/2010 	22.96787   	25.50641   	24.48864   	 3.12004175
05/03/2010 	22.53952   	25.61624   	24.23482   	 3.11218132
06/03/2010 	23.22325   	27.40863   	25.18041   	 2.85319416
07/03/2010 	21.01620   	25.35588   	23.31810   	 2.46184776
08/03/2010 	20.59986   	24.57848   	22.27653   	 2.30193327
09/03/2010 	18.95780   	23.73995   	21.89327   	 2.28177352
10/03/2010 	18.60966   	26.06689   	22.77672   	 2.49234637
11/03/2010 	19.50126   	27.64387   	24.50859   	 2.65339624
12/03/2010 	18.39812   	26.28724   	23.50189   	 2.69052667
13/03/2010 	18.54101   	25.17666   	22.55548   	 2.78142189
14/03/2010 	19.43287   	25.30476   	22.52059   	 3.05481824
15/03/2010 	20.32013   	26.94627   	23.08982   	 3.43655991
16/03/2010 	21.08289   	25.79975   	22.49187   	 3.74304965
17/03/2010 	20.13066   	24.19049   	21.91483   	 3.97049870
18/03/2010 	19.62340   	25.02192   	22.16069   	 4.15642491
19/03/2010 	19.93480   	26.44459   	22.73797   	 4.43488701
20/03/2010 	20.17998   	26.91442   	24.20260   	 4.76235522
21/03/2010 	21.23269   	26.60415   	24.06301   	 5.23041790
22/03/2010 	20.25631   	26.21140   	23.51420   	 5.51327674
23/03/2010 	21.35176   	26.50885   	23.91388   	 5.67631789
24/03/2010 	21.47645   	25.98714   	24.02261   	 5.87378986
25/03/2010 	22.56268   	26.24392   	24.55104   	 6.07043483
26/03/2010 	21.71757   	26.07607   	24.46825   	 6.38304555
27/03/2010 	22.19246   	27.02332   	24.74760   	 6.47299128
28/03/2010 	22.67870   	27.03775   	24.83763   	 6.59918662
29/03/2010 	21.92482   	26.83870   	24.69709   	 6.74853201
30/03/2010 	21.73961   	27.24685   	24.47158   	 6.98114824
31/03/2010 	23.26579   	28.92919   	25.79181   	 6.79238961
01/04/2010 	24.40985   	29.76526   	26.99561   	 6.48387795
02/04/2010 	24.41474   	29.54955   	27.19094   	 6.41356014
03/04/2010 	24.78431   	29.36383   	27.33866   	 6.50960895
04/04/2010 	25.01459   	28.79165   	27.10418   	 6.75711268
05/04/2010 	24.62135   	28.15710   	26.66909   	 6.93597064
06/04/2010 	24.89907   	28.29338   	26.63797   	 7.15991300
07/04/2010 	25.64655   	28.04562   	26.87723   	 7.39432199
08/04/2010 	24.72402   	27.64829   	26.40057   	 7.71920032
09/04/2010 	24.28659   	27.48545   	26.06901   	 8.00940441
10/04/2010 	23.48331   	27.21226   	25.70442   	 8.27268966
11/04/2010 	23.13629   	26.50834   	24.95268   	 8.52611363
12/04/2010 	22.29214   	25.95109   	24.49366   	 8.57761679
13/04/2010 	21.68510   	25.95506   	24.09294   	 8.59344174
14/04/2010 	22.08793   	25.77235   	24.15637   	 8.58765548
15/04/2010 	22.46374   	25.80712   	24.33702   	 8.63921648
16/04/2010 	23.14319   	26.39634   	24.74701   	 8.73890678
17/04/2010 	23.60640   	26.43846   	24.92796   	 8.94450514
18/04/2010 	23.63974   	26.32876   	25.06260   	 9.30670675
19/04/2010 	23.74429   	27.87936   	25.60990   	 9.56009950
20/04/2010 	24.59323   	26.54650   	25.65998   	 9.61401455
21/04/2010 	25.31667   	29.81569   	26.86548   	 9.11868008
22/04/2010 	25.71099   	29.95793   	26.84901   	 8.81429467
23/04/2010 	25.43638   	28.45489   	26.19798   	 9.26928429
24/04/2010 	25.15135   	27.62474   	25.98767   	 9.53615532
25/04/2010 	25.21196   	27.18673   	25.99699   	 9.72556591
26/04/2010 	25.38099   	27.54859   	26.11201   	 9.88892200
27/04/2010 	25.12832   	26.98909   	26.31909   	10.20407337
28/04/2010 	25.03798   	27.17655   	26.41084   	10.65845883
29/04/2010 	25.61738   	27.63035   	26.77162   	10.93914400
30/04/2010 	25.91376   	27.71482   	27.04558   	11.28358493
01/05/2010 	26.20444   	27.88287   	27.08769   	11.46135197
02/05/2010 	25.98582   	28.23708   	27.30892   	11.67154676
03/05/2010 	25.60473   	29.63007   	27.59352   	10.74893143
04/05/2010 	26.32527   	31.48065   	28.64940   	 9.76597112
05/05/2010 	26.43681   	31.12723   	28.02862   	 9.99048642
06/05/2010 	26.51044   	30.60196   	27.84619   	10.05906816
07/05/2010 	26.44068   	29.26443   	27.58672   	 9.89814037
08/05/2010 	25.55933   	28.16346   	27.30230   	10.02789778
09/05/2010 	25.74500   	28.19673   	27.25271   	10.08278368
10/05/2010 	25.78718   	28.06150   	27.31718   	10.17444136
11/05/2010 	25.61812   	28.52668   	27.45788   	10.11030982
12/05/2010 	25.91819   	29.84232   	27.96011   	 9.61483512
13/05/2010 	27.30926   	31.35890   	28.88574   	 9.15052738
14/05/2010 	26.86063   	30.55561   	28.09750   	 9.38132115
15/05/2010 	26.85774   	29.83868   	27.56987   	 9.77543292
16/05/2010 	26.98015   	31.14296   	27.81356   	10.13691503
17/05/2010 	26.85741   	30.11269   	27.68171   	10.53905916
18/05/2010 	26.86883   	30.86663   	28.19025   	11.09342060
19/05/2010 	27.47996   	30.55682   	28.18973   	11.69835291
20/05/2010 	27.11427   	29.17221   	27.85800   	12.33036508
21/05/2010 	26.37225   	28.64254   	27.52931   	13.10562078
22/05/2010 	26.01080   	29.91878   	27.48259   	13.74548074
23/05/2010 	25.83510   	28.61152   	27.48672   	14.29523617
24/05/2010 	25.93968   	28.41034   	27.19184   	14.45669965
25/05/2010 	26.03468   	30.82664   	27.51478   	14.85097663
26/05/2010 	26.80399   	30.01445   	27.81045   	14.94899182
27/05/2010 	26.57817   	29.72419   	27.99922   	14.56342677
28/05/2010 	26.56398   	28.50050   	27.80658   	14.63798704
29/05/2010 	26.80902   	28.92826   	27.78019   	14.56834523
30/05/2010 	27.03583   	28.86736   	27.96283   	14.48739334
31/05/2010 	27.67344   	31.64134   	28.62470   	14.40734192
01/06/2010 	28.06162   	30.52798   	28.84448   	14.50545287
02/06/2010 	27.94551   	30.01329   	28.80347   	14.96090144
03/06/2010 	27.61581   	29.37990   	28.76786   	15.43167212
04/06/2010 	27.02320   	29.16057   	28.48763   	15.90020512
05/06/2010 	26.93763   	28.92633   	28.28711   	16.29672762
06/06/2010 	27.20907   	28.57413   	28.11045   	16.63422124
07/06/2010 	27.29342   	28.41188   	27.99579   	16.68714243
08/06/2010 	26.08834   	28.55887   	27.71416   	16.70928800
09/06/2010 	26.15708   	28.50336   	27.61558   	16.77948693
10/06/2010 	25.96931   	28.41746   	27.48625   	17.04530231
11/06/2010 	25.91904   	28.12850   	27.57138   	17.32380215
12/06/2010 	25.93121   	28.07834   	27.45475   	17.34756958
13/06/2010 	26.00011   	28.50258   	27.56754   	17.43145680
14/06/2010 	26.10393   	28.98216   	27.55665   	17.47691079
15/06/2010 	26.33370   	29.16870   	27.76493   	17.12098527
16/06/2010 	25.85720   	30.49178   	27.84103   	16.51507582
17/06/2010 	26.15491   	30.85347   	28.26407   	16.31289965
18/06/2010 	27.23941   	31.75111   	29.00012   	16.12018692
19/06/2010 	28.55589   	32.68343   	30.34682   	15.02952192
20/06/2010 	29.68392   	32.81369   	31.02180   	13.92224761
21/06/2010 	29.79649   	32.78315   	30.71108   	14.03747797
22/06/2010 	29.56825   	32.79586   	30.29695   	14.56843205
23/06/2010 	29.33030   	32.27762   	29.94629   	15.23624895
24/06/2010 	29.10152   	32.38409   	29.77453   	15.91120028
25/06/2010 	29.02192   	32.66776   	29.95236   	16.54251105
26/06/2010 	29.44002   	32.47030   	30.18478   	17.34493430
27/06/2010 	29.67910   	31.60765   	30.30656   	18.16513534
28/06/2010 	29.23095   	31.36317   	30.10483   	18.86498988
29/06/2010 	29.57145   	31.37203   	30.20004   	19.46349394
30/06/2010 	29.62183   	31.83279   	30.27117   	19.83573465
01/07/2010 	29.98680   	31.07874   	30.38205   	20.15544848
02/07/2010 	29.52158   	31.27268   	30.26724   	20.50298707
03/07/2010 	29.65417   	31.15176   	30.16325   	20.96177248
04/07/2010 	29.88845   	31.49959   	30.24970   	21.24787645
05/07/2010 	29.51725   	31.07330   	30.11127   	21.29795122
06/07/2010 	29.83836   	32.28508   	30.39654   	21.39396036
07/07/2010 	29.89017   	31.44740   	30.23855   	21.05373609
08/07/2010 	29.71514   	30.67112   	30.04492   	20.94319884
09/07/2010 	29.66167   	31.83079   	30.22540   	20.99708593
10/07/2010 	29.66652   	31.05675   	30.21641   	21.32483002
11/07/2010 	29.84764   	31.16017   	30.30347   	21.70125262
12/07/2010 	29.88880   	31.11003   	30.45703   	22.01228106
13/07/2010 	30.00322   	30.75986   	30.46285   	21.91916788
14/07/2010 	29.89508   	30.87671   	30.49423   	22.07305098
15/07/2010 	29.68628   	30.75686   	30.17965   	21.79831290
16/07/2010 	29.19138   	30.23036   	29.68769   	20.99085255
17/07/2010 	28.78969   	30.49307   	29.45244   	20.65933200
18/07/2010 	28.36915   	30.37056   	29.22525   	20.54645658
19/07/2010 	28.19559   	30.24606   	29.09962   	20.57607865
20/07/2010 	28.43417   	29.87188   	29.21703   	20.57154731
21/07/2010 	28.69362   	29.68827   	29.30555   	20.69770384
22/07/2010 	28.98631   	29.66136   	29.36095   	20.71502980
23/07/2010 	29.14919   	29.83952   	29.43185   	20.71093698
24/07/2010 	29.08269   	29.75299   	29.50615   	20.62450771
25/07/2010 	29.06358   	29.77292   	29.55427   	20.55517109
26/07/2010 	29.06709   	29.81354   	29.57757   	20.56939264
27/07/2010 	28.71147   	29.93282   	29.61140   	20.41630260
28/07/2010 	28.58439   	29.99293   	29.58556   	20.57534432
29/07/2010 	28.69071   	30.47244   	29.64956   	20.60358385
30/07/2010 	28.70353   	31.15634   	29.73310   	20.41519701
31/07/2010 	28.61077   	30.60839   	29.57143   	20.32038796
01/08/2010 	28.42669   	29.71901   	29.27007   	20.37263962
02/08/2010 	28.52146   	30.81260   	29.25332   	20.47666466
03/08/2010 	28.59755   	30.30858   	29.20781   	20.49526735
04/08/2010 	28.54074   	29.40689   	29.12588   	20.51071644
05/08/2010 	28.45391   	29.24296   	28.95808   	20.31218580
06/08/2010 	27.30096   	29.07134   	28.65048   	20.08401453
07/08/2010 	27.28853   	28.86477   	28.49825   	20.07571344
08/08/2010 	26.83652   	28.79277   	28.11320   	19.98701549
09/08/2010 	26.27095   	28.66689   	27.89486   	19.81942018
10/08/2010 	26.37422   	28.56955   	27.95542   	19.82891210
11/08/2010 	26.78712   	28.60284   	27.87768   	19.90400585
12/08/2010 	26.35415   	28.38462   	27.71884   	19.85052431
13/08/2010 	25.83575   	28.39794   	27.56193   	19.75162029
14/08/2010 	25.70575   	28.05054   	27.25337   	19.74154715
15/08/2010 	25.42031   	27.87189   	26.91374   	19.52141114
16/08/2010 	25.35972   	27.86381   	26.89829   	19.14005967
17/08/2010 	24.77593   	27.26350   	26.44736   	19.34596320
18/08/2010 	24.93743   	27.09457   	26.23585   	19.22588845
19/08/2010 	23.35573   	27.19443   	25.92193   	19.04484646
20/08/2010 	22.69528   	27.27205   	25.65612   	18.98307216
21/08/2010 	23.00392   	27.49623   	25.81670   	19.09629750
22/08/2010 	22.49227   	28.67574   	25.88255   	19.33812261
23/08/2010 	22.67038   	28.25905   	26.32338   	19.49899971
24/08/2010 	24.60757   	29.39178   	27.33444   	19.34309534
25/08/2010 	23.36570   	29.42193   	26.87249   	18.87514198
26/08/2010 	22.92975   	28.80676   	26.42451   	18.44593426
27/08/2010 	23.89790   	27.10895   	25.90005   	17.61149287
28/08/2010 	23.90456   	26.22554   	25.24550   	16.95102296
29/08/2010 	23.99900   	26.56470   	25.27048   	16.89842478
30/08/2010 	24.23007   	27.66008   	26.14578   	15.78156106
31/08/2010 	25.07330   	27.87866   	26.09383   	15.56344801
01/09/2010 	23.51608   	26.58548   	24.88177   	15.70556577
02/09/2010 	22.70977   	25.88922   	23.96253   	15.86779896
03/09/2010 	22.02183   	25.27325   	23.24942   	15.88154477
04/09/2010 	20.44452   	23.78651   	22.30020   	16.07267801
05/09/2010 	19.61213   	23.24979   	21.66486   	16.16325653
06/09/2010 	19.70161   	22.30295   	21.26018   	16.03319647
07/09/2010 	20.38708   	24.07458   	21.85290   	15.95951464
08/09/2010 	19.69848   	25.88988   	23.04610   	16.02826355
09/09/2010 	21.32793   	26.17792   	23.80858   	16.29532798
10/09/2010 	20.53661   	25.95001   	23.22806   	16.38149514
11/09/2010 	20.33914   	26.27280   	23.45865   	16.64925237
12/09/2010 	20.57269   	26.61454   	23.59334   	16.96039681
13/09/2010 	20.76970   	25.60467   	23.06799   	16.90596334
14/09/2010 	22.15990   	27.00309   	24.30529   	17.05312530
15/09/2010 	21.70970   	27.15149   	24.70564   	16.81088984
16/09/2010 	20.46861   	27.66818   	24.05317   	16.31917355
17/09/2010 	21.53417   	27.34342   	24.44761   	15.87246364
18/09/2010 	22.24215   	26.67431   	24.42416   	14.30056451
19/09/2010 	21.40391   	25.36577   	23.44845   	14.69603483
20/09/2010 	20.80689   	26.50105   	24.15373   	15.13314648
21/09/2010 	19.87899   	26.95945   	23.89745   	15.22994490
22/09/2010 	19.94510   	25.12433   	22.83734   	15.22720798
23/09/2010 	19.41410   	24.69739   	22.36404   	15.39323507
24/09/2010 	19.09934   	24.59790   	22.38480   	15.60246060
25/09/2010 	20.07948   	24.48208   	22.35972   	15.18108726
26/09/2010 	20.35980   	23.73895   	22.27456   	14.76385798
27/09/2010 	20.48478   	23.23067   	22.27591   	14.56496431
28/09/2010 	20.66718   	23.25595   	22.31567   	14.46536211
29/09/2010 	19.94094   	22.72536   	21.81900   	14.21315889
30/09/2010 	19.82020   	24.07242   	21.46742   	14.04220825
01/10/2010 	19.43175   	24.14388   	21.96383   	14.30956791
02/10/2010 	21.02806   	25.16015   	23.15937   	14.66644180
03/10/2010 	22.56546   	26.46358   	24.49516   	15.12498613
04/10/2010 	22.52863   	26.61625   	24.65840   	15.39638454
05/10/2010 	22.37917   	25.98738   	24.27059   	15.54538161
06/10/2010 	22.22367   	26.50906   	24.58034   	15.68366865
07/10/2010 	22.46322   	26.62455   	24.25905   	15.69619173
08/10/2010 	21.85224   	25.12504   	23.57215   	15.69940062
09/10/2010 	21.18622   	24.38110   	23.12503   	15.57878770
10/10/2010 	21.26734   	24.52711   	23.02593   	15.22098527
11/10/2010 	20.75583   	23.67825   	22.47094   	14.68188602
12/10/2010 	20.44613   	23.54098   	22.26982   	14.12433585
13/10/2010 	20.74465   	23.51396   	22.37314   	13.71400537
14/10/2010 	20.87111   	24.77188   	22.70384   	13.46319892
15/10/2010 	21.18861   	26.46154   	23.42006   	13.13814712
16/10/2010 	22.51718   	27.29854   	24.72147   	12.44515795
17/10/2010 	22.08158   	25.87799   	24.34109   	11.69003510
18/10/2010 	21.26455   	24.68600   	23.62545   	11.73304361
19/10/2010 	22.24379   	27.14646   	24.55556   	12.25162218
20/10/2010 	22.18044   	27.08495   	24.15187   	11.42587900
21/10/2010 	23.11676   	28.65808   	24.89946   	 9.93651982
22/10/2010 	21.26717   	26.08390   	23.72358   	10.37698529
23/10/2010 	20.57891   	27.67736   	24.67209   	10.83243581
24/10/2010 	23.00824   	28.29487   	25.44992   	10.76662964
25/10/2010 	22.06809   	26.82556   	24.78938   	 8.96061041
26/10/2010 	23.05727   	27.94072   	24.73275   	 8.50966842
27/10/2010 	21.33959   	27.09397   	24.14717   	 9.16068496
28/10/2010 	21.77246   	27.85997   	25.05746   	 9.94622616
29/10/2010 	21.19321   	27.80840   	24.84521   	10.21312209
30/10/2010 	23.83174   	28.50270   	26.55821   	10.73530263
31/10/2010 	23.30384   	28.85090   	26.64995   	10.86277364
01/11/2010 	24.02138   	27.82646   	26.01733   	10.79576151
02/11/2010 	23.32010   	26.61007   	25.63160   	10.74079867
03/11/2010 	24.11144   	27.92302   	26.70490   	11.09155711
04/11/2010 	23.99348   	28.22034   	26.62124   	11.25443524
05/11/2010 	23.99993   	28.76591   	26.85745   	11.58606676
06/11/2010 	24.23006   	28.66353   	26.57844   	11.58886315
07/11/2010 	24.08920   	27.48341   	26.11963   	11.25592226
08/11/2010 	23.74869   	26.69526   	25.54183   	10.26430404
09/11/2010 	23.86412   	26.02550   	24.92477   	 9.51571103
10/11/2010 	22.77464   	25.60422   	24.29132   	 9.02028024
11/11/2010 	21.89044   	25.67870   	24.21569   	 8.61206985
12/11/2010 	24.78662   	30.37407   	27.81266   	 9.69084124
13/11/2010 	23.49426   	29.67210   	27.39027   	 9.45628975
14/11/2010 	24.65360   	29.70413   	28.04045   	 9.60967733
15/11/2010 	24.51995   	30.13728   	27.76997   	 9.46413396
16/11/2010 	23.65057   	29.36336   	27.00494   	 9.17808817
17/11/2010 	24.76308   	28.39898   	26.68913   	 8.82789550
18/11/2010 	22.95443   	26.80352   	25.83316   	 8.31981147
19/11/2010 	22.59982   	25.96525   	24.86721   	 8.01068467
20/11/2010 	22.14155   	25.71351   	24.38183   	 7.86408209
21/11/2010 	21.79448   	25.29526   	23.88038   	 7.66591114
22/11/2010 	22.29550   	24.41839   	23.48348   	 7.35187538
23/11/2010 	19.93345   	24.05972   	22.82059   	 6.95420092
24/11/2010 	21.68236   	25.57793   	23.29234   	 6.35189323
25/11/2010 	21.67676   	26.00260   	23.22447   	 6.04929967
26/11/2010 	21.68907   	24.84443   	23.48510   	 5.43448222
27/11/2010 	21.74513   	23.88393   	23.06860   	 5.08849093
28/11/2010 	21.19794   	23.46955   	22.45871   	 4.68262724
29/11/2010 	21.45611   	24.87618   	23.19496   	 4.74705676
30/11/2010 	22.59037   	25.02923   	23.64338   	 4.59508508
01/12/2010 	22.09603   	25.06992   	23.54530   	 3.97328636
02/12/2010 	22.43478   	25.82989   	24.42068   	 3.67067262
03/12/2010 	22.46618   	26.05373   	24.34243   	 3.10708718
04/12/2010 	22.45247   	26.84609   	25.12801   	 3.10613535
05/12/2010 	24.14588   	29.28055   	26.75130   	 3.78825416
06/12/2010 	24.08315   	28.53275   	26.45941   	 3.63024866
07/12/2010 	24.12292   	27.55305   	26.01595   	 3.23154803
08/12/2010 	23.89896   	26.76978   	25.56609   	 2.67280790
09/12/2010 	24.43659   	27.81122   	26.06257   	 2.14160243
10/12/2010 	25.20162   	29.62089   	26.52807   	 2.12317459
11/12/2010 	24.90723   	29.12604   	26.20648   	 2.73006777
12/12/2010 	25.44797   	30.25096   	28.34134   	 4.25694698
13/12/2010 	26.38280   	29.93067   	27.46241   	 3.69146355
14/12/2010 	26.14768   	29.05872   	27.38906   	 2.95199526
15/12/2010 	25.83088   	29.19390   	27.52564   	 2.50983865
16/12/2010 	25.29547   	27.85967   	26.52417   	 2.42440252
17/12/2010 	25.13640   	27.54564   	26.21178   	 2.33968338
18/12/2010 	22.80136   	25.99919   	24.90933   	 2.01665705
19/12/2010 	22.86461   	25.08020   	24.10340   	 1.71863893
20/12/2010 	22.87772   	25.30420   	24.29857   	 1.53714774
21/12/2010 	22.54553   	24.95592   	24.05184   	 1.19473578
22/12/2010 	22.33873   	24.70383   	23.88808   	 0.54106637
23/12/2010 	21.67537   	24.64196   	23.36412   	 0.01314967
24/12/2010 	22.20361   	28.65290   	24.98669   	 0.05625601
25/12/2010 	24.45502   	30.25632   	26.73866   	-0.15325713
26/12/2010 	24.46839   	29.74861   	25.64358   	-0.18931128
27/12/2010 	24.08912   	26.21755   	24.59009   	-0.10762467
28/12/2010 	21.91129   	24.91182   	23.41486   	 0.02191469
29/12/2010 	21.89762   	23.57677   	22.73643   	 0.12760921
30/12/2010 	21.69684   	24.98863   	23.09048   	 0.47446475
31/12/2010 	21.73237   	24.58162   	23.00636   	 0.65432843
