date	smin	smax	smean	tmean
01/01/2009 	22.80425   	28.92899   	25.94009   	 3.04021303
02/01/2009 	23.06710   	28.66246   	25.39054   	 2.69592995
03/01/2009 	22.78199   	28.20813   	25.23909   	 2.74662470
04/01/2009 	22.64972   	28.29130   	25.25510   	 2.87922800
05/01/2009 	22.19549   	27.55549   	24.74595   	 2.28403453
06/01/2009 	22.80486   	26.01413   	24.28352   	 1.78772154
07/01/2009 	23.23762   	27.72824   	25.01883   	 2.13537335
08/01/2009 	23.15925   	26.64993   	24.57467   	 1.88801154
09/01/2009 	23.18254   	27.49669   	24.88961   	 1.86651951
10/01/2009 	22.17092   	27.70645   	24.86467   	 1.51030324
11/01/2009 	22.70068   	29.01086   	25.91456   	 1.81726418
12/01/2009 	24.06693   	31.22103   	27.97576   	 2.55069258
13/01/2009 	27.71934   	31.19191   	29.94153   	 3.20195402
14/01/2009 	26.64916   	30.98570   	29.22725   	 3.20134252
15/01/2009 	24.08213   	30.48398   	27.45165   	 2.82627530
16/01/2009 	23.18210   	29.69084   	26.38645   	 2.60260575
17/01/2009 	23.55696   	29.74147   	26.58726   	 2.64710786
18/01/2009 	26.08686   	30.55849   	28.53851   	 2.88438822
19/01/2009 	28.86695   	30.55793   	29.86153   	 2.81512446
20/01/2009 	29.73998   	30.32020   	30.11933   	 2.79598342
21/01/2009 	29.33003   	30.27740   	29.85261   	 2.70864980
22/01/2009 	29.24244   	30.19416   	29.73257   	 2.58525528
23/01/2009 	28.56531   	29.80744   	29.18061   	 2.74313907
24/01/2009 	28.64677   	29.20119   	28.93880   	 2.85455388
25/01/2009 	27.93008   	29.01020   	28.62232   	 2.73491547
26/01/2009 	26.62962   	29.36755   	28.05652   	 2.64323560
27/01/2009 	25.58097   	28.44020   	27.16587   	 2.34024405
28/01/2009 	25.22219   	28.51461   	26.78400   	 2.08176126
29/01/2009 	24.06419   	27.57890   	25.85161   	 1.69460053
30/01/2009 	24.62336   	27.14742   	25.34421   	 1.32275815
31/01/2009 	22.99246   	27.07096   	24.61474   	 0.98708995
01/02/2009 	22.66615   	27.06932   	24.33234   	 0.83217121
02/02/2009 	22.11339   	27.16385   	24.07378   	 0.59591208
03/02/2009 	23.01554   	28.83662   	26.05129   	 1.18904811
04/02/2009 	24.38517   	29.73863   	26.87180   	 1.48006250
05/02/2009 	24.53721   	29.40030   	26.96761   	 1.56112528
06/02/2009 	25.08336   	29.42804   	27.35444   	 1.77407779
07/02/2009 	25.27452   	29.66169   	27.48257   	 1.86206305
08/02/2009 	25.24076   	29.12693   	27.08086   	 1.82278881
09/02/2009 	24.17152   	28.30599   	26.27745   	 1.73638760
10/02/2009 	22.48158   	29.66516   	26.50028   	 1.90659494
11/02/2009 	23.81314   	28.39220   	25.62259   	 1.92636031
12/02/2009 	24.33541   	28.63525   	25.83210   	 2.00685536
13/02/2009 	25.03698   	29.22235   	25.86677   	 2.19286950
14/02/2009 	24.38680   	29.37569   	25.93465   	 2.12341519
15/02/2009 	23.32743   	27.60758   	24.80837   	 2.17003800
16/02/2009 	23.35041   	27.74067   	24.91553   	 2.40530617
17/02/2009 	23.45095   	27.77314   	25.10757   	 2.70001903
18/02/2009 	21.05055   	26.14260   	23.80351   	 2.68496945
19/02/2009 	21.80665   	27.30637   	24.58247   	 2.76333423
20/02/2009 	22.61983   	27.29393   	25.37248   	 2.91019098
21/02/2009 	21.63509   	26.73958   	24.53959   	 2.98613383
22/02/2009 	21.50231   	28.04857   	25.12576   	 3.16978476
23/02/2009 	21.34685   	27.28326   	24.15128   	 3.49758203
24/02/2009 	21.03572   	28.92898   	23.58811   	 3.71158594
25/02/2009 	20.37735   	27.27799   	22.94205   	 3.84007428
26/02/2009 	20.37859   	27.98154   	24.00925   	 3.94310780
27/02/2009 	19.41842   	26.96761   	23.15531   	 4.26644925
28/02/2009 	19.05655   	27.46880   	23.30624   	 4.57338072
01/03/2009 	19.75261   	27.00795   	23.40495   	 4.67039678
02/03/2009 	20.63829   	27.86963   	23.89989   	 4.76423052
03/03/2009 	21.29964   	26.66723   	23.46889   	 4.80513026
04/03/2009 	21.23918   	28.00220   	23.47332   	 4.74911028
05/03/2009 	21.69543   	29.31049   	26.58139   	 4.54315987
06/03/2009 	22.07025   	28.54805   	25.97042   	 4.60037094
07/03/2009 	21.25111   	26.63428   	24.60153   	 4.64023386
08/03/2009 	21.44629   	29.15689   	25.48584   	 4.69646143
09/03/2009 	23.40254   	29.36375   	27.17365   	 4.61912332
10/03/2009 	21.83254   	28.97529   	26.09617   	 4.67799562
11/03/2009 	23.48005   	27.70074   	25.90934   	 4.71682389
12/03/2009 	21.76143   	27.64096   	24.75170   	 4.88556540
13/03/2009 	21.67158   	28.09663   	24.79419   	 5.15869562
14/03/2009 	19.97763   	27.86295   	23.46299   	 5.34061872
15/03/2009 	21.63341   	28.02123   	24.45601   	 5.47230645
16/03/2009 	20.94321   	28.04321   	23.53085   	 5.83236296
17/03/2009 	20.58654   	27.85146   	23.20497   	 6.07117950
18/03/2009 	19.25829   	25.00814   	22.00351   	 6.26060341
19/03/2009 	19.96765   	25.96259   	22.72155   	 6.19599711
20/03/2009 	19.59187   	26.79395   	23.21680   	 6.18886211
21/03/2009 	21.91388   	28.41725   	25.49452   	 5.90523191
22/03/2009 	21.10348   	28.19252   	25.54401   	 5.92792658
23/03/2009 	20.88962   	27.82921   	25.25626   	 6.05790527
24/03/2009 	19.26845   	27.23789   	24.39350   	 6.06604307
25/03/2009 	19.39046   	27.19016   	23.53437   	 6.16242171
26/03/2009 	19.54993   	26.54872   	23.09807   	 6.22337611
27/03/2009 	20.14953   	27.93426   	24.53939   	 6.19520592
28/03/2009 	20.25216   	28.30462   	24.48621   	 6.17669720
29/03/2009 	21.44672   	27.35810   	25.07571   	 6.14740653
30/03/2009 	19.47340   	26.60896   	23.35094   	 6.18972022
31/03/2009 	20.10442   	26.90664   	23.48528   	 6.39500622
01/04/2009 	20.55635   	26.38682   	23.56643   	 6.72269044
02/04/2009 	20.91873   	25.49224   	23.03361   	 7.03469398
03/04/2009 	20.45559   	27.64751   	23.42471   	 7.28883633
04/04/2009 	20.71347   	28.26499   	24.60622   	 7.33638190
05/04/2009 	21.29594   	28.27201   	25.05853   	 7.46840204
06/04/2009 	20.90811   	28.21010   	24.56837   	 7.72478580
07/04/2009 	20.86203   	27.89832   	24.55538   	 8.09717599
08/04/2009 	21.52511   	28.47405   	24.71317   	 8.17082807
09/04/2009 	20.99445   	28.69974   	25.07711   	 8.17784918
10/04/2009 	20.33944   	28.46854   	24.43029   	 8.53017010
11/04/2009 	21.21342   	28.18394   	25.12002   	 8.69982463
12/04/2009 	22.47144   	27.81038   	25.11491   	 8.94235355
13/04/2009 	22.50657   	27.34686   	24.67586   	 9.27699818
14/04/2009 	22.36485   	27.37137   	24.42653   	 9.62433547
15/04/2009 	22.57523   	27.25984   	24.36229   	10.06612098
16/04/2009 	22.89963   	27.34647   	24.63867   	10.32895829
17/04/2009 	23.39932   	28.36881   	25.56577   	10.36625411
18/04/2009 	24.27040   	27.89306   	25.94206   	10.34975640
19/04/2009 	22.85487   	28.06654   	25.36851   	10.48908673
20/04/2009 	23.05237   	29.53625   	26.35206   	10.28749977
21/04/2009 	23.31037   	29.46184   	26.48881   	10.37971487
22/04/2009 	23.94444   	29.32652   	26.82183   	10.49598644
23/04/2009 	22.80375   	28.34388   	25.71761   	10.95605395
24/04/2009 	23.08033   	28.03057   	25.33168   	11.35600251
25/04/2009 	23.88911   	28.69176   	25.84119   	11.51246933
26/04/2009 	24.24073   	28.63642   	26.29938   	11.67105202
27/04/2009 	24.75293   	28.53660   	26.25456   	11.80972207
28/04/2009 	24.66161   	29.13362   	26.74430   	11.83187576
29/04/2009 	24.90026   	29.16949   	26.61940   	11.94464517
30/04/2009 	24.89361   	28.61690   	26.29879   	12.35855571
01/05/2009 	24.96400   	28.39577   	26.05864   	12.83847219
02/05/2009 	24.99531   	28.65609   	26.19689   	12.96227545
03/05/2009 	24.82077   	28.20905   	26.16151   	12.99059550
04/05/2009 	24.62432   	27.83128   	25.91318   	12.77843277
05/05/2009 	24.40609   	28.53047   	26.15448   	12.49630811
06/05/2009 	24.11891   	28.63105   	26.36237   	12.39019362
07/05/2009 	23.93890   	28.68896   	26.35156   	12.43447707
08/05/2009 	23.78803   	28.85095   	27.06537   	12.39111376
09/05/2009 	24.84450   	28.86771   	27.22402   	12.30162299
10/05/2009 	24.78023   	28.65220   	26.79108   	12.52237099
11/05/2009 	24.48205   	27.87256   	25.95348   	12.72727825
12/05/2009 	24.05298   	27.56355   	25.61636   	12.45274073
13/05/2009 	24.62208   	29.37497   	26.30465   	12.58483907
14/05/2009 	25.32651   	28.88521   	26.82043   	12.64100059
15/05/2009 	25.88974   	29.72375   	27.15370   	12.63313725
16/05/2009 	26.00110   	29.41177   	27.53300   	12.62971904
17/05/2009 	25.69812   	30.40950   	27.95908   	12.74015192
18/05/2009 	26.31076   	30.18842   	28.39054   	12.83630542
19/05/2009 	26.43420   	30.03607   	28.18512   	13.01148719
20/05/2009 	26.21741   	29.87942   	28.24333   	13.17180264
21/05/2009 	25.77006   	29.59110   	28.08164   	13.42097290
22/05/2009 	26.47544   	29.28149   	27.93722   	13.63227361
23/05/2009 	25.98890   	28.80166   	27.50337   	14.18051517
24/05/2009 	25.88869   	28.60701   	27.17436   	14.69777169
25/05/2009 	25.95642   	28.14285   	26.86937   	15.45402879
26/05/2009 	25.96739   	29.68302   	27.26449   	15.66804284
27/05/2009 	26.10692   	29.48767   	27.41447   	15.21975207
28/05/2009 	25.87373   	30.01826   	27.41409   	15.22791314
29/05/2009 	24.36280   	29.07955   	26.78142   	15.49909453
30/05/2009 	24.99978   	28.88338   	26.77231   	15.74924966
31/05/2009 	25.92418   	28.66278   	26.95801   	16.08744433
01/06/2009 	25.96141   	28.78402   	26.96141   	16.53790450
02/06/2009 	25.95947   	29.09295   	27.00210   	16.54804057
03/06/2009 	26.06723   	29.99270   	27.15246   	15.96280754
04/06/2009 	26.25881   	30.51641   	26.96074   	15.35987061
05/06/2009 	26.43462   	31.43979   	27.16476   	14.60704805
06/06/2009 	26.37319   	31.73166   	27.25730   	14.29225614
07/06/2009 	26.53637   	31.47831   	27.71320   	14.19886218
08/06/2009 	26.72779   	30.49707   	28.04253   	14.53110691
09/06/2009 	26.92570   	31.23239   	28.22699   	14.96960574
10/06/2009 	26.72736   	30.68650   	27.97060   	15.17250870
11/06/2009 	26.99321   	30.79567   	28.39715   	15.41411769
12/06/2009 	27.58865   	29.76171   	28.20209   	15.61282722
13/06/2009 	27.78308   	30.77060   	28.37548   	15.93823135
14/06/2009 	27.28414   	29.91943   	28.04329   	16.33566336
15/06/2009 	27.14804   	29.02474   	27.77693   	16.73263288
16/06/2009 	27.44673   	30.98201   	28.19366   	16.94523700
17/06/2009 	27.06168   	30.52851   	27.76383   	17.04957942
18/06/2009 	27.10015   	29.84298   	27.81361   	16.90382799
19/06/2009 	27.05048   	29.67877   	27.95729   	16.88435586
20/06/2009 	27.02964   	29.16931   	27.90348   	16.77712361
21/06/2009 	26.71208   	28.75827   	27.62405   	16.65283241
22/06/2009 	27.01502   	30.94220   	28.18731   	16.58915915
23/06/2009 	27.39855   	31.12170   	28.36774   	16.70972172
24/06/2009 	27.64511   	30.79789   	28.60032   	17.15257859
25/06/2009 	27.69913   	31.68217   	28.77065   	17.48010802
26/06/2009 	28.01561   	31.67955   	28.98681   	17.91656264
27/06/2009 	28.29155   	31.80750   	29.16913   	18.47991999
28/06/2009 	28.51721   	31.81319   	29.22898   	19.03881756
29/06/2009 	28.61236   	31.77248   	29.29626   	19.67887453
30/06/2009 	28.70144   	31.81155   	29.37017   	20.42805862
01/07/2009 	28.76762   	31.72829   	29.30692   	20.89085805
02/07/2009 	28.71988   	31.49063   	29.30687   	21.17783177
03/07/2009 	28.69498   	29.54028   	28.97612   	21.20012657
04/07/2009 	28.54036   	29.35966   	28.85061   	21.14242661
05/07/2009 	28.57365   	29.80464   	28.94867   	21.45806821
06/07/2009 	28.39039   	30.37275   	29.17294   	21.35737701
07/07/2009 	27.99300   	30.05602   	29.08133   	20.69383613
08/07/2009 	28.04304   	30.34201   	29.24817   	20.40776948
09/07/2009 	28.00200   	30.20134   	29.06731   	19.82773066
10/07/2009 	27.49420   	30.42761   	28.84953   	19.31460404
11/07/2009 	27.40035   	29.22468   	28.04579   	18.47368383
12/07/2009 	27.34280   	30.71757   	28.15905   	18.22090570
13/07/2009 	26.64856   	29.42827   	27.76963   	18.60656532
14/07/2009 	25.80190   	29.12643   	27.31456   	19.08936254
15/07/2009 	24.77105   	29.12358   	27.24715   	19.55046419
16/07/2009 	25.84594   	29.41719   	27.31668   	19.73061820
17/07/2009 	24.69703   	29.35847   	27.35105   	19.84297291
18/07/2009 	26.48772   	29.88063   	28.33720   	19.75733614
19/07/2009 	26.22358   	29.83295   	28.46436   	19.54497663
20/07/2009 	27.45658   	30.08038   	29.03509   	19.50623747
21/07/2009 	27.02064   	29.97779   	28.50632   	19.41564469
22/07/2009 	25.69419   	29.73298   	28.10382   	19.55693475
23/07/2009 	25.33327   	29.55891   	27.69050   	19.51481338
24/07/2009 	25.26167   	29.36303   	27.64955   	19.48151012
25/07/2009 	25.77577   	29.65846   	27.73709   	19.50688354
26/07/2009 	25.54111   	28.60222   	27.20325   	19.31224155
27/07/2009 	24.37732   	29.38042   	26.79148   	19.64350740
28/07/2009 	24.93326   	29.06230   	26.74128   	19.71130602
29/07/2009 	24.65023   	28.95845   	26.31479   	19.83467182
30/07/2009 	24.96277   	28.61026   	26.87867   	19.94155566
31/07/2009 	24.46516   	28.41454   	26.27304   	19.54565684
01/08/2009 	23.38173   	27.79320   	25.78820   	19.50323288
02/08/2009 	24.77548   	28.36935   	26.66966   	19.62386080
03/08/2009 	23.87477   	27.66566   	25.86705   	19.59194493
04/08/2009 	23.72213   	27.54624   	25.47773   	19.67940851
05/08/2009 	23.27662   	27.34269   	25.22075   	19.89445194
06/08/2009 	23.83971   	27.77088   	25.48862   	20.25739789
07/08/2009 	23.77765   	28.01908   	25.85650   	20.64922595
08/08/2009 	24.37829   	28.14290   	26.13560   	20.84891931
09/08/2009 	25.42483   	28.27629   	26.39765   	20.80259438
10/08/2009 	25.80939   	28.65906   	26.52523   	20.80045275
11/08/2009 	25.85917   	29.33958   	26.90897   	20.85576785
12/08/2009 	26.01361   	28.75994   	26.95899   	20.78800015
13/08/2009 	26.13008   	30.36885   	27.33801   	20.62253300
14/08/2009 	26.18474   	30.24464   	27.02412   	20.60156441
15/08/2009 	25.83939   	28.21671   	26.71929   	20.62274524
16/08/2009 	25.49746   	28.76290   	27.04863   	20.58354616
17/08/2009 	25.38971   	28.70909   	27.05660   	20.54083033
18/08/2009 	25.26569   	28.59584   	26.75214   	20.37878656
19/08/2009 	25.22774   	28.39906   	26.58357   	20.33448402
20/08/2009 	25.06862   	29.88323   	26.77848   	20.40119064
21/08/2009 	25.19397   	29.24611   	26.84351   	20.41995124
22/08/2009 	25.25504   	30.27774   	27.10241   	20.08766552
23/08/2009 	26.02375   	29.89955   	26.92934   	20.12039340
24/08/2009 	26.19571   	29.96514   	27.19880   	20.17806149
25/08/2009 	26.26346   	29.10838   	27.26839   	20.34882128
26/08/2009 	26.25487   	29.31426   	27.21087   	20.10322090
27/08/2009 	26.04533   	28.73305   	27.10746   	20.09399017
28/08/2009 	26.05741   	29.64802   	28.19880   	20.00718657
29/08/2009 	27.58932   	30.05138   	28.97516   	19.64622561
30/08/2009 	26.68977   	29.79788   	28.28997   	19.18691285
31/08/2009 	26.49862   	29.79121   	28.45255   	19.06663426
01/09/2009 	26.61483   	30.01791   	29.17776   	19.05978143
02/09/2009 	28.39040   	29.97725   	29.48443   	18.80908593
03/09/2009 	28.03415   	29.86782   	29.14352   	18.79444436
04/09/2009 	28.56983   	29.64800   	29.05892   	18.43027763
05/09/2009 	28.79270   	29.52666   	29.19773   	17.83418640
06/09/2009 	28.00248   	29.45627   	28.93395   	17.11311603
07/09/2009 	27.74540   	29.19186   	28.52313   	16.75415542
08/09/2009 	26.88837   	29.37400   	28.31447   	16.76547499
09/09/2009 	26.61046   	28.99636   	28.08555   	17.12926773
10/09/2009 	27.92252   	29.17116   	28.26011   	16.87691752
11/09/2009 	27.80728   	29.21963   	28.49275   	16.37129817
12/09/2009 	27.95332   	29.05269   	28.41598   	16.25133890
13/09/2009 	27.70649   	29.25737   	28.48779   	16.05949074
14/09/2009 	28.05697   	30.05848   	28.75142   	15.88938906
15/09/2009 	27.81288   	30.33811   	28.84047   	15.95608010
16/09/2009 	27.54290   	30.45423   	29.04572   	16.02468584
17/09/2009 	28.05090   	30.20244   	29.28025   	15.83147399
18/09/2009 	28.13978   	30.47026   	29.24592   	15.51223266
19/09/2009 	28.41119   	30.48551   	29.36806   	15.69327354
20/09/2009 	28.80017   	30.87253   	29.77169   	16.05674732
21/09/2009 	29.05055   	31.08167   	29.85807   	16.13567992
22/09/2009 	29.18979   	30.94558   	29.81271   	16.36812079
23/09/2009 	29.28120   	32.84958   	29.93038   	16.41086996
24/09/2009 	29.36895   	32.29442   	30.02462   	16.32760157
25/09/2009 	29.54689   	31.49322   	30.04727   	16.27241397
26/09/2009 	29.33053   	30.75968   	29.87789   	16.26617440
27/09/2009 	29.33246   	29.93486   	29.64560   	16.32897401
28/09/2009 	29.36470   	29.91338   	29.64916   	16.44136250
29/09/2009 	29.47460   	30.01754   	29.76568   	16.39147421
30/09/2009 	28.94032   	29.92092   	29.62098   	16.23985505
01/10/2009 	28.47500   	30.23113   	29.48083   	16.01926967
02/10/2009 	28.61546   	30.22656   	29.15876   	15.21087376
03/10/2009 	28.06825   	30.83279   	29.48723   	15.45914181
04/10/2009 	28.02125   	32.29600   	30.02574   	15.23055506
05/10/2009 	26.24611   	30.09778   	28.34242   	14.16703310
06/10/2009 	25.53659   	30.41055   	28.09926   	14.12284531
07/10/2009 	27.02471   	31.24397   	29.20187   	14.70856388
08/10/2009 	25.94227   	30.42818   	28.53985   	14.34609503
09/10/2009 	26.71185   	31.17105   	28.44839   	13.55709231
10/10/2009 	27.11703   	30.42326   	27.96867   	13.44861460
11/10/2009 	27.28685   	30.50724   	28.19047   	13.59581143
12/10/2009 	27.30268   	31.25874   	28.99759   	12.66662014
13/10/2009 	27.81451   	31.62680   	28.89198   	11.44872530
14/10/2009 	27.20700   	30.26650   	27.93578   	11.19306803
15/10/2009 	26.64034   	32.20057   	27.88945   	10.52907139
16/10/2009 	26.93240   	32.68493   	29.24652   	10.46556445
17/10/2009 	28.52784   	32.64655   	30.52384   	10.26582656
18/10/2009 	28.12609   	32.71992   	29.74533   	10.30103880
19/10/2009 	28.12706   	31.34072   	28.95851   	10.30642343
20/10/2009 	27.89206   	31.88960   	28.64543   	10.00729674
21/10/2009 	27.75326   	29.29175   	28.30779   	 9.74926831
22/10/2009 	27.87409   	31.27798   	28.80696   	 9.95043697
23/10/2009 	28.10117   	31.00646   	29.07470   	10.23126189
24/10/2009 	28.05494   	31.12540   	28.88467   	10.19605074
25/10/2009 	28.76185   	32.00923   	29.91716   	11.22746334
26/10/2009 	30.08629   	32.18100   	31.32799   	12.17510756
27/10/2009 	28.95376   	32.20631   	30.41244   	11.71573045
28/10/2009 	28.95985   	31.69721   	30.63293   	11.81491123
29/10/2009 	29.20171   	32.00845   	30.74733   	11.94625896
30/10/2009 	28.43273   	31.42788   	30.00769   	11.78334202
31/10/2009 	28.45598   	31.11978   	29.74845   	11.67042665
01/11/2009 	28.47841   	31.29199   	29.80901   	11.74226707
02/11/2009 	28.22774   	31.31189   	29.96244   	11.87839894
03/11/2009 	28.43620   	31.36393   	29.88250   	11.55282905
04/11/2009 	28.44235   	31.98836   	30.48096   	11.59787865
05/11/2009 	28.55748   	31.93911   	30.48186   	11.36781879
06/11/2009 	28.79380   	31.61997   	30.28599   	11.18332666
07/11/2009 	29.54891   	31.80087   	30.77933   	11.20792820
08/11/2009 	28.52313   	31.62515   	30.20199   	10.71493711
09/11/2009 	28.26522   	31.07612   	29.32760   	10.05003472
10/11/2009 	28.20884   	30.55020   	29.22601   	10.02269109
11/11/2009 	28.47763   	30.07757   	29.13718   	 9.95340524
12/11/2009 	28.17023   	29.68736   	28.82429   	 9.66680922
13/11/2009 	27.54272   	30.26604   	28.96433   	 9.99391248
14/11/2009 	27.71705   	30.96884   	29.95753   	10.61952452
15/11/2009 	29.92981   	31.19939   	30.66244   	10.91272964
16/11/2009 	28.30590   	30.93238   	30.05404   	10.69396450
17/11/2009 	29.50767   	30.55853   	30.06700   	10.73611220
18/11/2009 	29.72944   	30.41993   	30.04019   	10.77388040
19/11/2009 	29.78663   	30.48858   	30.17883   	10.86276907
20/11/2009 	29.91965   	30.46932   	30.18712   	10.71302424
21/11/2009 	29.77497   	30.42622   	30.12643   	10.75580130
22/11/2009 	29.25336   	30.64247   	29.97874   	10.77525534
23/11/2009 	29.83212   	30.85421   	30.48047   	10.74430893
24/11/2009 	30.00986   	30.75256   	30.51534   	10.60261617
25/11/2009 	29.30234   	30.67027   	30.40580   	10.55718621
26/11/2009 	29.18205   	30.22091   	29.50201   	10.13855147
27/11/2009 	29.46356   	29.80839   	29.62536   	 9.90053948
28/11/2009 	29.36867   	29.69845   	29.49033   	 9.78388888
29/11/2009 	29.39893   	29.64762   	29.50210   	 9.71408282
30/11/2009 	29.37021   	29.68575   	29.53514   	 9.43437376
01/12/2009 	27.95208   	29.64656   	29.25460   	 8.81223351
02/12/2009 	27.32500   	29.11702   	28.34943   	 7.88537403
03/12/2009 	26.48017   	29.74371   	27.96767   	 8.14430940
04/12/2009 	25.54192   	29.53438   	27.74624   	 8.24319916
05/12/2009 	24.58962   	29.71464   	27.54764   	 8.05066583
06/12/2009 	25.59643   	29.72776   	27.69077   	 8.33245639
07/12/2009 	26.46646   	29.68138   	28.54310   	 8.69421049
08/12/2009 	26.48516   	29.49701   	28.28159   	 8.62873868
09/12/2009 	25.34030   	29.17197   	27.38153   	 8.33085497
10/12/2009 	25.85593   	28.84882   	27.54708   	 8.52606185
11/12/2009 	24.01596   	28.54685   	26.25110   	 8.29046681
12/12/2009 	24.24767   	27.31616   	25.42624   	 7.75624579
13/12/2009 	22.86617   	26.40641   	24.61656   	 6.98682046
14/12/2009 	21.23891   	27.07218   	24.32205   	 6.43605854
15/12/2009 	20.42612   	27.17859   	23.75158   	 5.91050689
16/12/2009 	20.27802   	28.35489   	24.31883   	 6.14219565
17/12/2009 	20.57568   	28.92659   	24.40110   	 5.73643403
18/12/2009 	21.31253   	28.82978   	25.44555   	 5.85076295
19/12/2009 	20.91112   	27.00209   	24.63496   	 5.01204163
20/12/2009 	23.13847   	30.96688   	26.37397   	 5.17142284
21/12/2009 	22.89497   	30.52669   	26.15783   	 4.92310223
22/12/2009 	22.42147   	30.82687   	26.82063   	 4.92396411
23/12/2009 	23.94567   	30.82698   	27.45719   	 4.97783353
24/12/2009 	24.06393   	30.25261   	27.60399   	 4.76856718
25/12/2009 	26.44218   	30.20967   	28.44679   	 4.94035639
26/12/2009 	26.20812   	29.76245   	28.01528   	 4.80409972
27/12/2009 	28.13856   	30.05236   	29.37210   	 5.08881917
28/12/2009 	27.85595   	30.31764   	29.36746   	 4.98535747
29/12/2009 	26.28804   	29.84022   	28.13481   	 4.41236286
30/12/2009 	25.11777   	29.00471   	27.16359   	 3.80963746
31/12/2009 	24.19869   	28.19142   	26.24599   	 3.42907087
01/01/2010 	24.00695   	28.31788   	25.81376   	 3.30000429
02/01/2010 	22.62356   	28.85039   	25.33285   	 2.91479847
03/01/2010 	22.64936   	28.84786   	25.26695   	 2.60212624
04/01/2010 	22.29641   	28.93660   	25.19320   	 2.32771294
05/01/2010 	23.03955   	28.81475   	25.43071   	 2.50616968
06/01/2010 	22.65137   	29.04130   	25.34978   	 2.57449853
07/01/2010 	21.48595   	29.24449   	25.09066   	 2.43126551
08/01/2010 	20.97705   	28.43477   	24.66775   	 2.17481863
09/01/2010 	21.35151   	27.64936   	24.24829   	 1.30541692
10/01/2010 	20.09098   	26.15756   	23.85558   	 1.18935475
11/01/2010 	22.55212   	28.49601   	25.39353   	 2.16744770
12/01/2010 	20.84459   	28.40531   	24.91446   	 2.04142570
13/01/2010 	19.96085   	28.99782   	24.27673   	 1.44918370
14/01/2010 	21.64345   	30.06227   	26.43248   	 2.18514162
15/01/2010 	22.95050   	28.62585   	25.80585   	 1.91121789
16/01/2010 	21.33304   	27.25296   	24.35213   	 1.54019547
17/01/2010 	21.98508   	30.45011   	26.96830   	 2.13527884
18/01/2010 	23.83021   	29.17413   	26.62725   	 2.16098694
19/01/2010 	23.77575   	28.76885   	26.13923   	 2.17741337
20/01/2010 	22.36242   	28.11714   	24.75693   	 1.99347583
21/01/2010 	22.09275   	27.40529   	24.30473   	 1.87075127
22/01/2010 	21.60276   	26.43532   	23.33425   	 1.53160118
23/01/2010 	20.74342   	27.72185   	24.17694   	 1.78290070
24/01/2010 	21.38277   	28.79090   	25.14512   	 1.94045937
25/01/2010 	23.08171   	28.37301   	25.91869   	 1.99105780
26/01/2010 	23.89145   	27.76907   	25.62587   	 1.62735890
27/01/2010 	23.29526   	27.89413   	25.83209   	 1.45191899
28/01/2010 	23.15983   	29.41323   	26.33872   	 1.61922702
29/01/2010 	22.75163   	30.00897   	25.71556   	 1.56453302
30/01/2010 	23.46310   	29.31863   	26.04883   	 1.51388392
31/01/2010 	23.46554   	27.53939   	25.29242   	 1.40103608
01/02/2010 	23.90315   	30.09705   	25.71981   	 1.50964779
02/02/2010 	23.22363   	29.49959   	25.57424   	 1.59292955
03/02/2010 	23.32913   	29.38938   	25.66702   	 1.73825663
04/02/2010 	21.69573   	27.75634   	24.53201   	 1.62307892
05/02/2010 	21.56301   	27.10611   	23.74516   	 1.75531776
06/02/2010 	21.67570   	27.73055   	24.55876   	 2.00404958
07/02/2010 	22.06249   	26.94813   	24.06080   	 1.94565397
08/02/2010 	21.95589   	26.73940   	24.31924   	 1.71365822
09/02/2010 	23.30146   	28.34239   	25.74747   	 1.72668956
10/02/2010 	22.60386   	28.13187   	25.65622   	 1.44721790
11/02/2010 	22.42478   	28.38183   	25.53823   	 1.05518897
12/02/2010 	22.74665   	28.01528   	25.76571   	 0.81822320
13/02/2010 	23.11318   	28.06703   	25.51730   	 0.50930215
14/02/2010 	22.57165   	28.31339   	25.08224   	 0.33885982
15/02/2010 	21.88382   	27.68464   	24.57047   	 0.14720478
16/02/2010 	21.73047   	29.22038   	23.95373   	 0.12803454
17/02/2010 	20.59748   	30.31576   	25.29295   	 0.86578584
18/02/2010 	21.07923   	30.12350   	25.82166   	 1.12096713
19/02/2010 	22.42069   	30.59269   	26.71296   	 1.48056501
20/02/2010 	24.51454   	30.58077   	27.60532   	 1.67680547
21/02/2010 	23.44020   	29.63183   	26.60774   	 1.57652192
22/02/2010 	23.99055   	29.32301   	27.05928   	 1.74540731
23/02/2010 	24.86638   	29.30622   	27.05397   	 1.79908187
24/02/2010 	23.53229   	27.76796   	25.86769   	 1.76866810
25/02/2010 	23.89472   	29.49417   	26.76821   	 1.98075202
26/02/2010 	23.93327   	30.80268   	27.58037   	 2.28967191
27/02/2010 	26.22486   	30.71927   	28.82110   	 2.55599993
28/02/2010 	24.06586   	30.52947   	28.13996   	 2.74943317
01/03/2010 	26.03142   	29.43863   	27.79431   	 2.97801747
02/03/2010 	25.60823   	29.39524   	27.24418   	 3.01355999
03/03/2010 	23.67134   	27.28961   	25.88396   	 3.05678827
04/03/2010 	23.82137   	26.82627   	25.17922   	 3.03951178
05/03/2010 	23.70797   	28.01811   	25.33340   	 3.02163923
06/03/2010 	23.77879   	28.92384   	25.71267   	 2.82715405
07/03/2010 	21.72204   	25.80601   	23.68443   	 2.39295964
08/03/2010 	21.57833   	25.19863   	23.00227   	 2.53139030
09/03/2010 	20.19433   	26.70341   	23.20986   	 2.42501156
10/03/2010 	20.35042   	28.17570   	24.22423   	 2.58714361
11/03/2010 	21.07800   	29.90630   	25.94393   	 2.78033529
12/03/2010 	21.39991   	29.62760   	25.85758   	 2.84002324
13/03/2010 	21.31207   	28.32378   	25.14055   	 2.91559741
14/03/2010 	20.65712   	28.16792   	24.44594   	 3.05731406
15/03/2010 	20.39622   	27.65826   	23.89024   	 3.26007979
16/03/2010 	19.28354   	27.21494   	23.47258   	 3.60402006
17/03/2010 	20.06814   	28.28386   	23.44061   	 3.88498842
18/03/2010 	19.77971   	28.37181   	24.12390   	 4.19821123
19/03/2010 	20.77985   	29.72852   	24.75495   	 4.42626655
20/03/2010 	21.55974   	30.24352   	26.14302   	 4.72571715
21/03/2010 	22.16431   	29.42050   	26.04285   	 5.11199482
22/03/2010 	22.11326   	28.45808   	25.00298   	 5.47458076
23/03/2010 	22.01146   	29.19128   	25.47165   	 5.62558122
24/03/2010 	22.11527   	27.92224   	25.16229   	 5.84049738
25/03/2010 	22.90085   	28.25986   	25.65661   	 5.99147007
26/03/2010 	23.23530   	27.94444   	25.77626   	 6.23121985
27/03/2010 	23.34711   	28.61987   	25.88825   	 6.33491076
28/03/2010 	23.56249   	28.44951   	26.02908   	 6.42099256
29/03/2010 	23.11255   	28.63026   	25.81818   	 6.55408188
30/03/2010 	21.92333   	29.33525   	25.49495   	 6.80253441
31/03/2010 	23.68692   	30.48142   	27.15162   	 6.56506433
01/04/2010 	25.71146   	30.44123   	28.43388   	 6.29254427
02/04/2010 	25.50648   	30.20077   	28.13151   	 6.32733407
03/04/2010 	25.26864   	29.82219   	27.80800   	 6.52729765
04/04/2010 	25.03054   	29.51930   	27.73937   	 6.70355822
05/04/2010 	26.04861   	29.00567   	27.44297   	 6.87058035
06/04/2010 	25.86620   	28.76069   	27.21388   	 7.15604581
07/04/2010 	25.82975   	28.66978   	27.27183   	 7.42404869
08/04/2010 	25.88999   	28.33517   	27.30561   	 7.66893273
09/04/2010 	25.43883   	28.15766   	26.93289   	 7.99670729
10/04/2010 	25.16090   	27.96148   	26.65492   	 8.21524836
11/04/2010 	24.26922   	27.51857   	26.09503   	 8.45647258
12/04/2010 	23.83437   	28.04938   	25.76278   	 8.52727252
13/04/2010 	23.88035   	28.13042   	25.76289   	 8.37602248
14/04/2010 	23.44803   	28.20465   	25.71879   	 8.36211736
15/04/2010 	23.78698   	28.38312   	26.02426   	 8.39726815
16/04/2010 	24.42422   	28.37406   	26.17881   	 8.54004816
17/04/2010 	24.16015   	28.46826   	25.84227   	 8.79389134
18/04/2010 	24.07366   	28.77852   	26.44106   	 9.08373453
19/04/2010 	24.57860   	29.43584   	26.66700   	 9.31955401
20/04/2010 	24.98418   	29.27294   	26.73574   	 9.35839198
21/04/2010 	25.41705   	29.34874   	26.63695   	 9.27298999
22/04/2010 	25.09099   	27.98030   	26.11091   	 9.27585936
23/04/2010 	25.18800   	28.37985   	26.36656   	 9.32538952
24/04/2010 	25.39060   	30.35936   	26.65907   	 9.45751494
25/04/2010 	25.54415   	29.55672   	26.75827   	 9.56950756
26/04/2010 	25.55479   	29.57986   	27.02382   	 9.71208239
27/04/2010 	26.07982   	30.90672   	27.58618   	10.14511724
28/04/2010 	26.48675   	29.85573   	27.42809   	10.64770301
29/04/2010 	26.47565   	30.67933   	28.05765   	11.01057514
30/04/2010 	27.03031   	30.04395   	28.12982   	11.35932279
01/05/2010 	27.08281   	29.77713   	28.11587   	11.47709072
02/05/2010 	27.32312   	30.25900   	28.34455   	11.59018030
03/05/2010 	27.50592   	30.12189   	28.42195   	10.41111255
04/05/2010 	26.96328   	30.44136   	28.23246   	 9.75877157
05/05/2010 	26.26618   	28.05415   	27.23110   	10.16950387
06/05/2010 	26.42537   	31.61456   	27.69787   	10.12612057
07/05/2010 	27.15903   	31.49624   	27.81715   	10.05245330
08/05/2010 	26.83130   	31.19714   	27.91369   	10.07212104
09/05/2010 	27.04587   	31.09637   	28.09344   	10.07958414
10/05/2010 	27.14131   	31.02824   	28.15336   	10.05853967
11/05/2010 	27.09308   	31.27239   	28.16221   	10.01346113
12/05/2010 	27.52146   	31.26844   	28.65216   	 9.41969434
13/05/2010 	27.62679   	31.52328   	28.66145   	 9.12290041
14/05/2010 	26.14236   	31.48558   	27.90099   	 9.38030494
15/05/2010 	26.58978   	31.42581   	27.83591   	 9.85532337
16/05/2010 	26.97584   	32.13986   	28.29828   	10.14128367
17/05/2010 	27.31746   	32.24324   	28.38061   	10.47954438
18/05/2010 	27.46537   	31.88189   	28.44559   	11.08397923
19/05/2010 	27.64612   	31.32907   	28.48738   	11.71667721
20/05/2010 	27.63238   	30.55831   	28.17990   	12.36836127
21/05/2010 	27.07353   	30.30235   	28.13265   	13.16696326
22/05/2010 	27.47129   	31.96760   	28.49202   	13.74785457
23/05/2010 	26.73054   	29.47279   	27.92718   	14.17308690
24/05/2010 	26.70140   	30.00049   	27.87714   	14.48436878
25/05/2010 	26.73072   	31.78221   	28.23826   	14.61440893
26/05/2010 	27.25875   	32.31770   	28.51945   	14.57495044
27/05/2010 	27.64870   	32.61335   	28.85712   	14.28524309
28/05/2010 	27.68631   	31.65356   	28.49587   	14.35365113
29/05/2010 	27.60362   	30.28032   	28.42410   	14.33892860
30/05/2010 	27.60410   	30.93563   	29.02311   	14.10395970
31/05/2010 	27.89180   	31.56522   	29.22670   	14.11673327
01/06/2010 	28.50583   	32.08770   	29.10797   	14.47657218
02/06/2010 	28.66421   	32.18621   	29.37092   	14.99644399
03/06/2010 	28.59669   	32.02082   	29.34317   	15.51949626
04/06/2010 	28.31025   	31.94657   	29.07287   	15.98793823
05/06/2010 	28.13799   	29.75818   	28.57315   	16.34839235
06/06/2010 	27.79343   	29.67752   	28.36072   	16.54105111
07/06/2010 	27.72347   	30.15118   	28.49631   	16.29911991
08/06/2010 	27.26941   	30.15469   	28.39109   	16.38315620
09/06/2010 	26.64224   	29.89999   	28.30345   	16.52335419
10/06/2010 	27.13151   	31.33323   	28.67310   	16.90150378
11/06/2010 	27.29527   	30.82460   	28.39393   	17.14376056
12/06/2010 	27.78875   	30.82241   	28.53261   	17.29333965
13/06/2010 	27.65842   	30.73411   	28.66843   	17.13676906
14/06/2010 	26.90452   	31.19988   	28.13821   	17.28272190
15/06/2010 	27.66259   	30.94106   	28.65235   	16.88993041
16/06/2010 	27.04539   	31.38144   	28.56342   	16.37488584
17/06/2010 	26.77046   	32.12444   	28.55027   	16.23847411
18/06/2010 	27.61790   	32.39226   	28.86497   	16.06366110
19/06/2010 	27.91719   	32.29203   	29.37666   	15.37745051
20/06/2010 	28.27567   	32.47891   	30.11130   	14.42046841
21/06/2010 	28.69855   	32.43272   	29.95957   	14.24313559
22/06/2010 	28.79013   	31.95596   	29.86220   	14.71423968
23/06/2010 	28.63683   	31.60185   	29.52744   	15.41807125
24/06/2010 	28.71404   	31.35468   	29.48981   	16.20464132
25/06/2010 	29.01793   	32.69833   	29.83981   	16.75221914
26/06/2010 	29.00120   	32.79774   	30.14170   	17.68142688
27/06/2010 	28.99837   	32.83707   	30.06356   	18.28065566
28/06/2010 	28.90958   	32.88111   	30.19062   	19.00215089
29/06/2010 	29.30242   	32.78289   	30.33716   	19.47295892
30/06/2010 	29.25842   	32.35603   	30.44524   	19.76510052
01/07/2010 	29.33812   	32.93058   	30.44992   	20.00626838
02/07/2010 	29.33859   	32.98385   	30.36659   	20.38888450
03/07/2010 	29.50710   	32.71735   	30.35477   	20.89687355
04/07/2010 	29.68540   	31.70334   	30.27560   	21.26595891
05/07/2010 	29.62300   	30.39394   	30.02718   	21.24540277
06/07/2010 	29.77489   	30.71365   	30.13520   	21.33918305
07/07/2010 	29.76330   	30.71368   	30.08266   	20.96573790
08/07/2010 	29.63068   	30.24708   	29.88918   	20.67503301
09/07/2010 	29.64544   	30.59235   	30.05139   	21.00453313
10/07/2010 	29.80732   	31.53086   	30.23338   	21.46847097
11/07/2010 	29.81317   	32.83851   	30.61218   	21.89101287
12/07/2010 	29.71264   	32.18032   	30.65265   	22.06104287
13/07/2010 	29.77885   	31.87806   	30.58932   	21.76375922
14/07/2010 	29.83947   	31.94939   	30.71463   	21.94566822
15/07/2010 	29.69438   	30.93315   	30.16819   	21.48844902
16/07/2010 	29.43571   	30.74068   	29.99892   	20.78820276
17/07/2010 	28.97684   	30.93446   	29.92326   	20.48945590
18/07/2010 	28.97947   	30.88751   	29.74968   	20.42957683
19/07/2010 	28.78169   	30.69172   	29.57265   	20.53397763
20/07/2010 	28.88713   	31.21923   	29.72204   	20.42115045
21/07/2010 	29.00752   	30.11578   	29.52535   	20.72017773
22/07/2010 	29.21266   	30.20899   	29.61355   	20.66460685
23/07/2010 	29.27378   	30.26125   	29.59186   	20.67920085
24/07/2010 	29.27788   	31.24062   	29.83715   	20.45913621
25/07/2010 	29.43530   	30.28783   	29.80511   	20.43068182
26/07/2010 	29.69172   	30.31150   	29.85833   	20.31988700
27/07/2010 	29.63244   	30.60362   	29.95499   	20.18316535
28/07/2010 	29.60100   	30.14399   	29.87508   	20.39606329
29/07/2010 	29.67281   	30.82013   	30.03846   	20.35056857
30/07/2010 	29.63767   	31.01279   	30.08707   	20.30471253
31/07/2010 	29.36497   	30.54313   	29.82404   	20.32649469
01/08/2010 	29.14199   	29.87938   	29.54122   	20.41480708
02/08/2010 	29.16912   	31.13625   	29.64915   	20.49262019
03/08/2010 	29.32924   	30.86256   	29.58011   	20.60111531
04/08/2010 	28.62028   	29.71567   	29.28012   	20.56048834
05/08/2010 	28.63195   	29.87211   	29.13311   	20.37154496
06/08/2010 	28.54762   	29.61096   	28.99445   	20.14927208
07/08/2010 	28.12280   	29.24442   	28.68444   	20.00813945
08/08/2010 	27.89551   	29.50547   	28.49070   	19.90811276
09/08/2010 	27.93469   	31.11447   	28.74028   	19.62370630
10/08/2010 	27.89727   	29.98627   	28.48662   	19.78763449
11/08/2010 	27.76139   	30.52623   	28.53863   	19.80070003
12/08/2010 	27.83062   	30.12597   	28.49575   	19.76368237
13/08/2010 	27.46705   	29.86812   	28.25937   	19.63031916
14/08/2010 	27.23131   	28.96129   	27.98051   	19.58714497
15/08/2010 	27.10490   	28.49704   	27.74285   	19.25233702
16/08/2010 	26.17432   	28.25388   	27.32990   	19.10077004
17/08/2010 	25.98256   	28.77872   	27.13385   	19.48250727
18/08/2010 	25.93841   	28.38281   	27.07663   	19.35920362
19/08/2010 	25.53517   	28.47639   	26.95394   	19.14926350
20/08/2010 	24.40574   	28.24022   	26.65663   	18.98676678
21/08/2010 	24.91064   	29.16856   	27.27335   	19.26527659
22/08/2010 	24.47845   	29.93668   	27.40042   	19.47534359
23/08/2010 	24.35012   	29.35486   	27.50873   	19.57170884
24/08/2010 	27.32081   	29.62840   	28.85805   	19.47817691
25/08/2010 	26.29403   	29.61712   	28.24406   	18.91353079
26/08/2010 	25.71305   	29.28125   	27.53552   	18.04890440
27/08/2010 	24.76775   	28.28624   	26.43799   	16.92074045
28/08/2010 	24.68892   	26.66200   	25.63701   	16.36834790
29/08/2010 	24.57211   	27.66381   	25.70940   	16.63122010
30/08/2010 	24.97424   	30.55023   	26.51192   	15.85053287
31/08/2010 	25.35106   	29.90616   	26.46365   	15.55474822
01/09/2010 	24.07147   	28.36270   	25.14180   	15.69962231
02/09/2010 	22.56124   	26.42106   	23.95863   	15.96102810
03/09/2010 	22.57254   	25.81699   	23.45441   	16.08949433
04/09/2010 	21.38389   	27.35245   	23.64788   	16.31544584
05/09/2010 	20.43642   	25.52806   	22.86849   	16.28203346
06/09/2010 	18.88908   	26.40236   	22.41624   	16.12707410
07/09/2010 	17.88763   	26.87545   	22.21625   	15.89695144
08/09/2010 	19.63055   	28.66396   	24.19720   	16.16838251
09/09/2010 	20.90314   	29.63034   	25.44460   	16.55753760
10/09/2010 	21.59926   	28.48931   	24.65290   	16.59658555
11/09/2010 	20.89939   	28.40112   	24.88847   	16.90609582
12/09/2010 	21.92367   	28.52315   	25.17645   	17.18110967
13/09/2010 	22.03304   	27.81041   	24.74045   	17.10901924
14/09/2010 	22.52142   	28.87995   	26.25490   	17.33002865
15/09/2010 	24.62757   	29.32823   	27.31697   	17.16577228
16/09/2010 	23.75264   	29.37763   	26.75421   	16.67311935
17/09/2010 	22.84049   	28.76710   	26.65256   	16.45705108
18/09/2010 	21.51966   	28.19016   	25.04460   	15.63124255
19/09/2010 	21.76447   	27.21894   	25.02109   	15.37521797
20/09/2010 	22.84661   	27.75870   	25.91630   	15.52438899
21/09/2010 	22.70617   	27.81808   	25.48250   	15.52675970
22/09/2010 	19.29693   	27.08328   	24.14400   	15.46251518
23/09/2010 	19.54635   	26.94492   	23.53497   	15.56133737
24/09/2010 	20.20981   	28.00604   	24.15925   	15.87461307
25/09/2010 	21.35759   	28.50649   	24.75962   	15.44781003
26/09/2010 	21.42306   	26.23763   	23.71536   	14.84001493
27/09/2010 	21.67106   	27.12729   	23.85233   	14.69921027
28/09/2010 	21.94010   	26.15613   	23.86414   	14.53302475
29/09/2010 	21.21566   	25.00106   	22.95937   	14.25349047
30/09/2010 	19.93001   	28.00146   	22.46407   	14.18219568
01/10/2010 	19.68344   	28.35791   	23.32621   	14.62138951
02/10/2010 	19.87144   	28.37276   	24.35173   	14.86363771
03/10/2010 	21.91980   	28.47019   	25.30157   	15.25269435
04/10/2010 	21.82687   	28.44480   	25.57285   	15.49054386
05/10/2010 	22.10732   	28.08704   	25.30050   	15.60201287
06/10/2010 	22.21661   	27.84717   	25.55188   	15.74495490
07/10/2010 	22.27932   	27.97670   	24.91240   	15.71444776
08/10/2010 	21.77080   	26.82174   	24.11235   	15.72505629
09/10/2010 	21.39800   	26.87993   	23.91788   	15.57909693
10/10/2010 	21.78039   	27.31831   	23.99798   	15.01390984
11/10/2010 	21.28844   	26.84768   	23.62192   	14.03352213
12/10/2010 	21.51397   	26.54364   	23.73588   	13.52962583
13/10/2010 	21.71643   	27.02589   	23.80595   	13.58903889
14/10/2010 	21.76626   	27.07085   	24.08882   	13.69852680
15/10/2010 	22.29720   	26.92246   	24.11639   	13.51998786
16/10/2010 	22.77642   	27.85988   	25.46675   	12.43312027
17/10/2010 	22.97497   	26.68461   	24.59396   	11.84547309
18/10/2010 	23.16941   	27.91315   	25.22553   	12.54443216
19/10/2010 	23.62360   	29.95065   	27.12012   	13.28835899
20/10/2010 	23.36723   	29.09969   	26.62407   	12.36464238
21/10/2010 	23.20332   	28.85765   	25.61753   	11.27436544
22/10/2010 	23.31617   	27.48118   	25.43318   	11.16357533
23/10/2010 	22.49057   	30.30397   	26.43468   	11.32319641
24/10/2010 	24.73303   	30.31116   	27.49916   	11.30536228
25/10/2010 	23.87577   	28.93936   	26.41062   	 9.53850310
26/10/2010 	23.35048   	29.03756   	25.00328   	 8.91377530
27/10/2010 	23.49364   	29.35176   	25.71641   	 9.76345023
28/10/2010 	24.00232   	29.25150   	26.81215   	10.54553165
29/10/2010 	23.16781   	29.17665   	26.22887   	10.51230452
30/10/2010 	24.75964   	29.17465   	27.63427   	10.99445748
31/10/2010 	24.16432   	29.12755   	27.12023   	10.93725679
01/11/2010 	25.00064   	28.70539   	26.73271   	10.93090701
02/11/2010 	24.62447   	27.79926   	26.54834   	10.91493515
03/11/2010 	26.08264   	29.02742   	27.93184   	11.36334761
04/11/2010 	25.97521   	29.24593   	28.19237   	11.55698685
05/11/2010 	26.51639   	29.67556   	28.30662   	11.80629885
06/11/2010 	26.38224   	29.45007   	27.76813   	11.67664534
07/11/2010 	25.27009   	28.27709   	27.10355   	11.17195582
08/11/2010 	25.00841   	26.69411   	25.91339   	 9.96275995
09/11/2010 	23.67218   	28.52168   	25.53915   	 9.34701544
10/11/2010 	23.45760   	27.90477   	25.28645   	 8.67976435
11/11/2010 	23.29757   	29.38729   	25.23928   	 8.49369466
12/11/2010 	28.65989   	31.29383   	30.48471   	10.49271744
13/11/2010 	26.35365   	31.27357   	29.18928   	 9.90717749
14/11/2010 	26.55759   	30.58338   	29.10965   	 9.85186199
15/11/2010 	26.39750   	30.43598   	28.99650   	 9.69321871
16/11/2010 	25.43501   	30.18906   	28.14784   	 9.34741167
17/11/2010 	24.40079   	29.40317   	26.99305   	 8.79980975
18/11/2010 	23.15739   	28.54283   	26.19176   	 8.33392082
19/11/2010 	23.01089   	27.95813   	25.61035   	 8.10896568
20/11/2010 	22.95889   	27.93977   	25.40300   	 7.92970961
21/11/2010 	22.48684   	27.76337   	25.10478   	 7.54587037
22/11/2010 	22.36412   	27.16633   	24.53316   	 7.38473273
23/11/2010 	22.72255   	26.93519   	24.65788   	 6.95352737
24/11/2010 	21.84937   	27.54362   	24.34343   	 6.52115539
25/11/2010 	22.10075   	27.49803   	24.61433   	 6.27512385
26/11/2010 	22.92709   	28.30892   	24.73358   	 5.79740716
27/11/2010 	22.23752   	27.46084   	24.05261   	 5.29087207
28/11/2010 	21.40668   	27.69829   	23.60648   	 4.92089246
29/11/2010 	20.52149   	28.00599   	23.90147   	 4.30830537
30/11/2010 	21.33107   	27.28912   	23.96047   	 4.20758549
01/12/2010 	20.33253   	26.82098   	23.35839   	 3.23041595
02/12/2010 	22.73464   	27.85974   	25.20902   	 3.80676577
03/12/2010 	23.31227   	28.73531   	25.58987   	 3.68779925
04/12/2010 	23.29723   	28.59736   	26.46312   	 3.78505731
05/12/2010 	24.69985   	30.84386   	28.20648   	 4.52918536
06/12/2010 	25.02420   	29.91985   	27.52661   	 4.14330045
07/12/2010 	24.83166   	29.04278   	26.89539   	 3.50402369
08/12/2010 	24.50453   	28.48183   	26.33389   	 2.97613681
09/12/2010 	25.09418   	29.59383   	26.63820   	 2.71143498
10/12/2010 	25.05939   	30.63076   	26.29579   	 2.30564039
11/12/2010 	25.11494   	29.20126   	26.04781   	 2.82719611
12/12/2010 	25.24241   	30.81670   	27.46299   	 3.84948470
13/12/2010 	25.70267   	29.57951   	26.74497   	 3.51585171
14/12/2010 	25.40734   	30.46919   	27.16799   	 2.81595453
15/12/2010 	25.54390   	30.43515   	27.42381   	 2.46252826
16/12/2010 	25.86659   	26.97564   	26.38246   	 2.73042492
17/12/2010 	25.37246   	27.05566   	26.14388   	 2.53511200
18/12/2010 	21.92184   	26.06701   	25.09095   	 2.15142026
19/12/2010 	21.51084   	27.52909   	24.83898   	 2.07224707
20/12/2010 	23.45025   	28.04999   	25.46651   	 2.01008306
21/12/2010 	23.39692   	27.40882   	25.14134   	 1.43609120
22/12/2010 	22.94332   	28.32283   	25.19595   	 0.49381229
23/12/2010 	22.65388   	28.46836   	25.02821   	 0.03544487
24/12/2010 	23.59731   	29.31239   	25.75740   	 0.29466958
25/12/2010 	24.19886   	29.78788   	25.99613   	-0.12311020
26/12/2010 	24.34515   	29.45524   	25.24068   	-0.07929980
27/12/2010 	23.85047   	26.56108   	24.76064   	 0.21717871
28/12/2010 	20.64847   	26.85699   	23.59841   	 0.25213819
29/12/2010 	20.84702   	26.44161   	23.39926   	 0.59658314
30/12/2010 	20.82992   	28.39698   	24.38471   	 1.08419924
31/12/2010 	21.95655   	27.52522   	24.57330   	 1.18142716
