date	smin	smax	smean	tmean
01/01/2009 	19.49489   	23.67743   	21.73538   	 2.36739067
02/01/2009 	19.45042   	23.75554   	21.58847   	 2.25967750
03/01/2009 	19.18720   	23.87873   	21.94353   	 2.06426104
04/01/2009 	18.80876   	23.79911   	20.45264   	 1.94567849
05/01/2009 	17.73096   	24.04475   	20.95955   	 1.68597992
06/01/2009 	21.43005   	24.34357   	23.13671   	 1.38826141
07/01/2009 	20.09417   	23.65441   	22.67575   	 1.34049093
08/01/2009 	20.70583   	23.38572   	22.53547   	 1.22903486
09/01/2009 	20.82121   	23.73086   	22.80253   	 1.22991828
10/01/2009 	20.58564   	23.84016   	22.62758   	 1.05981173
11/01/2009 	20.79136   	24.37078   	23.06439   	 0.98360337
12/01/2009 	21.79049   	27.77073   	24.30562   	 1.32866868
13/01/2009 	24.39219   	29.70479   	27.27517   	 2.47465599
14/01/2009 	23.82566   	29.52222   	26.68070   	 2.57790521
15/01/2009 	23.31314   	28.56303   	25.80791   	 2.40315691
16/01/2009 	23.31793   	27.43754   	25.43296   	 2.37229334
17/01/2009 	23.79597   	26.13256   	24.80648   	 2.41792967
18/01/2009 	23.18038   	27.90514   	25.28747   	 2.74133824
19/01/2009 	25.31250   	28.50224   	27.57901   	 2.96632350
20/01/2009 	26.83448   	29.78551   	28.53809   	 2.96315166
21/01/2009 	27.50504   	29.81296   	29.08924   	 2.88115848
22/01/2009 	27.34875   	29.71719   	28.92312   	 2.62474279
23/01/2009 	28.06019   	29.69563   	28.90497   	 2.59171550
24/01/2009 	27.00744   	28.57689   	27.96484   	 2.75020801
25/01/2009 	25.62003   	28.37373   	27.35641   	 2.76413519
26/01/2009 	25.94994   	28.09791   	27.47240   	 2.65907625
27/01/2009 	26.24004   	27.73366   	27.12927   	 2.47909932
28/01/2009 	25.77197   	26.92518   	26.49645   	 2.28046479
29/01/2009 	25.10587   	26.50618   	25.80687   	 2.06970873
30/01/2009 	24.59621   	25.92986   	25.16301   	 1.78397605
31/01/2009 	24.17886   	25.38244   	24.77972   	 1.46634356
01/02/2009 	23.42026   	24.86882   	24.29911   	 1.01924672
02/02/2009 	23.37033   	24.91382   	23.96276   	 0.63543416
03/02/2009 	23.78728   	25.19894   	24.61272   	 0.83188824
04/02/2009 	24.21066   	25.46134   	24.88675   	 0.95015841
05/02/2009 	24.35661   	26.12981   	25.28569   	 1.08289730
06/02/2009 	23.96078   	26.48398   	25.58150   	 1.35436149
07/02/2009 	23.74776   	26.17635   	25.11281   	 1.45863256
08/02/2009 	23.36174   	25.91566   	24.80052   	 1.48097894
09/02/2009 	22.01244   	25.94574   	24.52529   	 1.53754175
10/02/2009 	21.78669   	25.52442   	24.21381   	 1.63191595
11/02/2009 	21.24428   	24.78476   	23.29630   	 1.70388711
12/02/2009 	20.53534   	25.38991   	23.31311   	 1.87590854
13/02/2009 	19.91276   	25.53485   	23.29459   	 2.03959017
14/02/2009 	20.25122   	25.57302   	23.69604   	 2.03084805
15/02/2009 	20.13243   	25.30014   	23.45820   	 2.02062615
16/02/2009 	19.29481   	23.97514   	22.07687   	 2.20596354
17/02/2009 	20.21063   	23.67339   	22.50774   	 2.49875781
18/02/2009 	21.33660   	23.63270   	22.66692   	 2.64275656
19/02/2009 	20.41585   	22.72097   	21.89916   	 2.57355802
20/02/2009 	18.28692   	22.19018   	20.84490   	 2.69418174
21/02/2009 	18.19347   	22.40808   	20.61014   	 2.81647863
22/02/2009 	16.94455   	22.45674   	20.54594   	 3.04699007
23/02/2009 	16.55017   	21.49730   	18.92419   	 3.49155571
24/02/2009 	15.39665   	21.80172   	19.83001   	 3.83303945
25/02/2009 	16.78494   	21.34624   	19.89212   	 3.92505428
26/02/2009 	15.37105   	20.64091   	19.00433   	 4.12282464
27/02/2009 	15.00960   	20.69293   	17.79463   	 4.44526683
28/02/2009 	15.43523   	21.35935   	18.66022   	 4.68471035
01/03/2009 	16.64968   	21.61660   	19.76464   	 4.74103727
02/03/2009 	17.43076   	21.84580   	20.18528   	 4.83315344
03/03/2009 	19.11761   	22.20329   	21.01162   	 4.91482835
04/03/2009 	19.66512   	22.14200   	21.34608   	 4.75272766
05/03/2009 	20.18180   	23.94953   	22.03778   	 4.72697445
06/03/2009 	19.04629   	22.44350   	20.50191   	 4.83689693
07/03/2009 	18.71408   	22.75557   	20.49330   	 4.80309168
08/03/2009 	18.52612   	23.24672   	21.47536   	 4.90846391
09/03/2009 	18.11502   	23.86347   	21.72109   	 4.93144474
10/03/2009 	16.25735   	24.58868   	21.12399   	 4.93108886
11/03/2009 	17.78068   	23.42806   	20.57781   	 4.96145934
12/03/2009 	17.40335   	22.97339   	20.69073   	 5.11324975
13/03/2009 	17.34696   	23.34827   	20.86013   	 5.30017330
14/03/2009 	17.56101   	23.11186   	20.92615   	 5.48477571
15/03/2009 	16.96639   	22.17082   	20.13228   	 5.71768273
16/03/2009 	16.08933   	22.17602   	19.96272   	 5.99893338
17/03/2009 	16.53942   	21.96414   	19.92712   	 6.20354116
18/03/2009 	15.85410   	20.61133   	18.99549   	 6.39984989
19/03/2009 	17.07342   	20.58988   	19.36567   	 6.46554938
20/03/2009 	17.21902   	20.32208   	19.00057   	 6.63613599
21/03/2009 	17.83697   	21.93877   	20.12160   	 6.52600206
22/03/2009 	13.74572   	21.67182   	18.31065   	 6.55658323
23/03/2009 	12.18814   	19.92420   	16.04517   	 6.74376035
24/03/2009 	12.41115   	19.89347   	16.51497   	 6.65350153
25/03/2009 	13.26253   	20.89986   	18.35741   	 6.54305669
26/03/2009 	14.37051   	20.70889   	18.37142   	 6.52606513
27/03/2009 	14.43110   	22.06303   	19.03464   	 6.48060118
28/03/2009 	16.15166   	23.10304   	20.25739   	 6.36691475
29/03/2009 	16.49150   	22.63357   	19.40654   	 6.39833516
30/03/2009 	16.27457   	22.10193   	19.33449   	 6.36714021
31/03/2009 	16.45511   	22.01215   	19.77100   	 6.50151184
01/04/2009 	16.43841   	21.78251   	19.46870   	 6.77811241
02/04/2009 	16.27894   	21.45658   	19.62861   	 7.14944612
03/04/2009 	18.39049   	21.80855   	20.40662   	 7.51124789
04/04/2009 	18.43561   	22.11295   	20.44840   	 7.70087437
05/04/2009 	17.75737   	22.90075   	20.83921   	 7.82459540
06/04/2009 	17.58490   	23.54114   	21.24887   	 8.00671988
07/04/2009 	18.72955   	23.62188   	21.67122   	 8.25690279
08/04/2009 	19.04661   	23.32277   	22.02545   	 8.37232320
09/04/2009 	20.07563   	24.06944   	22.21805   	 8.48463076
10/04/2009 	19.78707   	24.15402   	22.24091   	 8.75760442
11/04/2009 	20.45972   	24.21815   	22.72241   	 9.01903492
12/04/2009 	20.57911   	23.99859   	22.56103   	 9.37311081
13/04/2009 	20.46276   	23.71165   	22.20437   	 9.71539195
14/04/2009 	20.40404   	23.70339   	22.24689   	 9.93898495
15/04/2009 	20.27870   	23.64355   	22.28456   	10.25490624
16/04/2009 	20.78370   	23.66387   	22.62730   	10.56665059
17/04/2009 	21.28857   	24.01309   	22.86909   	10.72745206
18/04/2009 	21.04891   	24.14513   	22.55355   	10.86747251
19/04/2009 	21.21629   	24.05239   	22.61862   	11.08947015
20/04/2009 	20.93980   	24.12155   	22.71095   	11.33733952
21/04/2009 	20.74155   	24.41716   	22.57608   	11.59017672
22/04/2009 	20.78813   	24.67109   	22.78310   	11.68226685
23/04/2009 	20.43855   	24.78486   	22.47199   	11.84003381
24/04/2009 	20.62981   	24.68114   	23.06724   	11.95955195
25/04/2009 	21.09550   	24.69000   	23.57711   	12.00915070
26/04/2009 	21.95634   	24.81006   	23.74777   	12.11738892
27/04/2009 	22.01165   	24.86049   	23.96074   	12.20643260
28/04/2009 	22.65001   	25.05091   	24.15063   	12.22069353
29/04/2009 	22.43503   	25.33098   	24.20956   	12.31990476
30/04/2009 	22.37570   	25.42837   	24.23822   	12.56451172
01/05/2009 	22.49296   	25.26611   	24.27700   	12.91403111
02/05/2009 	22.85525   	25.35504   	24.59394   	13.10141714
03/05/2009 	21.71561   	25.03212   	24.03589   	13.20589383
04/05/2009 	20.95877   	24.63575   	23.35439   	13.07293588
05/05/2009 	20.83663   	24.02668   	23.08325   	12.84660568
06/05/2009 	19.10891   	24.40839   	22.48650   	12.78890071
07/05/2009 	19.53730   	25.20872   	22.84371   	12.78886555
08/05/2009 	20.93771   	25.51908   	23.75746   	12.77120101
09/05/2009 	20.53132   	26.44044   	24.15643   	12.69225955
10/05/2009 	20.94619   	26.60166   	24.23818   	12.87385962
11/05/2009 	21.51425   	25.68085   	23.39699   	12.99263022
12/05/2009 	21.17468   	25.19976   	23.40682   	12.89540619
13/05/2009 	21.70479   	25.61540   	24.30645   	12.93445943
14/05/2009 	22.78243   	25.61299   	24.81427   	12.96249205
15/05/2009 	23.82048   	26.07023   	25.30077   	12.95439158
16/05/2009 	25.04757   	26.54362   	25.87412   	12.92144301
17/05/2009 	24.73387   	26.80791   	26.05390   	12.99365791
18/05/2009 	25.04423   	26.99438   	26.20221   	13.01183220
19/05/2009 	24.70319   	27.37740   	26.08617   	13.17482175
20/05/2009 	23.66833   	27.78171   	26.19348   	13.32668181
21/05/2009 	23.84480   	27.75285   	26.27469   	13.60859575
22/05/2009 	23.80683   	27.68821   	26.15701   	13.90440995
23/05/2009 	23.65028   	27.41781   	25.86843   	14.31394933
24/05/2009 	23.74116   	27.28273   	25.79633   	14.78444227
25/05/2009 	23.93375   	26.94454   	25.75087   	15.24008681
26/05/2009 	24.31841   	26.80951   	25.94104   	15.62642974
27/05/2009 	23.29786   	26.52320   	25.35402   	15.58651477
28/05/2009 	22.34979   	25.45994   	24.46754   	15.61879941
29/05/2009 	22.63753   	25.74608   	24.26818   	15.92542416
30/05/2009 	23.16679   	26.12850   	24.70921   	16.09812993
31/05/2009 	22.80113   	26.10134   	24.90707   	16.32461294
01/06/2009 	22.06583   	26.05331   	24.56925   	16.71077975
02/06/2009 	21.50100   	26.12453   	24.01826   	16.88608750
03/06/2009 	21.05698   	26.47594   	23.69532   	16.44788718
04/06/2009 	20.98973   	26.77700   	24.40743   	15.45458388
05/06/2009 	20.92012   	27.34149   	25.54734   	14.62318208
06/06/2009 	23.59729   	27.76910   	26.34614   	14.31041980
07/06/2009 	24.25372   	28.71276   	27.28944   	14.20494441
08/06/2009 	25.99242   	27.74479   	27.07908   	14.55124126
09/06/2009 	25.72883   	27.67982   	27.10808   	14.89275922
10/06/2009 	26.61396   	27.46219   	27.14917   	15.14975860
11/06/2009 	26.53135   	27.42145   	27.09805   	15.36381302
12/06/2009 	25.99425   	27.94787   	27.06607   	15.62318279
13/06/2009 	24.96668   	28.51372   	27.12674   	15.79341054
14/06/2009 	25.57136   	28.17325   	27.21882   	16.14558981
15/06/2009 	24.45079   	27.59131   	26.48655   	16.52894322
16/06/2009 	24.12125   	27.41149   	26.31040   	16.64413377
17/06/2009 	23.82541   	27.57327   	26.39317   	16.86656868
18/06/2009 	24.96855   	27.37264   	26.70219   	16.90635089
19/06/2009 	24.79307   	27.05636   	26.28582   	17.02517927
20/06/2009 	24.28022   	26.77108   	25.74095   	16.97527619
21/06/2009 	23.83205   	27.16848   	25.78350   	16.91795750
22/06/2009 	23.17323   	28.14748   	26.18490   	16.74821564
23/06/2009 	23.72255   	28.19373   	26.55818   	17.00395060
24/06/2009 	23.71567   	28.32897   	26.54833   	17.34625411
25/06/2009 	24.07039   	28.39657   	27.01937   	17.60212576
26/06/2009 	24.66851   	28.51368   	27.31641   	17.97821506
27/06/2009 	25.09125   	28.51813   	27.44369   	18.39144631
28/06/2009 	25.63747   	28.53108   	27.52851   	18.73186155
29/06/2009 	25.68895   	28.50027   	27.48491   	19.29572980
30/06/2009 	25.82996   	28.52745   	27.42387   	19.89828746
01/07/2009 	25.47003   	28.52957   	27.31552   	20.33378307
02/07/2009 	25.46062   	28.63534   	27.48610   	20.61922717
03/07/2009 	26.20039   	28.73622   	28.04581   	20.90245819
04/07/2009 	26.69093   	28.57172   	28.04650   	21.34254996
05/07/2009 	26.53086   	28.71145   	28.01146   	21.71830217
06/07/2009 	26.33152   	28.66500   	27.93682   	21.79271849
07/07/2009 	26.94495   	28.30274   	27.75730   	21.30465353
08/07/2009 	25.81847   	28.59589   	27.52267   	20.91510193
09/07/2009 	25.68316   	28.02089   	26.89648   	20.08922716
10/07/2009 	25.28440   	27.43031   	26.27081   	18.79127884
11/07/2009 	25.14468   	28.02473   	26.79213   	17.64198458
12/07/2009 	25.21930   	27.76510   	26.88851   	17.52047551
13/07/2009 	24.63754   	27.21813   	26.30565   	17.81849289
14/07/2009 	23.28078   	27.25204   	25.64227   	18.51120933
15/07/2009 	23.68439   	26.72682   	25.65177   	19.13240103
16/07/2009 	23.63517   	26.30968   	25.24600   	19.44896126
17/07/2009 	23.57253   	26.51309   	25.48746   	19.68910996
18/07/2009 	24.01640   	26.51397   	25.61521   	19.60058983
19/07/2009 	22.87642   	27.11693   	25.57558   	19.40535669
20/07/2009 	23.05054   	27.37535   	25.97716   	19.27180692
21/07/2009 	22.51681   	28.04918   	26.09013   	19.32232515
22/07/2009 	23.49646   	27.99445   	26.13923   	19.50151694
23/07/2009 	23.12254   	27.48188   	25.81310   	19.52307653
24/07/2009 	23.59195   	27.18093   	25.74548   	19.41681210
25/07/2009 	22.64062   	27.11813   	25.26110   	19.31976453
26/07/2009 	22.35815   	26.52143   	24.75423   	19.28372665
27/07/2009 	22.36344   	26.22485   	24.78119   	19.39956514
28/07/2009 	22.08713   	25.93509   	24.54979   	19.51002387
29/07/2009 	21.47777   	25.66568   	24.27444   	19.69542003
30/07/2009 	21.36382   	25.27937   	24.12504   	19.66445951
31/07/2009 	20.88449   	24.65042   	23.34611   	19.39859418
01/08/2009 	22.06410   	24.96009   	23.85807   	19.43781082
02/08/2009 	22.42146   	25.36414   	24.16411   	19.52089965
03/08/2009 	22.00246   	25.06182   	23.78738   	19.50491671
04/08/2009 	21.78474   	25.33639   	23.90213   	19.70346193
05/08/2009 	21.97274   	25.15431   	24.00214   	19.96699337
06/08/2009 	22.43982   	24.97367   	24.23423   	20.26320978
07/08/2009 	22.80895   	25.03118   	24.40423   	20.48468463
08/08/2009 	23.24290   	25.17910   	24.46128   	20.59223616
09/08/2009 	23.38290   	25.43280   	24.56543   	20.67618636
10/08/2009 	23.27470   	25.76230   	24.84672   	20.77266781
11/08/2009 	23.45163   	25.70180   	25.00034   	20.91174209
12/08/2009 	23.31904   	26.02502   	25.01045   	20.86419090
13/08/2009 	23.08401   	26.32409   	25.15791   	20.73238353
14/08/2009 	23.14687   	26.87378   	25.51965   	20.67575693
15/08/2009 	24.55366   	26.46085   	25.82159   	20.48431734
16/08/2009 	23.57356   	25.57213   	25.09060   	20.46619221
17/08/2009 	22.72270   	25.78127   	24.89928   	20.52322185
18/08/2009 	22.77051   	25.95690   	24.67667   	20.46408165
19/08/2009 	22.82576   	26.18198   	24.94741   	20.57885997
20/08/2009 	23.43036   	26.09810   	25.27982   	20.65198851
21/08/2009 	24.16043   	25.87276   	25.23195   	20.57790446
22/08/2009 	24.07854   	25.96981   	25.25250   	20.45932456
23/08/2009 	24.16822   	26.52150   	25.63705   	20.39008550
24/08/2009 	24.74500   	26.75554   	25.92807   	20.34229581
25/08/2009 	25.35720   	26.23570   	25.95779   	20.45728592
26/08/2009 	24.65286   	26.45369   	25.90089   	20.18781777
27/08/2009 	24.15408   	26.44145   	25.81684   	19.93940369
28/08/2009 	23.98683   	25.95456   	25.35001   	19.52718977
29/08/2009 	22.00437   	26.68546   	24.90159   	18.64632686
30/08/2009 	23.37135   	26.32337   	25.07038   	17.96080605
31/08/2009 	24.11024   	27.44584   	26.34996   	17.68945110
01/09/2009 	25.47809   	28.40955   	27.16463   	18.27709305
02/09/2009 	24.87186   	28.87746   	27.45621   	18.37657670
03/09/2009 	24.73400   	29.90404   	28.35426   	17.93245709
04/09/2009 	24.27027   	30.01476   	28.70705   	16.98827970
05/09/2009 	23.86178   	28.92220   	27.52108   	16.23908408
06/09/2009 	23.61142   	28.07747   	26.59106   	16.26094218
07/09/2009 	25.19393   	28.27449   	26.99514   	16.23596998
08/09/2009 	25.20609   	28.42735   	27.13733   	16.42160539
09/09/2009 	25.68824   	28.27029   	27.34963   	16.65896710
10/09/2009 	26.23930   	27.86002   	27.07366   	16.66574085
11/09/2009 	25.66390   	28.15357   	27.04033   	16.56354781
12/09/2009 	25.45774   	28.27951   	26.94940   	16.49186138
13/09/2009 	25.16183   	28.26832   	26.67376   	16.32893026
14/09/2009 	25.03222   	28.20878   	26.92625   	16.04980173
15/09/2009 	26.24421   	29.03123   	28.17617   	15.98527247
16/09/2009 	26.99924   	29.07018   	28.53250   	16.01747870
17/09/2009 	27.45207   	29.29980   	28.56224   	15.89936046
18/09/2009 	27.32580   	29.26632   	28.61888   	15.93294547
19/09/2009 	27.66617   	29.16209   	28.69952   	16.00724276
20/09/2009 	28.01524   	29.29655   	28.85333   	16.10146620
21/09/2009 	28.34490   	29.57780   	28.95531   	16.11227866
22/09/2009 	27.99625   	29.41979   	28.89419   	16.16910104
23/09/2009 	27.86127   	29.40879   	28.73535   	16.27853795
24/09/2009 	27.92034   	29.94330   	28.96984   	16.24469419
25/09/2009 	28.12648   	30.33182   	29.21748   	16.13830332
26/09/2009 	28.18100   	29.99707   	29.36219   	16.11798561
27/09/2009 	28.29546   	29.96879   	29.40663   	16.18566998
28/09/2009 	27.63679   	29.90329   	29.19709   	16.26480234
29/09/2009 	27.18539   	29.73713   	28.66884   	16.29688009
30/09/2009 	26.84220   	29.77559   	28.83867   	16.24504173
01/10/2009 	26.89250   	29.13532   	28.16292   	16.02537855
02/10/2009 	27.02914   	29.44545   	28.51124   	15.29434069
03/10/2009 	25.11062   	29.26589   	27.48703   	14.75396979
04/10/2009 	21.78667   	28.04886   	25.56064   	14.11925560
05/10/2009 	22.62358   	27.16500   	25.63795   	13.64677487
06/10/2009 	24.74001   	27.54357   	26.21098   	13.71061174
07/10/2009 	24.89430   	28.00595   	26.58323   	14.09582430
08/10/2009 	24.80432   	27.95860   	26.26412   	14.02550284
09/10/2009 	25.06746   	28.08549   	26.36945   	13.65509337
10/10/2009 	25.44469   	28.15371   	27.21561   	13.35915468
11/10/2009 	24.34739   	27.40130   	26.54495   	13.24290129
12/10/2009 	24.12277   	27.22302   	25.63505   	12.68206173
13/10/2009 	22.47746   	27.35610   	25.45546   	11.85708080
14/10/2009 	24.10061   	28.58992   	27.31265   	11.26965163
15/10/2009 	23.18358   	27.97847   	26.28990   	10.85938696
16/10/2009 	21.48441   	28.43372   	25.36526   	10.60237066
17/10/2009 	21.08733   	30.08821   	27.30735   	10.70649536
18/10/2009 	24.98346   	29.99984   	28.68716   	10.60709922
19/10/2009 	26.79544   	29.59941   	28.62402   	10.48181188
20/10/2009 	26.79875   	29.04883   	28.17912   	10.16196501
21/10/2009 	27.56278   	28.81042   	28.19461   	 9.78083376
22/10/2009 	27.75807   	28.34451   	27.99174   	 9.47153674
23/10/2009 	27.78674   	28.41179   	27.98478   	 9.54953591
24/10/2009 	27.80609   	28.59563   	28.16037   	 9.86707290
25/10/2009 	27.40592   	28.78815   	28.27994   	10.28464194
26/10/2009 	26.57868   	29.04190   	28.28334   	10.80756364
27/10/2009 	26.55449   	29.02195   	27.93117   	10.91084202
28/10/2009 	27.12704   	29.63417   	28.55964   	11.16948227
29/10/2009 	27.00231   	30.49292   	29.00861   	11.49614799
30/10/2009 	26.99620   	30.08681   	28.60364   	11.46210897
31/10/2009 	27.02168   	29.79734   	28.95043   	11.54461799
01/11/2009 	28.02301   	29.55931   	28.92698   	11.65897657
02/11/2009 	27.12733   	29.09730   	28.54666   	11.75672801
03/11/2009 	26.56963   	29.50778   	28.32473   	11.42466444
04/11/2009 	27.53860   	29.97908   	28.87665   	11.24766244
05/11/2009 	26.92045   	30.18903   	29.00839   	11.04745708
06/11/2009 	26.93644   	30.10070   	28.97879   	10.88030275
07/11/2009 	27.49221   	30.53191   	29.13913   	10.72166179
08/11/2009 	26.70244   	30.56819   	28.72989   	10.55869500
09/11/2009 	26.75437   	29.99615   	27.88932   	10.23485140
10/11/2009 	25.98845   	29.61909   	28.09678   	10.13637453
11/11/2009 	25.55792   	29.37198   	27.75171   	 9.94210847
12/11/2009 	25.93408   	28.97563   	27.90972   	 9.74004841
13/11/2009 	25.85933   	28.16599   	27.33744   	 9.66490416
14/11/2009 	26.01508   	28.81042   	27.66128   	10.16337067
15/11/2009 	25.82465   	30.85355   	28.88037   	10.56929056
16/11/2009 	25.82017   	30.77449   	29.01042   	10.59583865
17/11/2009 	25.81425   	30.23725   	28.81076   	10.57447056
18/11/2009 	26.34616   	30.06436   	28.95920   	10.48320224
19/11/2009 	25.57697   	30.09741   	29.16533   	10.84464572
20/11/2009 	28.06945   	30.21466   	29.45673   	10.54953899
21/11/2009 	26.81340   	30.02045   	29.02945   	10.48118573
22/11/2009 	27.22243   	30.30388   	28.95552   	10.63813174
23/11/2009 	28.19887   	30.44739   	29.71522   	10.42342720
24/11/2009 	27.43836   	30.43379   	29.60710   	10.12907753
25/11/2009 	29.83106   	30.56731   	30.44784   	10.44709456
26/11/2009 	29.99902   	30.51391   	30.32282   	 9.94917848
27/11/2009 	29.65409   	30.09919   	29.84986   	 9.51924624
28/11/2009 	28.90250   	29.88067   	29.50870   	 9.01034526
29/11/2009 	28.67026   	29.72614   	29.36070   	 8.74564749
30/11/2009 	27.85402   	29.38102   	28.98747   	 8.90736717
01/12/2009 	27.10619   	29.16414   	28.25351   	 8.60237233
02/12/2009 	27.16333   	28.90920   	27.88842   	 8.25590324
03/12/2009 	25.22507   	27.36990   	26.52847   	 8.07895403
04/12/2009 	24.27547   	27.49240   	25.95291   	 7.96929871
05/12/2009 	24.37759   	26.97812   	26.01491   	 7.81567708
06/12/2009 	23.90423   	27.22304   	25.84796   	 7.98107635
07/12/2009 	24.38950   	27.88684   	26.19800   	 8.25159401
08/12/2009 	23.81115   	28.06129   	26.46918   	 8.29531861
09/12/2009 	23.74363   	27.48669   	25.77250   	 8.16086686
10/12/2009 	23.00894   	27.20885   	25.29083   	 8.22472819
11/12/2009 	20.76256   	25.40821   	23.37839   	 8.07310760
12/12/2009 	19.78034   	24.67357   	22.79919   	 7.82316025
13/12/2009 	19.71809   	24.86530   	22.77064   	 7.44994122
14/12/2009 	19.70817   	24.04441   	22.41663   	 6.94478367
15/12/2009 	19.55955   	23.10192   	21.76057   	 6.29902990
16/12/2009 	19.51517   	22.58336   	21.42406   	 5.70433615
17/12/2009 	19.01015   	23.29196   	21.30944   	 5.37502243
18/12/2009 	19.38173   	23.67572   	21.57036   	 4.89479456
19/12/2009 	18.73887   	23.60543   	21.54417   	 4.33249526
20/12/2009 	19.89624   	23.84525   	22.12644   	 3.75698954
21/12/2009 	18.15966   	24.43190   	21.63630   	 3.43008278
22/12/2009 	20.86105   	25.54900   	23.50396   	 3.87453205
23/12/2009 	21.30405   	26.27452   	23.86981   	 3.96795383
24/12/2009 	22.93658   	26.69206   	25.26365   	 4.17346957
25/12/2009 	21.83238   	26.87021   	24.55776   	 3.84201105
26/12/2009 	22.40330   	25.68116   	23.96940   	 3.72859735
27/12/2009 	24.74301   	27.78698   	26.44369   	 4.45722708
28/12/2009 	23.78501   	28.62930   	26.88625   	 4.53075641
29/12/2009 	23.62172   	28.15801   	26.39255   	 4.26888102
30/12/2009 	23.57424   	28.13764   	26.66928   	 3.96754204
31/12/2009 	22.70792   	27.22583   	25.18913   	 3.35735353
01/01/2010 	21.02248   	25.50156   	23.51412   	 2.80750214
02/01/2010 	20.89542   	24.72009   	23.24348   	 2.57173496
03/01/2010 	20.58823   	24.37854   	22.91733   	 2.26337284
04/01/2010 	20.18683   	24.34666   	22.49026   	 2.04065433
05/01/2010 	19.44081   	23.98627   	22.32908   	 2.05386411
06/01/2010 	19.58843   	23.80317   	21.99842   	 2.00769240
07/01/2010 	19.31163   	23.67272   	21.77587   	 1.89315076
08/01/2010 	18.99555   	23.59007   	21.64422   	 1.71850705
09/01/2010 	16.47310   	22.93046   	19.93697   	 0.99751851
10/01/2010 	16.78217   	21.73789   	19.66538   	 0.76896631
11/01/2010 	17.94134   	23.64044   	21.73245   	 1.19738055
12/01/2010 	19.49722   	24.17212   	22.30288   	 1.35030913
13/01/2010 	19.01687   	24.32549   	22.86251   	 1.11023761
14/01/2010 	22.02455   	25.26314   	23.86505   	 1.27585101
15/01/2010 	22.14711   	24.97970   	23.70080   	 1.22237213
16/01/2010 	22.01182   	24.56852   	23.35161   	 1.19331291
17/01/2010 	22.50182   	25.96697   	24.11785   	 1.56444136
18/01/2010 	22.20717   	25.37528   	23.73865   	 1.63134536
19/01/2010 	21.81989   	25.22076   	23.43485   	 1.73671371
20/01/2010 	21.47611   	24.67469   	22.92331   	 1.62270433
21/01/2010 	21.49618   	24.32017   	23.25717   	 1.64259404
22/01/2010 	21.52280   	23.99337   	22.84868   	 1.46243448
23/01/2010 	21.91490   	23.26981   	22.53574   	 1.50355888
24/01/2010 	21.80538   	23.66473   	22.59726   	 1.50436706
25/01/2010 	21.60573   	24.26444   	23.00056   	 1.42416981
26/01/2010 	20.89450   	24.28712   	22.81384   	 0.89371879
27/01/2010 	20.91985   	23.89395   	22.74391   	 0.62724954
28/01/2010 	19.59389   	23.38313   	21.31071   	 0.54390133
29/01/2010 	18.37991   	23.65951   	20.92311   	 0.71189979
30/01/2010 	18.41410   	24.32911   	21.55681   	 0.79083263
31/01/2010 	18.50244   	23.93818   	22.03710   	 0.89029940
01/02/2010 	18.62466   	24.27366   	22.26144   	 0.98563376
02/02/2010 	19.46452   	24.17832   	22.22747   	 1.10381060
03/02/2010 	19.21221   	23.62570   	21.64859   	 1.19710616
04/02/2010 	19.13251   	23.68633   	22.02940   	 1.32506944
05/02/2010 	19.94593   	23.28058   	21.91557   	 1.46807941
06/02/2010 	20.13015   	22.82252   	21.83887   	 1.60078261
07/02/2010 	19.26937   	22.58839   	21.28138   	 1.59352126
08/02/2010 	19.65225   	22.86991   	21.80562   	 1.50153824
09/02/2010 	19.38032   	23.08330   	21.83425   	 1.27742785
10/02/2010 	17.86451   	22.79825   	20.97502   	 0.90062613
11/02/2010 	16.64118   	22.22592   	19.73018   	 0.58251620
12/02/2010 	16.56680   	23.18716   	20.10408   	 0.39880871
13/02/2010 	16.98621   	23.86454   	20.73606   	 0.06034475
14/02/2010 	18.32838   	23.91333   	21.94280   	-0.11142659
15/02/2010 	19.96662   	23.54432   	22.35161   	-0.21279422
16/02/2010 	20.38146   	22.82581   	22.10255   	-0.20869342
17/02/2010 	21.03540   	23.85763   	21.97333   	 0.07665511
18/02/2010 	21.31834   	24.92782   	22.78015   	 0.43380235
19/02/2010 	21.51238   	25.65157   	23.92861   	 1.01026700
20/02/2010 	21.70862   	25.28689   	23.47309   	 1.12399302
21/02/2010 	20.94390   	25.55936   	23.65243   	 1.19713052
22/02/2010 	22.23610   	25.88767   	24.44535   	 1.44220461
23/02/2010 	22.08974   	25.27929   	23.81733   	 1.50812836
24/02/2010 	24.19200   	25.81339   	25.03814   	 1.65167616
25/02/2010 	23.96163   	25.48351   	25.03006   	 1.87682279
26/02/2010 	23.97649   	25.79634   	24.79591   	 2.22326493
27/02/2010 	22.24181   	27.29653   	25.15266   	 2.50319791
28/02/2010 	22.67103   	27.74946   	25.29870   	 2.70868863
01/03/2010 	22.88226   	26.34909   	24.66501   	 2.84528967
02/03/2010 	22.23482   	26.35322   	24.27732   	 2.92979685
03/03/2010 	21.22362   	25.98483   	23.62438   	 2.98119615
04/03/2010 	19.75666   	25.25395   	22.57352   	 3.04634383
05/03/2010 	17.75167   	24.37196   	21.65237   	 3.04387811
06/03/2010 	15.93368   	24.59989   	21.30033   	 2.88594209
07/03/2010 	17.94371   	24.87432   	22.13792   	 2.68406823
08/03/2010 	16.95867   	22.34636   	20.16767   	 2.50271831
09/03/2010 	19.25059   	21.69193   	20.67256   	 2.37949458
10/03/2010 	17.53029   	21.10302   	20.01116   	 2.37689790
11/03/2010 	17.18611   	22.26112   	20.55599   	 2.46674343
12/03/2010 	16.50505   	22.45686   	20.23053   	 2.57689584
13/03/2010 	15.57495   	21.43647   	19.12537   	 2.73018274
14/03/2010 	14.96343   	21.43240   	18.43362   	 2.98381834
15/03/2010 	14.10517   	21.24182   	18.81329   	 3.32427899
16/03/2010 	15.42804   	21.55582   	19.64166   	 3.63564447
17/03/2010 	16.96323   	21.52133   	19.91289   	 3.87148035
18/03/2010 	17.42558   	22.35688   	20.14140   	 4.03991363
19/03/2010 	18.19761   	23.01555   	20.95183   	 4.38260185
20/03/2010 	19.49142   	24.29374   	22.27796   	 4.77580077
21/03/2010 	19.39033   	24.24151   	22.09921   	 5.30129587
22/03/2010 	19.24337   	24.00986   	21.93832   	 5.54584765
23/03/2010 	19.96625   	24.23447   	22.57866   	 5.67462209
24/03/2010 	21.17245   	24.19803   	22.82445   	 5.84990158
25/03/2010 	22.20749   	24.56088   	23.43686   	 6.08824225
26/03/2010 	20.99946   	24.71208   	23.39130   	 6.41342176
27/03/2010 	20.95942   	24.69300   	23.47403   	 6.57273156
28/03/2010 	20.88499   	24.68752   	23.39355   	 6.78969266
29/03/2010 	20.39522   	25.11469   	23.29690   	 6.99190090
30/03/2010 	20.64834   	24.92293   	23.25937   	 7.15987266
31/03/2010 	22.66382   	26.07054   	24.40478   	 7.00564281
01/04/2010 	22.21963   	27.12305   	24.55448   	 6.73459034
02/04/2010 	22.26595   	27.95744   	25.47061   	 6.52160262
03/04/2010 	23.22268   	27.96694   	26.37521   	 6.55773235
04/04/2010 	23.95747   	27.74335   	26.18730   	 6.79426094
05/04/2010 	22.90797   	27.17055   	25.48022   	 6.99251806
06/04/2010 	23.22411   	27.04741   	25.79349   	 7.18281331
07/04/2010 	25.30613   	27.13920   	26.28602   	 7.38358391
08/04/2010 	22.29728   	26.51701   	24.94895   	 7.79747888
09/04/2010 	21.93541   	26.24773   	24.52627   	 8.13850537
10/04/2010 	21.29841   	25.90296   	23.86170   	 8.53485189
11/04/2010 	20.73434   	25.15671   	22.86182   	 8.79049192
12/04/2010 	19.20765   	24.91570   	22.29576   	 8.82653105
13/04/2010 	18.83920   	24.42138   	21.99765   	 8.83459508
14/04/2010 	19.11744   	24.59505   	22.29636   	 8.89255454
15/04/2010 	19.62461   	24.62944   	22.77666   	 8.94587169
16/04/2010 	19.92773   	24.80914   	22.73805   	 9.04398020
17/04/2010 	19.67271   	24.74117   	23.21433   	 9.18238727
18/04/2010 	21.18401   	24.74496   	23.53555   	 9.43330075
19/04/2010 	21.09155   	25.57051   	23.60387   	 9.69061257
20/04/2010 	22.37875   	25.60482   	24.57099   	 9.81138933
21/04/2010 	21.12015   	25.55363   	23.25062   	 9.58885876
22/04/2010 	20.91026   	26.15106   	24.24466   	 9.20013821
23/04/2010 	23.24515   	25.94824   	25.26942   	 9.29004904
24/04/2010 	23.23286   	25.89758   	25.06818   	 9.58594894
25/04/2010 	23.32136   	26.19530   	25.28005   	 9.85862386
26/04/2010 	23.53463   	25.81122   	25.18109   	10.10247920
27/04/2010 	23.54865   	26.61618   	25.39834   	10.41007191
28/04/2010 	23.62577   	26.55719   	25.51687   	10.79364485
29/04/2010 	24.18118   	26.64195   	25.85924   	10.95541741
30/04/2010 	24.57210   	26.68946   	26.02419   	11.20473913
01/05/2010 	24.53217   	26.77930   	26.07487   	11.37530400
02/05/2010 	24.55270   	27.47046   	26.16459   	11.56750216
03/05/2010 	21.48315   	27.50307   	24.83675   	11.11585917
04/05/2010 	20.05935   	27.59292   	24.31439   	10.32972747
05/05/2010 	20.26078   	27.45664   	25.06268   	10.34668640
06/05/2010 	21.94866   	27.21236   	25.49081   	10.27907242
07/05/2010 	22.20888   	27.59772   	25.70482   	10.04480579
08/05/2010 	24.04575   	27.53591   	26.66165   	10.08530130
09/05/2010 	23.30126   	27.49543   	25.80387   	10.18854888
10/05/2010 	23.28541   	27.63259   	25.93471   	10.25224539
11/05/2010 	23.14812   	27.76259   	25.93159   	10.25958474
12/05/2010 	22.67154   	28.00167   	25.67924   	 9.90196391
13/05/2010 	20.87558   	28.44228   	25.90918   	 9.52833501
14/05/2010 	23.34985   	27.80901   	26.61445   	 9.58022461
15/05/2010 	23.97477   	27.49892   	26.40508   	 9.93405533
16/05/2010 	23.35650   	27.83535   	26.33303   	10.24323052
17/05/2010 	24.27140   	27.31190   	26.46745   	10.59212504
18/05/2010 	23.74778   	28.16685   	26.32953   	11.09581186
19/05/2010 	22.99577   	28.42981   	26.41563   	11.67643990
20/05/2010 	23.80782   	28.21529   	26.72952   	12.31076604
21/05/2010 	23.06833   	27.52055   	26.02933   	12.90584528
22/05/2010 	21.29473   	27.68158   	25.53251   	13.58468197
23/05/2010 	23.10432   	27.57243   	26.06495   	14.23295838
24/05/2010 	23.69645   	27.16277   	26.15515   	14.58690562
25/05/2010 	22.94396   	27.45105   	25.70914   	14.92391914
26/05/2010 	22.95067   	27.95658   	26.26733   	15.02243781
27/05/2010 	23.40164   	28.39894   	26.93127   	14.73557530
28/05/2010 	24.37657   	28.13861   	27.05558   	14.81014830
29/05/2010 	24.16133   	28.09839   	26.94953   	14.80845179
30/05/2010 	26.37852   	27.93921   	27.38107   	14.79562237
31/05/2010 	25.38734   	28.46293   	27.04252   	14.82160034
01/06/2010 	25.21525   	29.15687   	27.43694   	14.86264906
02/06/2010 	25.07850   	29.08151   	27.49360   	15.14556215
03/06/2010 	24.58607   	29.09900   	27.37560   	15.55471772
04/06/2010 	24.27016   	28.62572   	27.03709   	15.95606393
05/06/2010 	24.79228   	28.47201   	27.23753   	16.28864366
06/06/2010 	25.54449   	28.21076   	27.41067   	16.51680923
07/06/2010 	26.15299   	28.07859   	27.43085   	16.59785295
08/06/2010 	25.49086   	27.84996   	27.15373   	16.79109224
09/06/2010 	25.34537   	27.75948   	26.93333   	17.03856413
10/06/2010 	24.67678   	27.80837   	26.63765   	17.23867269
11/06/2010 	24.52456   	27.84209   	26.60410   	17.46935836
12/06/2010 	23.90899   	27.53680   	26.34633   	17.52862167
13/06/2010 	23.44043   	27.61128   	25.97357   	17.58924174
14/06/2010 	23.29744   	27.85039   	26.25084   	17.68797310
15/06/2010 	22.31121   	27.99791   	25.51964   	17.50995739
16/06/2010 	21.23501   	28.09562   	25.17379   	17.06081629
17/06/2010 	21.76818   	28.28484   	25.90976   	16.74171217
18/06/2010 	22.69342   	28.61897   	26.54357   	16.46496948
19/06/2010 	23.69285   	29.18273   	26.88266   	15.67859101
20/06/2010 	24.33244   	30.65135   	27.53874   	14.77345570
21/06/2010 	25.82139   	30.27166   	28.47258   	14.41547132
22/06/2010 	26.84867   	30.33468   	29.23248   	14.76722070
23/06/2010 	27.64909   	29.90995   	29.28288   	15.26800968
24/06/2010 	27.94530   	29.57250   	29.06159   	15.78565830
25/06/2010 	27.91687   	29.92253   	29.08594   	16.32087626
26/06/2010 	27.79790   	30.00719   	29.08518   	16.97110597
27/06/2010 	28.10592   	30.16495   	29.23828   	17.45137437
28/06/2010 	28.52910   	29.93503   	29.32740   	18.19955262
29/06/2010 	28.48808   	30.19433   	29.45727   	18.82605414
30/06/2010 	28.45887   	30.23546   	29.49972   	19.20089964
01/07/2010 	28.66275   	30.42924   	29.59585   	19.53869911
02/07/2010 	28.80936   	30.31880   	29.67812   	19.96372855
03/07/2010 	28.37790   	30.08228   	29.51572   	20.44402504
04/07/2010 	28.61297   	29.90506   	29.49968   	20.76133386
05/07/2010 	28.68628   	29.84534   	29.59927   	20.92655659
06/07/2010 	28.72541   	30.17565   	29.51093   	21.05760626
07/07/2010 	28.74701   	30.27578   	29.72209   	20.88556985
08/07/2010 	29.32278   	30.21172   	29.86389   	20.81998289
09/07/2010 	29.19185   	30.46631   	29.94909   	21.03544911
10/07/2010 	29.15794   	30.46132   	29.99638   	21.44930700
11/07/2010 	28.91076   	30.40999   	29.89022   	21.82694678
12/07/2010 	28.97395   	30.25719   	29.83141   	21.93272789
13/07/2010 	29.16861   	30.15284   	29.91803   	21.85667706
14/07/2010 	29.12925   	30.16580   	29.83049   	22.09859558
15/07/2010 	28.62857   	30.10030   	29.56435   	21.76678455
16/07/2010 	28.08657   	29.60520   	28.94687   	21.07965684
17/07/2010 	27.79788   	29.02468   	28.59055   	20.71721780
18/07/2010 	27.58844   	29.03221   	28.35751   	20.49567036
19/07/2010 	27.67979   	29.16418   	28.48324   	20.59556166
20/07/2010 	27.91834   	29.29136   	28.71828   	20.81561919
21/07/2010 	28.27772   	29.34419   	29.03121   	20.89164090
22/07/2010 	28.48926   	29.38340   	29.14830   	20.89715978
23/07/2010 	28.45071   	29.51772   	29.13882   	20.96923876
24/07/2010 	28.15137   	29.58910   	29.06996   	20.91550827
25/07/2010 	27.72609   	29.56129   	29.00773   	20.95697077
26/07/2010 	27.62318   	29.51812   	28.99127   	20.97133565
27/07/2010 	27.15693   	29.57526   	28.79272   	20.93428417
28/07/2010 	26.85627   	29.64487   	28.83095   	21.01157598
29/07/2010 	26.54753   	29.73773   	28.58464   	20.92604733
30/07/2010 	25.94657   	29.78298   	28.33268   	20.74433378
31/07/2010 	25.42370   	29.75410   	28.67742   	20.58643313
01/08/2010 	26.64147   	29.50608   	28.66267   	20.51060736
02/08/2010 	26.30775   	29.53087   	28.57619   	20.54554133
03/08/2010 	26.34341   	29.23759   	28.29758   	20.59183355
04/08/2010 	27.56568   	29.20512   	28.67690   	20.46240628
05/08/2010 	26.59507   	28.89552   	28.14856   	20.20320241
06/08/2010 	26.47534   	28.83945   	28.07451   	20.17445831
07/08/2010 	26.95908   	28.79692   	28.24433   	20.19757950
08/08/2010 	26.33290   	28.48051   	27.80680   	20.15283096
09/08/2010 	25.19666   	28.56496   	27.26590   	20.09119085
10/08/2010 	25.23796   	28.48096   	27.38784   	20.15286660
11/08/2010 	25.83102   	28.08574   	27.21301   	20.11406624
12/08/2010 	25.07703   	27.75914   	26.82594   	20.05700600
13/08/2010 	24.64322   	27.64856   	26.75847   	19.83273816
14/08/2010 	24.74430   	27.57349   	26.58177   	19.93264679
15/08/2010 	22.60992   	27.63784   	25.66146   	19.76735930
16/08/2010 	21.84407   	26.93514   	24.95917   	19.32340089
17/08/2010 	22.59389   	27.08862   	25.24268   	19.41041299
18/08/2010 	21.81133   	26.06864   	24.59828   	19.28864117
19/08/2010 	22.83002   	25.77416   	24.78483   	19.07156722
20/08/2010 	22.02111   	25.85430   	24.56715   	18.89168652
21/08/2010 	22.05968   	25.48519   	24.21513   	18.96881874
22/08/2010 	21.34528   	25.79999   	23.99379   	19.21677160
23/08/2010 	20.09305   	26.32211   	24.29337   	19.42673194
24/08/2010 	20.83294   	26.72636   	24.66257   	19.10024722
25/08/2010 	19.48640   	27.36867   	24.43459   	18.37328768
26/08/2010 	20.05263   	27.20720   	24.57572   	18.25028165
27/08/2010 	21.68336   	26.98324   	24.81730   	17.84113244
28/08/2010 	22.56857   	26.00983   	24.15527   	17.45722973
29/08/2010 	20.63003   	25.40345   	23.44047   	17.14104847
30/08/2010 	20.73583   	24.92728   	22.88325   	16.16077914
31/08/2010 	19.03613   	25.69039   	23.18683   	15.74588521
01/09/2010 	20.19478   	25.11361   	23.37997   	15.81008850
02/09/2010 	19.32909   	23.87968   	22.25469   	15.87555114
03/09/2010 	19.31211   	23.22114   	21.88719   	15.98911518
04/09/2010 	17.87345   	22.16635   	20.87350   	16.12634190
05/09/2010 	18.14813   	22.06981   	20.66775   	16.19172378
06/09/2010 	17.13716   	21.64137   	20.11527   	16.10526141
07/09/2010 	17.98079   	22.21390   	20.90101   	15.91080566
08/09/2010 	19.19411   	23.95327   	21.79270   	15.88449446
09/09/2010 	20.49850   	24.09387   	22.72403   	16.16690600
10/09/2010 	20.40528   	23.50421   	22.21132   	16.24916923
11/09/2010 	19.87121   	23.56136   	22.19501   	16.43450920
12/09/2010 	19.96544   	23.77596   	22.03272   	16.69607878
13/09/2010 	19.85288   	23.28930   	21.64616   	16.66371111
14/09/2010 	19.02822   	23.15985   	21.70422   	16.66957275
15/09/2010 	15.14384   	24.45311   	20.97550   	16.38443424
16/09/2010 	17.67685   	24.01430   	21.43965   	15.79541610
17/09/2010 	17.87638   	23.10269   	20.36983   	15.25343804
18/09/2010 	17.85307   	21.68698   	20.14055   	14.56014323
19/09/2010 	19.04897   	22.15604   	21.26450   	14.13077756
20/09/2010 	18.81934   	23.60591   	21.73954   	14.60635217
21/09/2010 	19.02678   	24.62298   	22.10477   	14.95731815
22/09/2010 	18.33013   	23.70069   	21.44943   	15.08364012
23/09/2010 	19.06300   	23.09071   	21.31122   	15.32341061
24/09/2010 	18.88296   	22.53193   	21.09284   	15.50785267
25/09/2010 	17.53907   	22.10939   	19.80162   	15.01357049
26/09/2010 	18.12686   	22.79420   	20.83209   	14.86713064
27/09/2010 	17.91278   	22.71573   	20.92997   	14.69320667
28/09/2010 	17.82479   	22.89874   	21.03671   	14.55977505
29/09/2010 	18.02084   	22.73411   	20.73449   	14.41633062
30/09/2010 	18.10514   	21.96464   	20.68793   	14.04818491
01/10/2010 	19.06215   	21.32025   	20.56260   	13.99481783
02/10/2010 	20.26170   	22.37535   	21.59376   	14.30627169
03/10/2010 	21.41389   	24.76369   	23.22422   	14.88155484
04/10/2010 	22.46168   	24.57930   	23.77318   	15.25881485
05/10/2010 	22.24241   	24.91537   	23.76039   	15.46882224
06/10/2010 	22.29133   	24.64706   	23.90412   	15.66268367
07/10/2010 	21.95636   	24.79726   	23.43776   	15.66518654
08/10/2010 	22.09314   	24.43916   	23.35503   	15.71631682
09/10/2010 	21.71829   	24.04559   	23.11555   	15.55971928
10/10/2010 	20.96745   	23.79476   	22.81146   	15.20487016
11/10/2010 	20.06623   	23.49430   	22.03571   	14.66690405
12/10/2010 	18.72407   	23.29145   	21.14931   	14.22699968
13/10/2010 	18.15579   	22.90511   	20.87389   	13.86571687
14/10/2010 	17.58438   	22.71068   	20.72205   	13.62676752
15/10/2010 	17.14137   	22.69554   	20.50317   	13.31612974
16/10/2010 	17.61078   	24.91839   	21.06294   	12.73596936
17/10/2010 	22.18962   	24.39485   	23.38853   	12.10332652
18/10/2010 	21.32716   	23.49240   	22.66441   	11.62783686
19/10/2010 	19.83558   	23.72365   	21.95201   	11.39353232
20/10/2010 	19.32909   	23.40856   	20.74363   	11.00433729
21/10/2010 	19.09519   	23.67400   	21.11438   	10.07011020
22/10/2010 	17.89778   	23.35088   	20.86746   	 9.81425335
23/10/2010 	18.07448   	25.07891   	22.32527   	 9.97452827
24/10/2010 	19.97454   	24.87686   	22.21213   	 9.71945630
25/10/2010 	18.92297   	23.26770   	20.77753   	 8.97338128
26/10/2010 	18.91377   	24.03969   	21.73710   	 8.56199729
27/10/2010 	20.63016   	24.17252   	22.48508   	 8.63014225
28/10/2010 	19.09828   	25.06594   	22.95370   	 9.37091271
29/10/2010 	19.58567   	25.29376   	22.90953   	 9.79037176
30/10/2010 	23.35613   	26.48076   	24.87276   	10.39488554
31/10/2010 	24.13134   	26.91420   	25.65977   	10.64968294
01/11/2010 	22.21301   	26.73377   	24.77409   	10.55176781
02/11/2010 	22.31480   	25.62377   	24.53646   	10.57964240
03/11/2010 	21.07135   	25.22736   	24.07676   	10.80875746
04/11/2010 	20.92071   	26.09084   	24.37390   	11.09838678
05/11/2010 	20.80133   	27.88824   	25.53670   	11.91755686
06/11/2010 	21.49586   	27.68292   	24.96049   	11.76662608
07/11/2010 	21.55211   	26.98404   	24.68350   	11.37166820
08/11/2010 	21.51652   	26.34796   	24.52269   	10.69342887
09/11/2010 	22.39620   	26.33473   	24.85657   	 9.81535212
10/11/2010 	21.90149   	25.23648   	23.47731   	 9.01444189
11/11/2010 	21.54717   	24.78161   	23.01167   	 8.43851217
12/11/2010 	22.08991   	30.62682   	26.41230   	 9.18671459
13/11/2010 	18.78006   	29.35858   	25.62363   	 9.12820818
14/11/2010 	24.30965   	28.56132   	26.72841   	 9.26172950
15/11/2010 	22.49127   	28.25113   	25.57593   	 9.06845514
16/11/2010 	23.46835   	27.52127   	25.61951   	 8.97951669
17/11/2010 	22.35861   	27.05499   	25.49887   	 8.69195825
18/11/2010 	22.47021   	26.54863   	25.29095   	 8.28609924
19/11/2010 	21.97125   	25.45017   	24.24430   	 8.03907673
20/11/2010 	21.07641   	24.94497   	23.54019   	 7.91937644
21/11/2010 	20.70626   	24.58427   	23.02321   	 7.76453288
22/11/2010 	19.35188   	24.40002   	22.36123   	 7.42414253
23/11/2010 	17.48680   	23.01050   	20.67389   	 6.91159251
24/11/2010 	17.06573   	23.38253   	21.13169   	 6.44998739
25/11/2010 	18.76033   	23.59475   	21.79468   	 6.16516029
26/11/2010 	19.64154   	23.94921   	22.48037   	 5.82082697
27/11/2010 	19.62004   	23.91716   	22.15533   	 5.36703053
28/11/2010 	19.53577   	23.09037   	21.65307   	 4.90523233
29/11/2010 	19.07606   	22.67698   	21.48019   	 4.30894713
30/11/2010 	19.46308   	23.87366   	22.04531   	 4.06002252
01/12/2010 	19.74995   	23.40238   	21.65100   	 3.01796552
02/12/2010 	20.54064   	24.57364   	22.86094   	 2.84104817
03/12/2010 	21.16896   	24.66684   	23.30191   	 2.77946622
04/12/2010 	21.35638   	24.89300   	23.69989   	 2.48492123
05/12/2010 	22.57281   	26.69078   	24.77597   	 2.80012583
06/12/2010 	22.56049   	27.09115   	24.96774   	 2.94356090
07/12/2010 	22.66456   	26.87779   	25.10028   	 2.88573215
08/12/2010 	22.86922   	26.43696   	24.90623   	 2.68217939
09/12/2010 	21.85711   	26.27023   	23.80294   	 2.16449835
10/12/2010 	20.09143   	25.46515   	23.26186   	 1.81455760
11/12/2010 	20.83230   	25.49768   	23.26088   	 2.25898201
12/12/2010 	19.77607   	27.94187   	24.16612   	 3.22304734
13/12/2010 	23.01096   	27.73519   	25.81833   	 3.57232983
14/12/2010 	22.61934   	26.75248   	25.27006   	 3.10655082
15/12/2010 	21.10841   	27.03969   	24.43591   	 2.65512379
16/12/2010 	22.27497   	26.78490   	25.01817   	 2.39922102
17/12/2010 	23.22720   	25.28197   	24.52804   	 2.34169791
18/12/2010 	23.00409   	25.65355   	24.55013   	 2.11414551
19/12/2010 	22.54838   	24.22059   	23.73503   	 1.60741739
20/12/2010 	22.46773   	24.39214   	23.75947   	 1.33248643
21/12/2010 	21.85821   	24.35581   	23.42809   	 1.02984398
22/12/2010 	21.86270   	24.41477   	23.38147   	 0.73651425
23/12/2010 	20.61290   	24.00462   	22.40597   	 0.22985408
24/12/2010 	18.55415   	25.54228   	21.77013   	-0.02644433
25/12/2010 	18.23328   	26.21136   	23.66015   	-0.19514707
26/12/2010 	21.45844   	25.64039   	23.93414   	-0.24075574
27/12/2010 	21.45580   	24.95324   	23.71422   	-0.12729830
28/12/2010 	20.90620   	24.14058   	22.85832   	-0.06825487
29/12/2010 	21.64011   	23.27963   	22.49383   	-0.05914651
30/12/2010 	20.92866   	22.73468   	21.93033   	 0.05403243
31/12/2010 	19.57883   	22.64904   	21.62816   	 0.22263343
