date	smin	smax	smean	tmean
01/01/2009 	14.405106  	17.93245   	16.419317  	-0.22009997
02/01/2009 	16.433794  	18.76150   	17.663033  	 0.28451899
03/01/2009 	16.676701  	21.94017   	19.159501  	 0.34521848
04/01/2009 	19.769629  	25.99903   	22.360326  	 1.68271765
05/01/2009 	15.553686  	25.37677   	19.748713  	 0.88685365
06/01/2009 	14.718607  	20.14101   	17.039321  	-0.52325928
07/01/2009 	15.924485  	22.37939   	19.341511  	-0.08118333
08/01/2009 	18.190609  	22.06947   	20.022656  	 0.23323247
09/01/2009 	18.813116  	20.38779   	19.378491  	 0.01202376
10/01/2009 	18.043245  	20.24351   	19.061343  	-0.46247056
11/01/2009 	18.238295  	23.59950   	21.384041  	 0.11182069
12/01/2009 	22.108452  	24.73681   	23.436314  	 1.12865217
13/01/2009 	22.081738  	24.53297   	23.358323  	 1.62122082
14/01/2009 	22.204048  	24.21344   	23.091847  	 1.94854925
15/01/2009 	19.199436  	23.94949   	21.752906  	 1.76345492
16/01/2009 	15.776919  	24.48098   	19.078562  	 1.36740862
17/01/2009 	19.348949  	24.53327   	23.132427  	 2.10444270
18/01/2009 	22.665537  	24.87350   	23.788964  	 2.77802027
19/01/2009 	22.091410  	25.59727   	23.002625  	 2.81260488
20/01/2009 	25.513468  	27.21752   	26.294073  	 3.01280109
21/01/2009 	25.230564  	26.23895   	25.598918  	 2.76115071
22/01/2009 	25.314674  	28.16466   	26.696892  	 2.65200552
23/01/2009 	24.836401  	28.60748   	26.527909  	 2.72103725
24/01/2009 	25.476522  	27.68762   	26.720265  	 2.99792844
25/01/2009 	25.942333  	27.40225   	26.493156  	 2.83526775
26/01/2009 	21.922415  	26.80894   	25.563229  	 2.39456908
27/01/2009 	19.892273  	24.63904   	22.326206  	 1.55753933
28/01/2009 	17.702240  	24.87859   	20.696571  	 1.21722202
29/01/2009 	16.185057  	22.25880   	18.470781  	 0.95595470
30/01/2009 	15.934071  	22.29246   	17.972173  	 0.69771270
31/01/2009 	19.909859  	22.71813   	21.152713  	 0.49722467
01/02/2009 	18.282631  	21.80996   	20.588505  	-0.42000995
02/02/2009 	19.850418  	22.88943   	21.663195  	-0.04789534
03/02/2009 	22.855003  	23.15801   	22.990728  	 0.47495585
04/02/2009 	21.131868  	23.20677   	22.276476  	 0.64879858
05/02/2009 	21.448009  	23.24329   	22.790804  	 0.89386598
06/02/2009 	22.553534  	23.74701   	23.215897  	 1.37797026
07/02/2009 	21.945808  	23.39118   	22.653290  	 1.70173256
08/02/2009 	21.907135  	23.71262   	22.801185  	 1.47824147
09/02/2009 	21.358482  	23.05656   	22.450586  	 1.54258495
10/02/2009 	17.669670  	23.24161   	21.094513  	 1.58152679
11/02/2009 	15.328446  	24.05009   	20.286932  	 1.83675613
12/02/2009 	20.408962  	24.69899   	22.738708  	 2.09223266
13/02/2009 	21.848188  	25.18960   	23.564711  	 2.30434174
14/02/2009 	16.362150  	24.69896   	19.908100  	 1.65650740
15/02/2009 	15.588135  	20.97520   	19.295510  	 1.81978640
16/02/2009 	20.444935  	23.62200   	22.181706  	 2.76065335
17/02/2009 	16.154459  	23.29690   	19.892726  	 3.10914599
18/02/2009 	14.499905  	18.15544   	16.115520  	 2.44336127
19/02/2009 	14.396908  	19.13057   	16.216821  	 2.38064996
20/02/2009 	17.377918  	20.89633   	19.450553  	 3.12626629
21/02/2009 	16.282476  	20.92409   	18.663619  	 3.34764772
22/02/2009 	17.018209  	21.37693   	18.933045  	 3.80194537
23/02/2009 	17.800858  	23.74072   	21.279485  	 4.18964637
24/02/2009 	14.571065  	22.85803   	17.481175  	 4.24578509
25/02/2009 	13.076362  	18.28951   	15.993622  	 4.31554716
26/02/2009 	15.962760  	18.86789   	17.592827  	 4.66111979
27/02/2009 	16.898521  	21.55492   	18.713568  	 5.05388957
28/02/2009 	15.287360  	21.81223   	18.766358  	 5.52325874
01/03/2009 	15.224401  	19.70251   	17.203267  	 5.28402998
02/03/2009 	15.399384  	20.95087   	18.060093  	 5.39568562
03/03/2009 	15.679237  	18.92960   	17.196815  	 5.26635634
04/03/2009 	17.917225  	20.34225   	18.748487  	 4.93715534
05/03/2009 	17.525530  	21.00611   	19.299609  	 4.91815346
06/03/2009 	14.892061  	20.09014   	17.918158  	 4.84334569
07/03/2009 	15.546359  	18.59055   	17.057047  	 4.57166828
08/03/2009 	15.203889  	20.86108   	18.329261  	 5.17428775
09/03/2009 	18.079937  	21.22300   	19.336148  	 4.96415068
10/03/2009 	18.508602  	21.17595   	19.683117  	 4.97505794
11/03/2009 	19.828346  	20.92151   	20.466607  	 4.89964403
12/03/2009 	16.746893  	20.88958   	19.613325  	 5.41362585
13/03/2009 	17.027239  	21.08260   	19.993901  	 5.71335674
14/03/2009 	13.934137  	20.14728   	17.418763  	 5.89461454
15/03/2009 	18.462330  	22.40937   	20.494680  	 6.05362172
16/03/2009 	12.871338  	22.13387   	17.322992  	 6.34067321
17/03/2009 	13.533926  	18.94843   	15.724548  	 6.63575919
18/03/2009 	10.246241  	15.79816   	12.990986  	 6.37802065
19/03/2009 	 9.462896  	14.08397   	11.314580  	 6.28216562
20/03/2009 	 8.102391  	11.58738   	 9.240910  	 5.65828073
21/03/2009 	 7.640605  	13.65758   	10.039911  	 6.09271108
22/03/2009 	10.711061  	17.23857   	14.352841  	 6.71100683
23/03/2009 	14.197886  	19.55723   	16.931063  	 6.72161561
24/03/2009 	16.870352  	24.59464   	19.973093  	 6.48085064
25/03/2009 	14.360124  	23.58014   	17.471993  	 6.48892874
26/03/2009 	14.833694  	20.44187   	16.513065  	 6.65445845
27/03/2009 	15.206009  	16.80701   	15.969122  	 6.50506501
28/03/2009 	15.053588  	16.56295   	15.478694  	 6.55713109
29/03/2009 	15.179621  	17.77812   	16.634897  	 6.38770666
30/03/2009 	14.101748  	17.18324   	16.502659  	 6.21677259
31/03/2009 	13.988086  	16.99630   	15.566142  	 6.55116289
01/04/2009 	13.521785  	17.19623   	15.301272  	 6.85221768
02/04/2009 	 8.251240  	14.89240   	10.964261  	 7.54913224
03/04/2009 	 8.113155  	14.25421   	 9.851948  	 8.17883913
04/04/2009 	 9.579948  	15.12032   	11.822316  	 8.45197697
05/04/2009 	11.402566  	16.56285   	13.544438  	 8.64605091
06/04/2009 	10.247552  	16.69606   	13.073401  	 8.96541774
07/04/2009 	 9.553261  	17.43937   	13.007202  	 9.47876944
08/04/2009 	11.866382  	21.30107   	18.232594  	 8.86287608
09/04/2009 	18.910717  	21.27639   	19.902241  	 8.77265463
10/04/2009 	17.260370  	20.07412   	18.915721  	 9.65098735
11/04/2009 	16.558079  	19.48479   	18.562062  	10.57280562
12/04/2009 	15.571692  	19.43159   	17.856459  	10.99912435
13/04/2009 	16.047344  	19.57380   	17.412871  	10.99668944
14/04/2009 	16.371264  	19.09694   	17.236752  	11.18302542
15/04/2009 	16.367317  	18.77443   	17.117534  	11.31261983
16/04/2009 	16.469398  	19.48413   	17.360581  	11.52995368
17/04/2009 	16.792522  	19.29830   	17.556560  	11.30154637
18/04/2009 	16.823662  	19.74876   	18.935487  	10.30593258
19/04/2009 	17.089289  	19.84827   	18.194341  	10.69281771
20/04/2009 	16.931086  	20.04966   	17.770959  	11.78897897
21/04/2009 	16.935320  	19.72718   	17.689961  	12.29718240
22/04/2009 	17.248497  	20.19526   	18.549452  	12.10824265
23/04/2009 	18.733284  	20.98708   	19.723042  	11.91684896
24/04/2009 	18.989363  	21.37309   	19.833470  	12.35004024
25/04/2009 	18.378571  	20.53115   	19.176593  	12.42909803
26/04/2009 	18.439781  	20.14411   	19.426577  	12.94534252
27/04/2009 	18.935068  	21.41653   	20.322875  	13.06345413
28/04/2009 	19.499233  	21.72575   	20.382759  	12.78988902
29/04/2009 	19.915546  	21.54676   	20.798582  	12.72644601
30/04/2009 	20.247755  	21.68215   	20.979126  	12.91650935
01/05/2009 	20.559114  	21.60900   	21.088000  	13.45221239
02/05/2009 	20.685995  	22.42654   	21.379114  	13.79740439
03/05/2009 	20.874619  	23.49182   	21.787977  	13.57223791
04/05/2009 	22.335732  	23.56638   	23.134942  	12.19623212
05/05/2009 	21.055185  	23.50084   	22.215919  	12.29753834
06/05/2009 	18.823656  	23.00097   	20.783605  	12.68967992
07/05/2009 	19.470215  	21.19579   	20.404975  	12.86206798
08/05/2009 	20.142517  	22.51332   	21.048931  	12.92455671
09/05/2009 	20.825748  	22.77430   	21.747625  	12.67272051
10/05/2009 	20.972567  	22.30268   	21.623406  	13.15384058
11/05/2009 	20.444792  	21.24901   	20.872076  	12.40899442
12/05/2009 	20.408276  	21.05213   	20.778135  	12.07354295
13/05/2009 	20.919643  	21.52686   	21.161951  	12.68385001
14/05/2009 	21.105536  	22.25500   	21.442753  	12.85354547
15/05/2009 	21.554102  	23.07624   	22.144434  	13.19972134
16/05/2009 	22.182741  	25.43835   	23.953851  	13.32267127
17/05/2009 	23.576427  	25.38672   	24.605855  	13.60466866
18/05/2009 	24.933384  	25.25351   	25.055404  	13.34094091
19/05/2009 	23.043497  	25.21983   	24.631853  	13.37734179
20/05/2009 	22.485428  	24.91996   	23.958998  	13.85085088
21/05/2009 	22.630901  	25.05378   	24.001469  	14.44596863
22/05/2009 	22.782658  	25.20772   	24.112780  	14.81734455
23/05/2009 	23.088743  	25.22230   	24.610343  	15.51848735
24/05/2009 	23.861029  	25.20659   	24.862559  	16.29766444
25/05/2009 	23.704870  	25.15355   	24.733573  	16.94343273
26/05/2009 	23.202818  	25.12774   	24.499222  	17.46897658
27/05/2009 	24.726021  	26.17300   	25.355221  	15.79645920
28/05/2009 	25.569878  	26.29624   	26.053921  	15.37107970
29/05/2009 	22.583353  	26.57874   	25.218558  	15.77958314
30/05/2009 	17.429350  	23.83155   	19.922207  	15.23989127
31/05/2009 	16.055958  	21.88628   	18.504943  	15.82718990
01/06/2009 	16.677179  	21.18161   	19.210534  	16.68121405
02/06/2009 	19.289162  	23.62201   	21.818578  	16.34766442
03/06/2009 	23.575047  	29.78026   	26.755792  	15.14174587
04/06/2009 	26.582830  	30.85532   	29.204576  	14.03974714
05/06/2009 	25.156456  	30.97151   	28.984415  	13.42523934
06/06/2009 	25.289125  	31.03107   	28.374301  	13.39846013
07/06/2009 	24.771049  	26.80131   	25.724429  	13.63284781
08/06/2009 	24.658318  	26.57549   	25.555295  	14.78789622
09/06/2009 	24.526121  	27.16496   	25.524849  	15.63561730
10/06/2009 	24.573332  	28.05367   	26.363163  	15.65525140
11/06/2009 	25.012392  	28.35033   	26.929153  	15.40275389
12/06/2009 	25.950861  	29.05511   	27.936934  	15.41378434
13/06/2009 	21.289341  	28.99886   	24.369758  	15.57128406
14/06/2009 	19.780342  	24.67024   	22.330885  	16.39410895
15/06/2009 	21.152649  	24.50400   	22.848427  	16.88845368
16/06/2009 	17.403191  	23.21351   	20.514342  	16.57511226
17/06/2009 	16.913330  	22.77640   	19.002057  	16.48303576
18/06/2009 	19.131063  	25.80994   	23.129661  	16.90910621
19/06/2009 	21.554575  	26.57947   	24.985909  	16.84707832
20/06/2009 	24.660957  	26.85676   	26.071018  	16.41447085
21/06/2009 	24.833134  	27.70701   	26.396975  	16.32287727
22/06/2009 	23.037285  	27.64387   	25.109060  	15.95345632
23/06/2009 	21.741777  	24.61413   	23.177424  	16.79707774
24/06/2009 	19.617779  	23.61177   	21.484457  	17.37091164
25/06/2009 	19.217299  	22.72265   	20.797257  	17.47647484
26/06/2009 	19.884338  	24.11919   	22.324935  	18.31372190
27/06/2009 	21.107771  	24.61015   	22.363502  	19.29890827
28/06/2009 	20.751604  	25.14741   	22.326031  	19.96594906
29/06/2009 	21.721596  	25.62220   	23.034948  	20.91148241
30/06/2009 	22.311146  	24.66909   	23.354441  	21.38226052
01/07/2009 	22.989445  	24.50567   	23.627192  	21.19929246
02/07/2009 	21.362745  	24.16044   	23.313826  	21.10246491
03/07/2009 	21.539474  	24.91039   	23.168967  	21.76454719
04/07/2009 	22.705740  	26.25765   	24.673232  	22.37979523
05/07/2009 	23.865082  	26.12568   	25.063195  	22.75926340
06/07/2009 	24.776836  	27.25345   	25.833848  	22.20581110
07/07/2009 	25.570042  	27.01980   	26.252702  	20.85633115
08/07/2009 	25.986383  	27.69025   	27.003890  	19.78111863
09/07/2009 	27.300220  	28.91410   	27.974101  	18.60423231
10/07/2009 	26.790689  	31.35436   	28.889371  	16.83149769
11/07/2009 	28.434786  	32.39289   	30.822617  	15.37678105
12/07/2009 	25.911131  	31.43587   	28.303804  	16.79206065
13/07/2009 	23.349379  	28.58887   	26.651506  	18.22602220
14/07/2009 	23.608093  	28.80742   	26.784668  	19.27159345
15/07/2009 	23.878082  	27.46192   	25.062607  	19.79871655
16/07/2009 	22.464706  	25.15474   	24.043109  	19.23572648
17/07/2009 	23.399267  	24.41365   	23.932450  	19.46211771
18/07/2009 	22.239973  	25.43359   	23.589569  	19.13499888
19/07/2009 	22.458759  	25.38810   	23.610827  	18.84317442
20/07/2009 	22.411060  	25.23058   	23.950451  	18.70436728
21/07/2009 	22.620443  	25.24362   	23.942390  	18.82713318
22/07/2009 	22.737791  	25.11295   	23.718621  	19.31164622
23/07/2009 	22.906851  	25.06431   	23.794667  	19.19169668
24/07/2009 	22.893257  	24.39380   	23.462398  	18.88240794
25/07/2009 	22.941931  	24.96481   	24.072764  	18.48653591
26/07/2009 	24.257948  	25.17096   	24.760431  	18.62869092
27/07/2009 	23.689016  	25.17897   	24.786208  	19.13891280
28/07/2009 	23.311680  	25.01542   	24.430408  	18.94020331
29/07/2009 	22.544872  	25.35542   	23.971626  	19.17898631
30/07/2009 	22.763334  	24.60116   	23.657977  	19.25871611
31/07/2009 	23.647240  	24.65442   	24.106760  	18.19209254
01/08/2009 	22.647388  	24.32921   	23.436548  	18.38778774
02/08/2009 	22.079933  	25.30111   	23.250738  	18.90392311
03/08/2009 	22.959465  	25.33504   	24.040266  	19.04179573
04/08/2009 	22.351187  	25.50237   	23.695824  	19.60176718
05/08/2009 	21.569218  	24.50602   	22.944829  	20.22794565
06/08/2009 	21.225775  	23.75146   	22.428167  	21.00262340
07/08/2009 	19.824898  	22.69605   	21.489712  	21.24525797
08/08/2009 	20.819197  	24.57417   	22.923608  	20.78727949
09/08/2009 	20.701775  	24.11998   	21.851625  	20.43545401
10/08/2009 	21.045824  	22.60065   	21.691059  	20.41883405
11/08/2009 	21.351004  	24.18113   	22.551102  	20.57947826
12/08/2009 	23.086430  	25.02651   	24.257214  	20.05423450
13/08/2009 	23.786366  	25.76633   	24.919759  	19.88813766
14/08/2009 	23.792221  	26.25068   	25.130340  	19.95345998
15/08/2009 	22.985123  	24.03078   	23.562141  	20.01906653
16/08/2009 	23.119381  	25.40731   	23.946685  	20.18715187
17/08/2009 	23.209320  	26.03579   	24.287178  	20.04102186
18/08/2009 	23.560280  	26.87838   	25.183091  	19.70833437
19/08/2009 	22.208202  	26.26847   	24.162148  	20.01361795
20/08/2009 	21.806242  	24.67329   	23.337668  	20.40317365
21/08/2009 	22.261591  	25.00553   	24.117070  	19.94286279
22/08/2009 	23.952972  	26.36576   	25.188792  	19.15109845
23/08/2009 	23.792990  	26.67220   	25.494214  	19.19007941
24/08/2009 	24.134047  	26.49488   	24.901103  	19.02524010
25/08/2009 	23.922720  	26.70502   	25.146313  	19.55659350
26/08/2009 	24.043097  	26.60267   	25.182486  	19.15508684
27/08/2009 	24.557512  	26.08957   	25.130517  	19.63904107
28/08/2009 	23.981371  	26.57301   	25.566599  	18.99627161
29/08/2009 	25.315632  	26.41150   	25.910524  	17.92229597
30/08/2009 	24.473257  	26.19439   	25.514984  	17.29332229
31/08/2009 	22.926287  	24.80197   	23.553735  	17.80615473
01/09/2009 	22.860079  	26.12502   	24.316050  	17.96640205
02/09/2009 	24.663937  	26.40041   	25.360691  	17.59472140
03/09/2009 	23.874588  	29.36900   	27.186052  	17.56218588
04/09/2009 	22.750103  	29.18819   	27.125640  	16.78487519
05/09/2009 	26.681076  	29.23959   	28.144052  	16.45777675
06/09/2009 	27.992764  	29.08893   	28.544110  	16.07965608
07/09/2009 	27.198538  	29.16412   	28.265228  	16.04914033
08/09/2009 	26.829222  	29.10704   	28.269432  	16.61724087
09/09/2009 	27.842424  	29.04325   	28.549128  	16.95731755
10/09/2009 	24.205687  	28.36775   	25.564001  	16.49292034
11/09/2009 	24.266224  	28.06882   	26.771628  	15.58794814
12/09/2009 	26.000921  	28.19450   	27.580055  	15.58701756
13/09/2009 	27.911705  	29.53260   	28.780612  	15.70938905
14/09/2009 	26.847498  	29.50168   	28.188745  	15.55592541
15/09/2009 	26.254627  	27.20065   	26.810074  	15.41212799
16/09/2009 	26.599081  	27.52015   	27.150528  	15.86449192
17/09/2009 	27.060404  	29.04691   	27.950621  	15.49988774
18/09/2009 	27.232004  	28.44647   	27.973615  	14.80630310
19/09/2009 	27.228123  	28.51005   	28.009779  	15.50082493
20/09/2009 	27.850166  	29.74789   	28.945746  	15.92704630
21/09/2009 	28.613573  	29.79933   	29.298499  	15.74668680
22/09/2009 	27.884993  	29.93681   	29.513364  	15.79809372
23/09/2009 	29.597267  	30.71713   	29.985584  	16.06490169
24/09/2009 	29.932968  	31.27224   	30.743242  	15.81953869
25/09/2009 	29.936504  	31.98702   	31.180104  	15.84896845
26/09/2009 	29.388416  	32.02074   	31.007717  	15.90890948
27/09/2009 	29.195595  	32.06850   	30.873975  	16.17203148
28/09/2009 	29.053772  	32.04763   	30.757717  	16.30848879
29/09/2009 	29.337673  	32.03841   	31.027629  	16.31745207
30/09/2009 	28.218754  	31.97889   	29.791964  	16.02269455
01/10/2009 	28.516775  	32.34907   	31.136944  	15.43713230
02/10/2009 	30.317860  	32.53488   	31.660089  	14.13848172
03/10/2009 	25.134302  	31.42172   	28.711503  	14.39134534
04/10/2009 	23.627676  	28.41092   	26.800623  	13.61025745
05/10/2009 	25.134703  	28.59561   	27.018375  	12.97012897
06/10/2009 	25.453415  	27.99149   	26.676739  	13.18149191
07/10/2009 	25.493471  	25.91706   	25.670163  	14.06336548
08/10/2009 	25.485929  	26.83735   	25.843040  	13.54604038
09/10/2009 	22.747028  	27.62349   	25.918496  	12.49794956
10/10/2009 	18.015217  	24.84292   	21.809923  	12.02311766
11/10/2009 	22.362450  	27.15131   	24.967366  	11.88936081
12/10/2009 	21.583143  	28.20580   	24.784746  	11.41776498
13/10/2009 	19.764948  	29.97702   	26.675885  	10.34437285
14/10/2009 	19.677700  	24.83180   	22.006885  	10.15690273
15/10/2009 	19.533318  	26.33097   	22.771786  	 9.38169181
16/10/2009 	22.107872  	32.84740   	28.767029  	10.15685838
17/10/2009 	26.736921  	33.45789   	32.399099  	10.29518322
18/10/2009 	27.212698  	31.37386   	29.415707  	 9.26049161
19/10/2009 	26.512213  	31.02825   	28.312710  	 9.51265659
20/10/2009 	26.527618  	27.49587   	26.833492  	 9.42955567
21/10/2009 	24.496918  	28.48263   	27.099702  	 9.17349963
22/10/2009 	19.841492  	28.40015   	25.706785  	 8.72614154
23/10/2009 	21.759956  	28.28262   	24.813898  	 8.99206597
24/10/2009 	22.912617  	28.16296   	26.480544  	 9.73884304
25/10/2009 	27.957609  	28.76774   	28.310964  	10.61800603
26/10/2009 	28.551851  	28.88321   	28.711715  	10.97013865
27/10/2009 	28.591658  	28.88249   	28.726940  	11.24057486
28/10/2009 	28.162699  	28.80566   	28.530291  	11.27722551
29/10/2009 	26.629044  	28.78966   	28.218652  	11.46693579
30/10/2009 	25.484804  	28.75785   	27.595153  	11.51912286
31/10/2009 	23.388369  	27.78652   	26.256062  	10.82824161
01/11/2009 	25.681089  	28.66840   	27.680765  	11.31723376
02/11/2009 	27.792789  	28.74328   	28.451444  	11.41825293
03/11/2009 	27.239883  	28.64883   	27.894310  	10.84656149
04/11/2009 	27.324226  	28.53544   	27.956117  	10.79581904
05/11/2009 	27.050034  	28.23227   	27.500136  	10.49218267
06/11/2009 	27.016020  	27.79363   	27.294695  	10.33397943
07/11/2009 	25.635433  	28.26904   	27.548179  	10.36695790
08/11/2009 	26.465395  	28.20979   	27.447530  	 9.53242151
09/11/2009 	22.993528  	28.41153   	25.698896  	 8.58111189
10/11/2009 	23.060921  	27.17007   	24.564152  	 8.42900207
11/11/2009 	23.719244  	27.21274   	25.785294  	 8.49622118
12/11/2009 	23.655169  	26.57483   	25.000829  	 8.61786876
13/11/2009 	24.456062  	26.82198   	25.345361  	 9.54706107
14/11/2009 	23.996254  	28.16297   	26.229640  	10.11078286
15/11/2009 	23.969906  	28.28097   	26.410692  	10.19905420
16/11/2009 	24.394901  	26.82129   	25.679016  	10.11184156
17/11/2009 	25.605282  	27.46875   	26.722524  	10.26174698
18/11/2009 	25.188437  	30.26851   	28.110281  	10.42919381
19/11/2009 	22.417841  	27.84314   	25.071720  	10.27848178
20/11/2009 	25.404469  	28.95281   	26.918119  	10.26545664
21/11/2009 	25.918482  	28.68228   	27.274195  	10.54953764
22/11/2009 	26.321257  	28.93468   	27.458080  	10.59774969
23/11/2009 	25.233248  	29.95284   	27.816769  	10.38411546
24/11/2009 	25.657122  	30.15694   	28.492190  	10.31772550
25/11/2009 	26.086935  	30.28391   	29.185827  	10.18526397
26/11/2009 	29.652987  	30.56596   	30.419440  	10.02526549
27/11/2009 	30.182932  	30.56820   	30.432734  	 9.57434505
28/11/2009 	28.965628  	30.33145   	29.972525  	 9.00855839
29/11/2009 	26.829882  	29.86314   	28.236589  	 8.74730575
30/11/2009 	26.831816  	28.90156   	27.781809  	 8.29444434
01/12/2009 	25.306946  	28.05782   	27.484784  	 7.32633069
02/12/2009 	19.230646  	27.67908   	23.934816  	 6.89972310
03/12/2009 	24.428757  	27.64610   	26.169049  	 7.71970708
04/12/2009 	23.626362  	26.82386   	25.451496  	 7.62130588
05/12/2009 	23.698761  	26.32478   	24.952000  	 7.46410568
06/12/2009 	23.554996  	24.99209   	24.499579  	 7.95120711
07/12/2009 	22.086021  	24.75335   	23.674034  	 7.82023721
08/12/2009 	23.024197  	23.88529   	23.437317  	 7.78853419
09/12/2009 	22.185932  	23.99623   	23.296169  	 7.72298897
10/12/2009 	23.131407  	24.15747   	23.521869  	 8.08310469
11/12/2009 	18.623621  	23.92953   	21.967247  	 7.92402901
12/12/2009 	13.685122  	19.85849   	16.494448  	 6.73666928
13/12/2009 	13.021955  	17.42406   	15.018690  	 5.50194285
14/12/2009 	12.843948  	16.99534   	14.134762  	 4.37634044
15/12/2009 	12.267816  	17.16682   	13.787236  	 3.21485525
16/12/2009 	12.526731  	19.33194   	16.158938  	 3.98486367
17/12/2009 	13.142772  	18.81430   	16.344480  	 4.33713593
18/12/2009 	10.878718  	17.76367   	14.824931  	 3.03166079
19/12/2009 	11.535860  	19.85325   	13.885595  	 1.82897364
20/12/2009 	19.100653  	21.58719   	20.078672  	 3.02767375
21/12/2009 	19.360153  	21.41461   	20.162165  	 2.69275948
22/12/2009 	18.915119  	21.70189   	19.710720  	 2.54868833
23/12/2009 	19.592216  	21.65667   	20.417480  	 2.62070711
24/12/2009 	20.047466  	21.33410   	20.568476  	 2.57302387
25/12/2009 	17.643406  	25.53970   	21.329507  	 2.66124907
26/12/2009 	20.752829  	25.18989   	22.549727  	 3.50673536
27/12/2009 	21.713243  	24.33278   	23.058025  	 3.67769478
28/12/2009 	23.739767  	25.76612   	24.653017  	 4.03109543
29/12/2009 	17.020578  	24.43989   	21.222328  	 2.96177111
30/12/2009 	12.819833  	20.35792   	16.418598  	 2.09429501
31/12/2009 	13.739255  	20.17706   	16.222492  	 1.79509028
01/01/2010 	13.353744  	20.06396   	16.201972  	 1.48240144
02/01/2010 	15.362537  	19.04814   	16.555015  	 1.26792044
03/01/2010 	12.247970  	18.36664   	14.886888  	 0.70092684
04/01/2010 	14.469901  	18.90384   	16.346135  	 0.82764218
05/01/2010 	16.717058  	19.59327   	17.868397  	 1.28016991
06/01/2010 	17.258581  	19.12463   	18.202205  	 1.38210742
07/01/2010 	16.012064  	19.36625   	17.818821  	 1.03248810
08/01/2010 	13.556240  	18.30579   	16.112408  	 0.19344808
09/01/2010 	10.804451  	15.82430   	13.375657  	-0.44323136
10/01/2010 	 6.940920  	12.39376   	10.632160  	-0.10620993
11/01/2010 	 6.936586  	14.68030   	11.316238  	 0.01767484
12/01/2010 	10.601963  	16.54473   	13.166550  	-0.13536085
13/01/2010 	10.332165  	20.44334   	15.778263  	-0.72824872
14/01/2010 	15.725531  	21.64021   	19.064428  	-0.39469218
15/01/2010 	13.885258  	20.83723   	17.104171  	-0.52073159
16/01/2010 	14.474341  	22.09505   	19.525244  	 0.18463844
17/01/2010 	21.211664  	22.56966   	21.880720  	 0.84198563
18/01/2010 	20.491692  	22.07289   	21.368312  	 1.09151770
19/01/2010 	18.627913  	21.77842   	20.744669  	 1.48237685
20/01/2010 	15.256473  	20.47647   	17.966863  	 0.97728532
21/01/2010 	10.948545  	19.48840   	15.069223  	 0.62533431
22/01/2010 	13.041992  	20.01188   	15.391112  	 0.41413834
23/01/2010 	12.812339  	21.44888   	17.526275  	 0.72359936
24/01/2010 	16.226656  	21.87081   	18.259737  	 0.40483261
25/01/2010 	14.909517  	21.19861   	17.668365  	-0.27654623
26/01/2010 	14.161901  	18.80307   	15.624609  	-0.83095041
27/01/2010 	14.371474  	21.52242   	17.604640  	-0.32782385
28/01/2010 	17.053167  	21.93913   	19.462310  	 0.46824637
29/01/2010 	17.826122  	24.68772   	20.339122  	 0.95341375
30/01/2010 	19.217087  	26.58764   	23.005562  	 0.89884894
31/01/2010 	21.695217  	25.17378   	23.349282  	 1.02055878
01/02/2010 	21.858232  	25.91072   	23.472194  	 1.16584555
02/02/2010 	20.647236  	24.59376   	22.038347  	 1.26626418
03/02/2010 	21.183495  	26.35219   	22.967955  	 1.24947017
04/02/2010 	17.820290  	22.28808   	20.969169  	 1.41022353
05/02/2010 	14.404841  	20.42723   	17.239467  	 1.52277633
06/02/2010 	14.464576  	19.61480   	16.603086  	 1.74085303
07/02/2010 	12.586055  	17.54126   	14.134439  	 1.27055299
08/02/2010 	 9.716483  	16.16475   	12.144045  	 0.21716256
09/02/2010 	 9.969377  	15.63971   	11.746277  	-0.35060548
10/02/2010 	10.117023  	13.57528   	11.222712  	-0.52009049
11/02/2010 	 9.251889  	15.95696   	13.483153  	-0.37757339
12/02/2010 	11.910718  	17.96674   	14.214064  	-0.59024146
13/02/2010 	12.630877  	19.37296   	16.264340  	-0.76230200
14/02/2010 	15.755879  	19.26631   	17.907530  	-0.93358914
15/02/2010 	15.876508  	19.08198   	17.534400  	-0.91303634
16/02/2010 	16.070040  	21.41535   	19.119028  	-0.62277712
17/02/2010 	19.676699  	21.44211   	20.688281  	-0.63561736
18/02/2010 	19.110596  	21.25655   	20.273407  	-0.45343011
19/02/2010 	19.009937  	22.98431   	20.900792  	 0.39693696
20/02/2010 	21.492245  	23.69206   	22.549134  	 0.90456769
21/02/2010 	21.163908  	23.62440   	22.264633  	 0.84397893
22/02/2010 	20.889675  	22.27829   	21.537289  	 1.20667662
23/02/2010 	17.307159  	22.06735   	20.176520  	 1.14626677
24/02/2010 	17.393187  	21.69435   	19.485851  	 1.17809076
25/02/2010 	18.449678  	23.39804   	20.681489  	 1.98430955
26/02/2010 	18.695406  	25.15803   	22.617780  	 2.49483206
27/02/2010 	19.973686  	25.41092   	23.658230  	 2.57286903
28/02/2010 	21.461449  	24.65186   	23.613292  	 3.13721285
01/03/2010 	24.075117  	25.47495   	24.647063  	 3.01746162
02/03/2010 	24.086256  	25.15736   	24.572824  	 3.17735203
03/03/2010 	19.658602  	24.66002   	22.824170  	 3.02231909
04/03/2010 	16.289492  	23.39595   	20.065645  	 2.84964425
05/03/2010 	16.828924  	22.67122   	20.381802  	 2.83718850
06/03/2010 	11.592948  	24.80859   	16.745787  	 2.21080255
07/03/2010 	11.265253  	15.73692   	13.787908  	 1.48948209
08/03/2010 	11.457095  	16.46835   	14.360930  	 1.43639769
09/03/2010 	 8.678130  	13.93134   	11.769364  	 1.56763869
10/03/2010 	 7.790771  	12.56287   	10.412898  	 1.74903883
11/03/2010 	 7.637495  	13.93031   	10.055594  	 1.91170687
12/03/2010 	12.956695  	16.10251   	14.669256  	 2.46496720
13/03/2010 	14.255949  	18.20061   	16.534638  	 2.74717048
14/03/2010 	17.087601  	23.69879   	19.045292  	 3.53724172
15/03/2010 	16.305979  	25.52062   	20.753421  	 3.88299099
16/03/2010 	16.575085  	25.28519   	19.565252  	 4.29308382
17/03/2010 	14.717690  	20.53452   	17.504672  	 4.47439199
18/03/2010 	13.975509  	18.32000   	16.403592  	 4.88701189
19/03/2010 	14.008904  	18.93005   	16.051424  	 5.33023077
20/03/2010 	15.408379  	19.29808   	17.228263  	 5.89911044
21/03/2010 	16.464861  	18.76712   	17.592260  	 6.88954343
22/03/2010 	15.469460  	18.31756   	17.180014  	 6.92097836
23/03/2010 	14.813002  	19.19363   	16.773618  	 6.71167073
24/03/2010 	13.353942  	18.53220   	14.970948  	 6.88463664
25/03/2010 	12.660781  	18.27061   	14.708198  	 7.49576859
26/03/2010 	13.797606  	19.06200   	15.824925  	 7.81393301
27/03/2010 	14.177965  	21.57734   	17.330938  	 7.53804831
28/03/2010 	15.608779  	21.66941   	18.785450  	 7.48477811
29/03/2010 	17.579988  	21.22446   	19.338486  	 7.65624668
30/03/2010 	15.980697  	21.04318   	17.972416  	 8.03420826
31/03/2010 	16.648010  	24.55234   	22.220744  	 7.15239175
01/04/2010 	24.310265  	24.72405   	24.457276  	 6.50282926
02/04/2010 	23.204973  	24.58367   	24.018842  	 6.65271194
03/04/2010 	19.972908  	23.97069   	22.482842  	 7.12797738
04/04/2010 	18.500309  	23.65169   	20.591858  	 7.41181413
05/04/2010 	18.400305  	22.58447   	20.974379  	 7.31030196
06/04/2010 	15.238305  	22.55926   	18.103252  	 7.76715459
07/04/2010 	12.659868  	21.54758   	16.600492  	 8.17649532
08/04/2010 	14.938937  	21.43842   	18.252299  	 8.64975506
09/04/2010 	14.931417  	21.64904   	17.779399  	 9.29104042
10/04/2010 	14.804807  	20.00856   	16.602933  	 9.56049329
11/04/2010 	13.894371  	17.75216   	15.841387  	 8.77845818
12/04/2010 	13.617276  	17.65264   	15.454506  	 8.55123036
13/04/2010 	14.880632  	20.02159   	17.677429  	 8.46440880
14/04/2010 	16.974945  	19.86523   	18.739263  	 8.59526041
15/04/2010 	16.702991  	20.77334   	18.741187  	 8.62559789
16/04/2010 	19.229656  	22.50513   	21.139206  	 8.70488440
17/04/2010 	18.628191  	23.03490   	21.197224  	 8.98272093
18/04/2010 	19.590387  	23.24269   	21.524026  	 9.65119155
19/04/2010 	19.720976  	23.54859   	21.578121  	 9.60953609
20/04/2010 	18.334393  	24.99393   	21.565458  	 9.33018500
21/04/2010 	23.217577  	28.37167   	25.829158  	 8.65512574
22/04/2010 	21.019983  	29.99428   	25.360287  	 8.42211885
23/04/2010 	21.009043  	24.34928   	22.480361  	 8.93362590
24/04/2010 	19.409021  	22.89864   	21.071381  	 9.48643617
25/04/2010 	18.431454  	22.67750   	20.122743  	10.02282393
26/04/2010 	19.641550  	23.15990   	21.266154  	10.68481656
27/04/2010 	19.592348  	23.53277   	21.792231  	11.26069554
28/04/2010 	19.136187  	23.22612   	20.803119  	12.03579144
29/04/2010 	19.654612  	23.39344   	21.256658  	12.48759045
30/04/2010 	20.972181  	23.97357   	22.728814  	12.59172821
01/05/2010 	22.826290  	25.09542   	23.774659  	12.28890075
02/05/2010 	17.600306  	25.22385   	21.812788  	11.44803200
03/05/2010 	14.396569  	27.77836   	21.511084  	 9.54694698
04/05/2010 	20.122791  	29.59373   	26.172353  	 9.16437475
05/05/2010 	20.228411  	29.56625   	25.032941  	 9.43216413
06/05/2010 	16.160507  	26.29036   	20.323918  	 8.95685329
07/05/2010 	15.231144  	20.71727   	17.880042  	 9.25748080
08/05/2010 	15.293827  	21.82553   	18.649342  	 9.60548500
09/05/2010 	18.656796  	22.74200   	20.807022  	10.03351663
10/05/2010 	20.165789  	23.20839   	21.580375  	10.20116254
11/05/2010 	20.540100  	23.47106   	22.183532  	 9.78893536
12/05/2010 	19.350374  	28.98955   	23.474649  	 8.79835477
13/05/2010 	22.221142  	29.05935   	25.292894  	 8.88874602
14/05/2010 	21.121313  	24.59583   	22.753781  	 9.60009483
15/05/2010 	21.067970  	26.79329   	23.206725  	10.38486139
16/05/2010 	24.476133  	28.40136   	26.532034  	10.45707695
17/05/2010 	24.902567  	28.23065   	26.484106  	10.97993531
18/05/2010 	23.317764  	27.50587   	25.274025  	11.69049996
19/05/2010 	21.742077  	27.14376   	23.834247  	12.10737379
20/05/2010 	19.035454  	23.94923   	21.389561  	12.78269917
21/05/2010 	18.424164  	23.27155   	20.963356  	13.78742470
22/05/2010 	19.751909  	22.87599   	21.454075  	14.41782486
23/05/2010 	19.080318  	23.64889   	21.175038  	15.14339119
24/05/2010 	19.989344  	24.39115   	22.744697  	16.10752654
25/05/2010 	22.424620  	25.66455   	24.235961  	15.82575192
26/05/2010 	20.773794  	24.34770   	22.797352  	14.71710511
27/05/2010 	18.761654  	22.69571   	20.666999  	13.87684039
28/05/2010 	19.749708  	25.98592   	22.463617  	14.39559084
29/05/2010 	20.938057  	26.03952   	23.197223  	14.27774914
30/05/2010 	20.766081  	26.69854   	23.768248  	14.35995976
31/05/2010 	23.391535  	27.84864   	26.423685  	14.38011448
01/06/2010 	21.819166  	27.60657   	23.437646  	14.50551049
02/06/2010 	20.811823  	25.11484   	22.876481  	15.14985116
03/06/2010 	19.470480  	25.98986   	21.562264  	15.73072203
04/06/2010 	19.193743  	24.02140   	20.701442  	16.05585996
05/06/2010 	19.567038  	23.93812   	20.831364  	16.33175095
06/06/2010 	19.507021  	24.38608   	21.067853  	16.86197217
07/06/2010 	20.691097  	25.87125   	23.050865  	17.00020961
08/06/2010 	21.756998  	25.53850   	23.267946  	17.23086715
09/06/2010 	21.595011  	24.79239   	23.028900  	17.88050203
10/06/2010 	18.683664  	23.26650   	21.599388  	18.26804686
11/06/2010 	19.708963  	23.84069   	21.667672  	18.65396146
12/06/2010 	21.077766  	25.60180   	23.295557  	17.82832980
13/06/2010 	21.401003  	24.94781   	22.895899  	17.30609945
14/06/2010 	20.221495  	24.52938   	22.306726  	17.31087637
15/06/2010 	18.520792  	24.39216   	20.388757  	16.45438619
16/06/2010 	16.797586  	25.16878   	20.614253  	15.34116864
17/06/2010 	18.577551  	27.08285   	22.067076  	15.61371086
18/06/2010 	20.528917  	30.26148   	26.770546  	15.14740513
19/06/2010 	28.374157  	32.78399   	31.512330  	14.41146896
20/06/2010 	30.510014  	32.90763   	32.423462  	13.66306545
21/06/2010 	30.047216  	32.97567   	32.306952  	13.62322479
22/06/2010 	29.674862  	32.98323   	31.782895  	14.57600202
23/06/2010 	29.336081  	32.97666   	30.789718  	16.09221329
24/06/2010 	28.684706  	31.94574   	30.403160  	17.52716291
25/06/2010 	29.406744  	31.72554   	30.362004  	18.21635191
26/06/2010 	28.101557  	30.64558   	29.478601  	19.19003153
27/06/2010 	25.421074  	29.18013   	26.964006  	18.71187210
28/06/2010 	25.383154  	28.57976   	26.805309  	20.17567929
29/06/2010 	25.879314  	28.39944   	27.327980  	20.58498665
30/06/2010 	26.349836  	28.87910   	27.674053  	20.70958738
01/07/2010 	26.422716  	28.39391   	27.374539  	20.61921926
02/07/2010 	26.389803  	28.96072   	27.303553  	21.11776090
03/07/2010 	26.286880  	28.47671   	27.375768  	21.69707382
04/07/2010 	26.625360  	28.75968   	27.689051  	21.72405779
05/07/2010 	26.609100  	29.43246   	28.185006  	21.48788508
06/07/2010 	28.044374  	29.45209   	28.614041  	21.08953806
07/07/2010 	27.939461  	29.43124   	28.826727  	19.75402272
08/07/2010 	27.818689  	29.46520   	28.618993  	19.92653783
09/07/2010 	27.596609  	29.19948   	28.300775  	20.75051391
10/07/2010 	26.801321  	29.01848   	28.087520  	21.61513615
11/07/2010 	26.693716  	28.87295   	27.721592  	22.15573382
12/07/2010 	26.178982  	29.17138   	27.463185  	22.50627462
13/07/2010 	27.064720  	29.69087   	27.992231  	21.18027425
14/07/2010 	25.858162  	28.60263   	27.491944  	22.02535645
15/07/2010 	26.596750  	30.01900   	28.637518  	21.46944245
16/07/2010 	28.773312  	29.71370   	29.212314  	20.34136268
17/07/2010 	28.489531  	29.43123   	29.110129  	20.16848238
18/07/2010 	28.545713  	29.72061   	29.207184  	19.13464963
19/07/2010 	28.657860  	29.64746   	29.225356  	19.32161315
20/07/2010 	27.846386  	29.62012   	29.129408  	19.91121010
21/07/2010 	26.520678  	29.47047   	28.282790  	20.45929042
22/07/2010 	27.974339  	29.42495   	28.872508  	20.48067514
23/07/2010 	26.396143  	29.42090   	28.427563  	20.47061698
24/07/2010 	26.082724  	29.33868   	27.618204  	20.03704083
25/07/2010 	25.626715  	29.18317   	26.690922  	20.01723973
26/07/2010 	24.942467  	28.62036   	26.703140  	19.87419383
27/07/2010 	24.571882  	28.37642   	25.660120  	19.84888367
28/07/2010 	23.910654  	27.44838   	25.481284  	20.09101478
29/07/2010 	24.689312  	28.11907   	26.277972  	19.83187334
30/07/2010 	25.031376  	28.23221   	26.388349  	19.38079532
31/07/2010 	22.897415  	27.57932   	25.090668  	19.37874611
01/08/2010 	22.752026  	27.19990   	24.624158  	19.62894150
02/08/2010 	23.540567  	25.99860   	24.595208  	19.90703944
03/08/2010 	23.292055  	26.16968   	24.856096  	19.92852600
04/08/2010 	23.154003  	26.38661   	24.981299  	19.85032606
05/08/2010 	24.661572  	27.22521   	26.108315  	18.95051428
06/08/2010 	22.041698  	26.66797   	25.243310  	18.80450551
07/08/2010 	20.420328  	25.44501   	23.067050  	19.24537623
08/08/2010 	21.068502  	26.03937   	24.139713  	19.22173810
09/08/2010 	20.911070  	25.56237   	23.902671  	19.31188353
10/08/2010 	20.954643  	25.83356   	23.046862  	19.59158611
11/08/2010 	21.569427  	26.30815   	24.011631  	19.33662101
12/08/2010 	22.698488  	25.69264   	24.319702  	19.00065962
13/08/2010 	22.346687  	25.78770   	23.759659  	18.61000701
14/08/2010 	19.681765  	24.31786   	22.494135  	18.69998682
15/08/2010 	15.357593  	22.69453   	19.338787  	18.82348669
16/08/2010 	17.301186  	21.97526   	20.474848  	18.74621061
17/08/2010 	19.249952  	24.82299   	22.073172  	19.02477781
18/08/2010 	21.741282  	25.07850   	23.339048  	18.56235123
19/08/2010 	20.614923  	23.31486   	22.383713  	18.33130344
20/08/2010 	19.526382  	22.18423   	20.550898  	18.67748749
21/08/2010 	19.390768  	20.77591   	20.287508  	19.03992478
22/08/2010 	19.502813  	20.98883   	20.330298  	19.30532579
23/08/2010 	19.729378  	24.81484   	21.509634  	19.31050487
24/08/2010 	20.019583  	25.22249   	23.019065  	18.47076702
25/08/2010 	20.283175  	24.31977   	21.631208  	17.54426527
26/08/2010 	20.635155  	24.11079   	23.000588  	16.65313204
27/08/2010 	21.074577  	24.42308   	22.601502  	16.23916998
28/08/2010 	20.865105  	23.12792   	21.679510  	15.42591798
29/08/2010 	22.195728  	24.17925   	23.291846  	15.52488128
30/08/2010 	19.849211  	27.81955   	25.330397  	14.99524627
31/08/2010 	19.002193  	21.91908   	20.055492  	15.15338433
01/09/2010 	17.941156  	21.60938   	19.635077  	15.33138172
02/09/2010 	17.717730  	20.86961   	18.756752  	15.51711112
03/09/2010 	13.880252  	19.34995   	16.686293  	15.79768149
04/09/2010 	11.990183  	16.09321   	13.886339  	16.01614253
05/09/2010 	 9.631485  	14.22562   	11.892410  	15.93995609
06/09/2010 	 8.487633  	14.44238   	10.352950  	15.60092912
07/09/2010 	 8.135007  	19.02055   	15.617193  	14.74869947
08/09/2010 	12.897241  	19.41684   	15.874324  	14.87914004
09/09/2010 	13.971408  	19.18005   	16.392203  	15.55620134
10/09/2010 	14.379640  	19.10110   	17.243386  	15.81703204
11/09/2010 	16.536247  	20.65921   	18.946356  	16.35955789
12/09/2010 	18.172264  	20.64087   	19.826591  	16.82443531
13/09/2010 	18.667244  	20.61379   	19.779779  	16.29110426
14/09/2010 	17.083467  	21.31688   	20.475577  	16.75213289
15/09/2010 	17.081121  	23.21939   	20.207600  	15.91997015
16/09/2010 	17.769842  	22.70307   	20.319157  	15.09375185
17/09/2010 	16.973289  	23.61188   	20.232235  	14.47503813
18/09/2010 	20.220076  	25.11901   	23.325107  	13.64976962
19/09/2010 	17.254356  	23.69769   	20.448123  	13.71859805
20/09/2010 	17.701227  	19.40621   	18.799276  	14.19502793
21/09/2010 	17.266005  	19.46273   	18.683091  	14.73056229
22/09/2010 	14.721980  	19.10324   	17.075451  	15.04542494
23/09/2010 	14.057696  	18.49055   	15.835203  	15.27214785
24/09/2010 	13.413185  	19.31094   	15.957977  	15.58884388
25/09/2010 	12.888315  	19.65905   	17.474275  	14.23500951
26/09/2010 	15.408098  	18.24293   	16.748516  	13.74298078
27/09/2010 	14.589290  	17.37188   	16.135101  	13.60922194
28/09/2010 	11.121443  	16.69126   	13.717108  	13.95396507
29/09/2010 	11.120220  	16.45164   	12.507682  	13.47721952
30/09/2010 	10.508658  	18.47792   	13.226378  	13.15011726
01/10/2010 	12.595158  	18.49315   	15.182550  	13.57869985
02/10/2010 	18.212002  	20.68278   	19.451541  	13.99643854
03/10/2010 	17.735926  	20.85519   	19.833360  	14.63731033
04/10/2010 	19.896772  	22.08087   	20.741347  	15.11740714
05/10/2010 	19.930107  	21.94820   	20.451332  	15.52634710
06/10/2010 	19.284191  	22.68106   	21.401047  	15.54555180
07/10/2010 	19.472940  	22.58916   	21.195557  	15.46392691
08/10/2010 	16.863207  	21.28071   	18.560450  	15.35815819
09/10/2010 	14.775571  	18.53459   	16.278780  	14.37706447
10/10/2010 	13.586526  	18.08186   	15.148306  	13.20730654
11/10/2010 	12.483682  	17.06631   	13.876749  	12.37428141
12/10/2010 	11.964173  	15.83216   	13.702754  	12.35042731
13/10/2010 	13.576196  	16.46867   	14.987716  	12.24831311
14/10/2010 	14.657865  	18.09019   	16.533995  	12.12333514
15/10/2010 	16.477192  	20.47014   	18.082872  	12.06040263
16/10/2010 	13.719358  	20.56469   	16.451380  	11.06913139
17/10/2010 	14.688545  	17.11947   	15.812482  	10.01552310
18/10/2010 	14.730990  	20.95572   	18.080621  	10.87571768
19/10/2010 	18.463106  	21.39391   	19.948928  	10.68948166
20/10/2010 	20.362288  	25.44666   	21.750653  	 9.72876223
21/10/2010 	20.451145  	26.12131   	21.997116  	 9.15257657
22/10/2010 	19.842894  	21.67022   	20.673460  	 9.66678536
23/10/2010 	18.492306  	21.66890   	20.063367  	 9.51392559
24/10/2010 	19.632137  	23.32580   	21.423617  	 9.06769154
25/10/2010 	20.812115  	24.45589   	22.398213  	 8.18743011
26/10/2010 	18.896215  	25.41575   	22.278132  	 8.00934367
27/10/2010 	18.465433  	21.82848   	19.819480  	 8.61497144
28/10/2010 	18.080149  	20.08279   	19.037679  	 9.17666143
29/10/2010 	18.592505  	20.57681   	19.087780  	 9.23410823
30/10/2010 	19.681154  	21.33064   	20.352794  	 9.69034884
31/10/2010 	19.172684  	20.93887   	20.010145  	 9.72034351
01/11/2010 	17.190411  	20.60737   	19.215089  	 9.74463872
02/11/2010 	17.107450  	23.41647   	21.333579  	10.20488375
03/11/2010 	21.838064  	25.97977   	24.547617  	10.83470978
04/11/2010 	22.301125  	25.62384   	23.579497  	11.18190215
05/11/2010 	20.600073  	24.94448   	22.266366  	11.54213180
06/11/2010 	21.613663  	24.59597   	23.676384  	11.30113190
07/11/2010 	20.593477  	24.51890   	22.965627  	10.28281969
08/11/2010 	15.038116  	22.37493   	18.175653  	 9.01289687
09/11/2010 	10.106867  	20.98208   	15.871423  	 7.94884748
10/11/2010 	12.531319  	19.04207   	15.976727  	 7.18054560
11/11/2010 	15.931916  	24.02646   	19.920941  	 7.60703364
12/11/2010 	19.093447  	24.83591   	23.040997  	 8.35596905
13/11/2010 	18.984453  	21.25287   	19.965061  	 8.05533139
14/11/2010 	19.351679  	20.66520   	19.931585  	 8.34077839
15/11/2010 	19.859068  	22.14752   	20.679183  	 8.18615034
16/11/2010 	19.175024  	21.63477   	20.381126  	 7.67096381
17/11/2010 	13.038318  	20.61616   	16.478980  	 6.96508260
18/11/2010 	12.436377  	20.51891   	16.122257  	 6.85444365
19/11/2010 	14.635489  	20.62273   	17.119484  	 6.81370835
20/11/2010 	14.812416  	19.58522   	16.801091  	 6.68283466
21/11/2010 	14.398681  	18.92478   	15.676849  	 6.68646460
22/11/2010 	11.791687  	17.39416   	14.279862  	 6.40976349
23/11/2010 	12.089543  	19.98530   	15.468321  	 6.02075252
24/11/2010 	14.564911  	20.05131   	17.322715  	 5.18078290
25/11/2010 	14.384506  	20.36331   	17.845116  	 4.68040136
26/11/2010 	14.248414  	18.06474   	16.238618  	 4.44450205
27/11/2010 	13.181811  	18.21251   	14.568142  	 3.77524047
28/11/2010 	12.077222  	18.25424   	13.766633  	 3.36523299
29/11/2010 	10.159506  	17.47763   	12.966931  	 2.12204235
30/11/2010 	11.314498  	16.22516   	14.434372  	 1.60635956
01/12/2010 	11.113618  	16.85655   	15.072621  	 0.22277555
02/12/2010 	15.069845  	20.28992   	17.623856  	 0.04735408
03/12/2010 	16.384211  	19.70716   	17.880217  	-0.27032555
04/12/2010 	17.517351  	23.87979   	22.012998  	 1.70283384
05/12/2010 	22.251513  	24.19602   	23.689588  	 2.46670266
06/12/2010 	22.509100  	24.13090   	23.602101  	 2.37996528
07/12/2010 	21.127214  	23.95506   	22.735956  	 1.60516224
08/12/2010 	20.146021  	22.71268   	21.602058  	 1.04888030
09/12/2010 	21.046864  	27.37508   	24.345927  	 1.40106061
10/12/2010 	23.088221  	28.38694   	25.319699  	 1.74587187
11/12/2010 	23.388025  	30.34522   	27.055125  	 3.43223270
12/12/2010 	24.321619  	29.96207   	29.022867  	 4.12121143
13/12/2010 	23.602104  	29.10239   	25.531666  	 2.63407907
14/12/2010 	16.789104  	25.69314   	20.362915  	 1.49493384
15/12/2010 	18.895447  	24.49274   	21.966634  	 1.60357331
16/12/2010 	19.243710  	27.44532   	22.078775  	 2.01737588
17/12/2010 	20.202154  	26.02625   	23.739320  	 1.71257394
18/12/2010 	18.082014  	22.95033   	20.083619  	 1.42983224
19/12/2010 	15.660269  	21.41958   	18.285166  	 0.07652611
20/12/2010 	16.296782  	21.44840   	18.542528  	-0.52649791
21/12/2010 	16.938421  	21.72424   	19.071355  	-0.67333142
22/12/2010 	15.864855  	19.58753   	17.574410  	-0.92564827
23/12/2010 	14.525635  	21.68609   	16.772873  	-0.29168378
24/12/2010 	14.109468  	25.67748   	19.530668  	-0.54412806
25/12/2010 	20.162821  	29.12647   	24.412078  	-0.82462969
26/12/2010 	20.312618  	27.18537   	23.913417  	-0.61280932
27/12/2010 	19.543715  	27.29242   	23.556528  	 0.01656009
28/12/2010 	19.513599  	21.95667   	20.562703  	-0.16632288
29/12/2010 	17.621353  	20.80597   	19.447804  	-0.27937610
30/12/2010 	18.342684  	20.88193   	19.347546  	-0.17385606
31/12/2010 	18.325294  	21.03767   	19.626573  	 0.29326867
