date	smin	smax	smean	tmean
01/01/2009 	15.408877  	20.661568  	18.450263  	 0.10423802
02/01/2009 	13.918916  	19.801609  	16.326905  	 0.50084664
03/01/2009 	13.932796  	27.896425  	17.423341  	 0.44679083
04/01/2009 	19.020182  	30.423248  	27.969070  	 2.68302531
05/01/2009 	16.607878  	30.006950  	21.405936  	 1.14178227
06/01/2009 	15.920556  	19.496658  	17.665891  	-0.84800410
07/01/2009 	16.195297  	22.046011  	18.654574  	-0.10800736
08/01/2009 	16.130508  	19.695660  	17.333386  	 0.20989245
09/01/2009 	15.686528  	22.107540  	19.337572  	-0.02808026
10/01/2009 	15.126759  	20.512899  	17.240537  	-0.55045231
11/01/2009 	18.462955  	22.076990  	21.105605  	-0.58834316
12/01/2009 	21.059435  	23.779163  	22.679459  	 0.90294619
13/01/2009 	21.860567  	23.728426  	23.052301  	 1.82388481
14/01/2009 	19.360010  	23.447495  	21.206858  	 1.93067287
15/01/2009 	15.919598  	22.425686  	18.389535  	 1.32352555
16/01/2009 	 9.998954  	19.836199  	13.504418  	 1.14272127
17/01/2009 	13.078239  	20.593252  	17.314603  	 1.77248174
18/01/2009 	20.697449  	24.128086  	22.932620  	 2.93902699
19/01/2009 	22.652695  	24.244667  	23.504228  	 2.96027748
20/01/2009 	22.302633  	26.623280  	24.105190  	 3.00624774
21/01/2009 	23.168331  	26.699512  	24.248319  	 2.64714474
22/01/2009 	23.235170  	26.620764  	25.249781  	 2.42187987
23/01/2009 	23.842167  	27.754477  	25.838397  	 3.01859799
24/01/2009 	25.395792  	27.364973  	26.450005  	 3.22577797
25/01/2009 	22.031576  	27.447474  	26.497705  	 2.87282657
26/01/2009 	18.674650  	22.352104  	20.861963  	 2.04069421
27/01/2009 	17.607512  	20.799152  	18.715904  	 1.33584895
28/01/2009 	15.323445  	18.650158  	17.164784  	 1.20122280
29/01/2009 	13.601785  	17.936121  	15.044345  	 0.92709918
30/01/2009 	13.658805  	17.211414  	15.253689  	 0.24985107
31/01/2009 	14.125006  	17.480598  	15.608675  	-0.46382893
01/02/2009 	15.847424  	20.051146  	17.879737  	-0.91298428
02/02/2009 	19.145014  	20.669941  	19.862459  	-0.73687444
03/02/2009 	20.052399  	21.815390  	20.802405  	 0.14888084
04/02/2009 	20.334160  	22.373064  	21.391997  	 0.58964143
05/02/2009 	20.815989  	22.726965  	21.848541  	 0.78322722
06/02/2009 	19.737616  	21.824347  	20.786854  	 1.33142932
07/02/2009 	18.433966  	21.036440  	19.712253  	 1.38660741
08/02/2009 	18.445889  	23.929502  	20.226274  	 1.29822079
09/02/2009 	18.207764  	24.142092  	21.142827  	 1.50831190
10/02/2009 	13.906783  	20.834276  	16.522838  	 1.31950743
11/02/2009 	16.519545  	25.774792  	20.285362  	 1.85341297
12/02/2009 	16.411175  	23.470634  	19.718358  	 1.95703834
13/02/2009 	15.803624  	24.132494  	18.624191  	 1.98146730
14/02/2009 	15.019809  	22.085188  	17.827397  	 1.36610940
15/02/2009 	14.220543  	19.724291  	16.513020  	 1.72604699
16/02/2009 	12.903273  	19.778206  	15.011540  	 2.82897755
17/02/2009 	12.228171  	23.220425  	15.103429  	 2.83523314
18/02/2009 	11.341529  	14.054217  	12.525866  	 2.08363109
19/02/2009 	11.148316  	15.881317  	12.442262  	 2.22950376
20/02/2009 	11.655423  	13.965423  	12.933169  	 3.03695242
21/02/2009 	11.644010  	14.595631  	13.062158  	 3.17077143
22/02/2009 	12.239759  	22.294001  	14.471948  	 3.87063218
23/02/2009 	11.840339  	22.863791  	14.889755  	 4.46313354
24/02/2009 	 9.688272  	13.704567  	11.059392  	 3.75466095
25/02/2009 	 9.435027  	19.961740  	12.770585  	 4.15919154
26/02/2009 	13.127417  	26.531630  	19.939573  	 4.79784929
27/02/2009 	14.644647  	26.355091  	20.176175  	 5.33934475
28/02/2009 	12.622609  	19.698713  	15.298590  	 5.37206221
01/03/2009 	10.097300  	18.026430  	12.770448  	 4.92309431
02/03/2009 	10.108192  	15.846149  	11.733114  	 4.87271332
03/03/2009 	11.690698  	18.671093  	13.684237  	 4.86203578
04/03/2009 	12.808605  	19.119295  	15.531505  	 4.52159953
05/03/2009 	12.596629  	17.411201  	14.409296  	 4.82384698
06/03/2009 	10.549581  	14.115251  	11.766828  	 4.81221947
07/03/2009 	10.510118  	16.134827  	12.410743  	 4.38677765
08/03/2009 	13.049111  	19.561728  	17.605725  	 5.11795564
09/03/2009 	19.403154  	20.828203  	19.873735  	 4.90794614
10/03/2009 	16.929941  	20.914555  	19.812820  	 4.94536602
11/03/2009 	14.240930  	19.989620  	17.202604  	 4.92528815
12/03/2009 	14.132705  	20.307283  	15.996397  	 5.46487260
13/03/2009 	11.880443  	19.149517  	14.421548  	 5.59469488
14/03/2009 	 9.971942  	18.012739  	12.131736  	 5.81045384
15/03/2009 	11.167367  	23.359699  	14.766590  	 5.97502162
16/03/2009 	 8.859653  	14.513442  	10.373054  	 6.22949431
17/03/2009 	 7.324773  	11.608088  	 8.757117  	 6.50974618
18/03/2009 	 6.240277  	 8.728120  	 7.236690  	 6.33032734
19/03/2009 	 6.281249  	 7.958702  	 7.052583  	 6.47720352
20/03/2009 	 5.145373  	 9.399499  	 6.963751  	 6.32251750
21/03/2009 	 6.269580  	10.335811  	 7.595174  	 6.50867872
22/03/2009 	 5.880240  	12.250971  	 8.030707  	 6.67205001
23/03/2009 	 7.999753  	25.098003  	20.070208  	 6.60942139
24/03/2009 	18.364706  	25.808563  	22.217035  	 6.27939631
25/03/2009 	14.006612  	24.219074  	18.659672  	 6.21341918
26/03/2009 	14.022443  	23.971952  	19.434119  	 6.39516359
27/03/2009 	17.332844  	23.848623  	20.627681  	 6.23021693
28/03/2009 	15.343236  	18.472187  	16.862460  	 6.29367224
29/03/2009 	13.451408  	18.065296  	15.123506  	 6.06559642
30/03/2009 	12.363471  	17.204132  	13.366429  	 5.88971184
31/03/2009 	10.628517  	16.213808  	12.193153  	 6.59374283
01/04/2009 	 8.428445  	14.100280  	 9.842855  	 7.11292129
02/04/2009 	 6.588880  	 9.358505  	 8.036398  	 7.60844642
03/04/2009 	 6.577709  	 9.270157  	 8.052414  	 8.23661159
04/04/2009 	 7.562395  	10.804524  	 9.310556  	 8.50226746
05/04/2009 	 9.544460  	11.052915  	10.204678  	 8.66951693
06/04/2009 	 9.133028  	11.689960  	10.675924  	 8.67835948
07/04/2009 	10.469033  	12.846192  	11.485490  	 9.41317830
08/04/2009 	11.289008  	16.024426  	12.759662  	 9.19015785
09/04/2009 	14.187157  	17.022945  	15.893600  	 8.84714003
10/04/2009 	14.479229  	16.983719  	15.963384  	 9.90783713
11/04/2009 	14.319932  	16.230692  	15.066559  	10.57301923
12/04/2009 	14.817135  	16.313477  	15.640068  	10.60191562
13/04/2009 	15.253823  	16.652977  	16.094600  	10.49787553
14/04/2009 	15.867613  	16.847338  	16.454068  	10.64772209
15/04/2009 	15.708998  	16.866348  	16.285937  	11.14031442
16/04/2009 	16.071283  	17.042212  	16.553848  	11.75072857
17/04/2009 	16.013958  	19.306757  	17.959995  	11.25699643
18/04/2009 	15.900635  	19.219402  	17.189051  	11.05231404
19/04/2009 	16.164400  	18.543669  	17.784044  	10.94885665
20/04/2009 	15.950098  	18.027681  	16.975035  	11.94170052
21/04/2009 	17.416710  	17.858551  	17.568078  	12.04961632
22/04/2009 	17.631691  	22.005386  	18.502131  	12.03589920
23/04/2009 	17.885832  	21.092913  	18.959875  	11.77461141
24/04/2009 	18.742355  	21.294479  	20.020031  	12.12595995
25/04/2009 	19.649055  	21.216515  	20.166034  	11.99675681
26/04/2009 	19.663027  	21.308458  	19.893816  	12.83090580
27/04/2009 	19.578371  	22.086861  	20.164302  	12.86534109
28/04/2009 	19.975542  	20.949772  	20.113254  	12.59093352
29/04/2009 	20.070560  	20.733149  	20.333668  	12.70453105
30/04/2009 	20.196400  	20.552143  	20.347027  	12.93564671
01/05/2009 	20.238085  	21.186666  	20.533551  	13.61247261
02/05/2009 	20.461098  	21.933031  	20.842991  	13.83329175
03/05/2009 	20.714577  	22.390972  	21.149780  	13.41587923
04/05/2009 	20.977085  	27.849125  	25.495785  	11.24756173
05/05/2009 	24.844776  	28.079967  	26.429444  	11.43237952
06/05/2009 	25.369280  	28.185596  	27.254313  	12.30811860
07/05/2009 	23.064398  	27.338087  	25.217120  	12.60483700
08/05/2009 	21.183054  	23.500521  	22.142720  	12.73797264
09/05/2009 	20.537136  	21.351000  	21.039968  	12.28502915
10/05/2009 	20.470232  	21.350161  	20.779331  	12.91697699
11/05/2009 	20.958176  	26.024534  	23.215585  	12.16571601
12/05/2009 	24.067068  	26.357649  	25.331931  	11.69594055
13/05/2009 	22.241550  	26.563696  	24.263154  	12.02759661
14/05/2009 	22.268829  	25.368479  	23.522481  	12.51001726
15/05/2009 	21.857677  	23.686539  	22.563362  	13.06203647
16/05/2009 	21.890329  	23.395277  	22.264288  	12.99794491
17/05/2009 	21.709017  	23.030640  	22.347735  	13.34836227
18/05/2009 	23.084394  	24.359060  	23.729427  	13.48922276
19/05/2009 	23.364838  	25.099709  	24.526192  	13.41814691
20/05/2009 	22.809191  	25.062407  	23.866466  	13.76625780
21/05/2009 	22.521345  	24.732046  	23.060045  	14.28463179
22/05/2009 	22.504646  	25.047726  	23.048809  	14.57633307
23/05/2009 	22.506819  	23.668982  	23.331030  	15.22339632
24/05/2009 	21.951492  	23.933041  	22.769490  	15.78828339
25/05/2009 	21.201633  	22.840115  	22.163862  	16.42295067
26/05/2009 	20.565126  	24.940060  	21.992278  	16.85069128
27/05/2009 	22.791471  	27.355179  	25.022030  	15.24537178
28/05/2009 	23.540356  	27.631989  	26.009378  	14.94739715
29/05/2009 	20.070351  	25.153757  	22.000537  	15.06681504
30/05/2009 	17.190859  	21.296082  	19.565843  	14.98009827
31/05/2009 	17.986164  	22.075926  	19.974162  	15.82008976
01/06/2009 	18.310232  	23.075800  	20.958469  	16.74083726
02/06/2009 	20.827536  	28.517981  	26.240949  	15.76297067
03/06/2009 	28.128431  	30.591459  	29.573204  	13.91101072
04/06/2009 	30.338671  	30.960018  	30.694212  	12.07899696
05/06/2009 	28.388010  	31.108515  	30.689294  	12.35765851
06/06/2009 	27.370070  	30.136869  	28.992364  	12.84766843
07/06/2009 	25.959871  	29.650972  	27.288204  	13.64282807
08/06/2009 	24.452942  	27.303167  	25.731731  	15.12146982
09/06/2009 	23.127287  	26.434958  	24.518359  	15.48093941
10/06/2009 	22.802145  	29.054729  	24.609323  	15.32625266
11/06/2009 	21.144562  	24.036264  	21.925451  	15.13256526
12/06/2009 	20.045919  	24.824259  	21.526779  	14.67990440
13/06/2009 	18.583757  	22.580729  	20.301339  	15.16195101
14/06/2009 	17.584194  	22.075117  	19.431271  	16.34752077
15/06/2009 	17.424221  	19.190792  	18.199638  	16.76336606
16/06/2009 	16.324572  	18.539513  	17.153525  	16.45104158
17/06/2009 	15.992533  	18.917696  	17.589042  	16.69640549
18/06/2009 	16.367598  	19.666605  	18.251816  	16.77115277
19/06/2009 	18.221710  	22.521023  	19.879776  	16.19751112
20/06/2009 	19.877172  	24.898359  	21.597307  	15.56727809
21/06/2009 	19.554625  	23.490206  	20.930509  	15.88862534
22/06/2009 	19.175440  	21.827185  	20.591429  	16.01106278
23/06/2009 	19.106543  	23.750460  	20.619151  	16.65451761
24/06/2009 	20.682302  	27.089094  	23.925509  	17.05620321
25/06/2009 	22.586147  	28.674440  	25.649559  	17.23737643
26/06/2009 	21.178164  	26.892225  	24.219863  	18.56425210
27/06/2009 	21.699711  	25.126257  	22.962221  	19.27538184
28/06/2009 	21.750898  	24.397234  	22.825735  	19.82654504
29/06/2009 	22.338045  	24.468010  	23.149821  	20.64041758
30/06/2009 	21.722359  	24.706081  	23.091220  	20.83071506
01/07/2009 	21.650654  	26.978254  	24.034036  	20.90954908
02/07/2009 	22.777325  	27.425064  	24.770115  	21.35458398
03/07/2009 	22.757881  	27.743984  	24.381458  	21.85330355
04/07/2009 	21.533657  	26.180458  	24.113504  	22.05913901
05/07/2009 	20.458101  	24.192854  	21.866025  	22.32173610
06/07/2009 	20.137440  	26.396782  	23.598860  	21.82044506
07/07/2009 	25.227249  	27.523891  	26.674452  	20.33574192
08/07/2009 	23.600744  	29.288803  	25.962795  	19.08499579
09/07/2009 	24.245447  	31.608904  	28.439216  	16.90302376
10/07/2009 	30.728025  	32.336311  	31.157518  	16.17490540
11/07/2009 	28.180435  	32.013840  	30.109563  	16.19905541
12/07/2009 	24.014797  	31.441252  	27.749635  	17.02602033
13/07/2009 	24.231083  	31.560122  	27.960693  	17.91142615
14/07/2009 	21.420391  	27.492430  	23.801027  	18.75051510
15/07/2009 	20.921768  	29.891088  	25.354886  	19.42145852
16/07/2009 	25.392460  	29.534576  	27.594336  	19.29683761
17/07/2009 	23.349339  	26.421745  	24.922909  	19.09534192
18/07/2009 	23.668308  	26.164116  	24.548557  	18.70326920
19/07/2009 	23.866596  	24.231350  	24.018947  	18.21055233
20/07/2009 	23.827717  	25.007784  	24.602570  	18.46530696
21/07/2009 	23.884497  	24.834631  	24.572373  	18.66137270
22/07/2009 	23.089708  	25.228432  	24.220976  	19.21292790
23/07/2009 	23.076090  	25.641590  	24.274497  	18.79860934
24/07/2009 	23.548647  	25.341105  	24.644058  	18.37317026
25/07/2009 	24.628468  	25.223444  	24.897629  	17.57056240
26/07/2009 	22.057522  	26.090654  	24.183122  	17.63389866
27/07/2009 	19.641079  	25.807659  	22.222806  	18.61779559
28/07/2009 	19.696140  	26.484800  	22.771651  	18.28728759
29/07/2009 	19.817640  	25.394552  	21.481425  	18.79076437
30/07/2009 	21.615366  	26.693556  	25.013781  	18.47716308
31/07/2009 	24.937246  	26.660374  	26.025101  	17.58427433
01/08/2009 	22.164234  	25.455227  	23.907238  	18.20631842
02/08/2009 	20.551838  	24.270214  	21.964377  	18.84363234
03/08/2009 	19.286539  	24.292496  	21.154097  	19.05375199
04/08/2009 	18.560213  	20.829079  	19.457317  	19.74419439
05/08/2009 	18.667091  	19.380589  	19.021551  	20.31566230
06/08/2009 	18.908331  	20.620274  	19.443513  	20.86169239
07/08/2009 	19.604635  	20.875940  	20.229758  	20.68050492
08/08/2009 	19.663815  	22.066879  	20.360343  	20.46752667
09/08/2009 	20.341957  	22.553247  	21.004242  	20.20393360
10/08/2009 	20.439486  	22.899769  	21.376709  	20.46496880
11/08/2009 	20.540026  	23.571079  	21.193135  	20.46671685
12/08/2009 	20.700809  	26.465406  	22.121360  	19.58407962
13/08/2009 	20.857891  	26.720013  	21.928385  	19.32886112
14/08/2009 	20.278263  	22.054131  	20.898059  	20.02943432
15/08/2009 	21.243473  	27.798540  	24.629207  	19.38126417
16/08/2009 	24.247517  	27.903366  	26.689275  	19.88084821
17/08/2009 	24.418625  	27.931341  	25.994865  	19.77521861
18/08/2009 	21.455544  	29.885668  	24.982553  	19.33840744
19/08/2009 	19.569780  	24.657074  	20.988374  	19.92544683
20/08/2009 	19.298868  	24.795341  	20.997815  	20.16819906
21/08/2009 	19.357859  	26.367470  	22.889127  	19.57716978
22/08/2009 	21.407679  	26.448137  	23.388437  	18.82156642
23/08/2009 	22.418064  	24.732664  	22.847995  	19.52383045
24/08/2009 	21.911245  	22.817520  	22.318545  	19.44591860
25/08/2009 	22.253477  	23.687407  	22.791551  	20.19353994
26/08/2009 	22.603529  	24.283371  	23.271588  	18.68790686
27/08/2009 	23.190722  	26.786886  	24.392700  	18.86276178
28/08/2009 	25.745813  	26.726204  	26.273050  	18.23355174
29/08/2009 	25.872761  	26.398129  	26.099663  	17.22828968
30/08/2009 	25.888578  	26.043493  	25.960232  	16.06430713
31/08/2009 	25.314093  	26.465765  	25.944341  	17.35658105
01/09/2009 	23.369688  	26.154978  	24.423152  	17.67593944
02/09/2009 	23.014057  	24.728931  	24.061677  	17.31554945
03/09/2009 	24.452963  	28.327456  	26.189375  	17.06896659
04/09/2009 	28.346182  	29.863674  	29.083001  	16.63172779
05/09/2009 	28.667728  	29.443535  	29.022279  	15.91128224
06/09/2009 	28.458355  	29.225128  	28.876845  	15.21377756
07/09/2009 	27.134743  	28.908300  	28.256443  	15.42678022
08/09/2009 	24.211018  	28.557772  	25.861997  	16.27785446
09/09/2009 	23.909698  	28.395817  	25.365345  	16.70614501
10/09/2009 	24.743082  	28.259245  	27.582017  	16.02800532
11/09/2009 	27.563765  	28.348570  	27.903564  	15.72059957
12/09/2009 	28.062929  	28.644869  	28.454561  	15.94021986
13/09/2009 	28.615925  	29.673540  	29.067524  	15.37083584
14/09/2009 	27.839203  	29.698677  	28.825493  	15.68544869
15/09/2009 	26.908810  	29.192020  	27.584212  	15.50003465
16/09/2009 	27.220732  	30.009682  	28.683954  	15.94410825
17/09/2009 	28.356985  	30.285585  	29.453553  	15.50335181
18/09/2009 	28.699554  	30.172815  	29.360084  	15.29920222
19/09/2009 	28.412052  	29.693172  	28.947340  	15.60534247
20/09/2009 	27.959782  	29.951885  	28.710434  	16.20671068
21/09/2009 	28.547449  	30.072495  	29.218848  	15.61217701
22/09/2009 	28.278151  	30.622555  	29.200931  	15.70275889
23/09/2009 	28.455242  	31.818407  	30.061237  	15.68829729
24/09/2009 	28.296228  	31.993938  	29.966974  	14.85682589
25/09/2009 	27.819603  	31.951988  	29.316856  	14.58883421
26/09/2009 	27.891972  	31.218126  	28.309051  	15.44201456
27/09/2009 	27.101467  	28.184307  	27.676944  	16.03189391
28/09/2009 	26.198374  	31.994823  	28.186849  	16.24798604
29/09/2009 	28.986530  	32.482517  	31.364596  	16.39614524
30/09/2009 	26.128841  	31.844946  	28.391988  	15.90562081
01/10/2009 	25.753073  	32.424080  	28.961242  	14.84367990
02/10/2009 	26.532074  	32.533470  	30.182714  	13.08127189
03/10/2009 	28.611923  	32.784195  	31.409200  	13.84092848
04/10/2009 	28.182236  	31.042662  	29.138138  	13.26399656
05/10/2009 	27.950542  	29.721613  	29.075706  	12.48491240
06/10/2009 	25.008467  	28.775816  	27.031157  	12.85835059
07/10/2009 	26.535061  	28.499514  	27.326986  	13.76483385
08/10/2009 	22.916256  	27.112328  	24.683838  	13.05708365
09/10/2009 	19.948797  	24.371712  	21.737892  	12.24624580
10/10/2009 	15.613858  	20.670816  	18.641394  	11.82344699
11/10/2009 	17.515020  	28.637114  	21.041203  	12.10001560
12/10/2009 	21.348240  	29.383106  	24.629508  	11.35233702
13/10/2009 	21.047087  	29.235502  	27.233777  	10.31970636
14/10/2009 	21.731956  	27.499363  	24.040037  	 9.97265989
15/10/2009 	19.439430  	29.341217  	22.916317  	 9.34630295
16/10/2009 	28.730846  	33.126965  	31.650638  	10.77974029
17/10/2009 	30.753405  	32.648533  	31.813167  	 9.17095198
18/10/2009 	30.144291  	32.828171  	31.572870  	 9.56915989
19/10/2009 	29.439896  	32.612717  	31.096114  	 9.43268663
20/10/2009 	20.847368  	30.211046  	25.499081  	 8.41981412
21/10/2009 	17.020731  	24.095837  	20.965702  	 8.23067984
22/10/2009 	13.778831  	23.862364  	20.977736  	 8.22352639
23/10/2009 	18.416868  	23.152494  	21.213749  	 9.01361720
24/10/2009 	21.012114  	25.136086  	23.604467  	 9.90231584
25/10/2009 	24.464935  	27.860777  	26.421410  	10.43210753
26/10/2009 	27.871599  	28.350315  	28.083015  	10.92499512
27/10/2009 	27.917315  	28.519053  	28.217510  	11.29986387
28/10/2009 	26.364960  	28.372314  	27.333726  	11.35850598
29/10/2009 	25.126238  	28.472679  	26.256051  	11.47348783
30/10/2009 	21.899113  	25.911354  	24.314456  	11.12177509
31/10/2009 	20.889399  	24.710222  	21.720857  	10.29612885
01/11/2009 	21.434561  	25.904207  	23.321950  	11.13603610
02/11/2009 	23.888887  	27.309080  	26.321852  	10.99195635
03/11/2009 	25.321381  	28.381878  	26.780135  	10.13257696
04/11/2009 	26.808775  	28.289997  	27.841353  	 9.90903610
05/11/2009 	27.384678  	27.838352  	27.604665  	 9.81268181
06/11/2009 	26.056946  	27.904135  	27.332118  	 9.49046562
07/11/2009 	26.622223  	27.267801  	27.101351  	 9.78549310
08/11/2009 	24.470381  	27.299500  	25.897049  	 8.85103564
09/11/2009 	20.260096  	26.117311  	22.768275  	 8.48541830
10/11/2009 	19.514324  	23.410971  	20.972660  	 8.52225133
11/11/2009 	20.159748  	22.913855  	20.710136  	 8.88297379
12/11/2009 	19.064081  	24.623140  	20.963822  	 8.50152802
13/11/2009 	19.047989  	26.246222  	24.228103  	 9.21181838
14/11/2009 	24.570646  	27.264503  	25.579419  	10.33950456
15/11/2009 	26.836323  	28.099445  	27.368671  	10.15113115
16/11/2009 	24.246008  	28.051147  	26.290524  	10.09684447
17/11/2009 	25.502800  	27.368959  	26.313533  	10.08816801
18/11/2009 	26.216827  	30.116695  	27.800447  	10.33994728
19/11/2009 	26.111588  	30.319199  	29.415726  	10.58471636
20/11/2009 	24.127455  	27.438334  	26.143863  	 9.97090834
21/11/2009 	23.463655  	26.663437  	25.021412  	10.51629923
22/11/2009 	24.662664  	28.797110  	26.859239  	10.74878554
23/11/2009 	28.744711  	29.922182  	29.220377  	10.36066987
24/11/2009 	29.342020  	29.975563  	29.819124  	10.36298702
25/11/2009 	25.620243  	29.902016  	28.547167  	10.18726031
26/11/2009 	29.672546  	30.533688  	30.356027  	 9.74953264
27/11/2009 	30.363651  	30.548496  	30.475162  	 9.34418062
28/11/2009 	30.041227  	30.487688  	30.327843  	 8.67218298
29/11/2009 	28.326332  	30.323257  	29.434755  	 8.57335476
30/11/2009 	26.595284  	28.912506  	27.624348  	 8.06781835
01/12/2009 	22.091043  	27.147211  	24.947082  	 7.27476626
02/12/2009 	17.097198  	24.655109  	20.819473  	 6.32821231
03/12/2009 	15.733814  	26.265350  	21.708473  	 7.15706004
04/12/2009 	22.769791  	26.938414  	25.067693  	 7.52083153
05/12/2009 	23.778311  	26.493061  	25.266781  	 6.95371489
06/12/2009 	23.892357  	25.241608  	24.422005  	 8.19102573
07/12/2009 	24.083658  	24.784830  	24.412961  	 7.90315862
08/12/2009 	21.381254  	24.294075  	22.714552  	 7.51443114
09/12/2009 	20.819187  	23.994848  	21.681917  	 7.40361630
10/12/2009 	17.153811  	23.541702  	20.387660  	 7.93485520
11/12/2009 	15.202938  	20.552401  	17.625040  	 7.84269146
12/12/2009 	12.655311  	19.564709  	15.800619  	 6.80823680
13/12/2009 	13.530431  	17.306950  	14.981640  	 5.34132330
14/12/2009 	11.677358  	15.709337  	13.425882  	 4.57625502
15/12/2009 	10.651996  	12.309566  	11.503962  	 3.72875964
16/12/2009 	10.657815  	14.126393  	12.505062  	 3.02446999
17/12/2009 	 8.359114  	15.081837  	12.290729  	 3.60196735
18/12/2009 	 6.918221  	15.045011  	11.383981  	 2.79570993
19/12/2009 	 9.063970  	15.035501  	12.571424  	 1.82687568
20/12/2009 	12.693516  	19.853741  	17.104353  	 1.81863806
21/12/2009 	17.469955  	21.016647  	19.361592  	 2.01806068
22/12/2009 	16.803213  	21.084509  	18.223744  	 1.79300496
23/12/2009 	17.881958  	20.596308  	19.447460  	 1.92405096
24/12/2009 	16.016277  	20.321062  	17.759806  	 1.86892462
25/12/2009 	13.277660  	21.541424  	15.903190  	 1.92966674
26/12/2009 	20.000376  	23.415083  	21.346639  	 3.06973086
27/12/2009 	20.503796  	22.824356  	21.904456  	 3.55028213
28/12/2009 	20.780081  	23.522213  	22.223765  	 3.59616749
29/12/2009 	14.959647  	21.474354  	18.913327  	 2.67135682
30/12/2009 	11.810064  	17.081896  	14.801629  	 1.99586707
31/12/2009 	11.626176  	20.040501  	15.012060  	 1.63417567
01/01/2010 	14.619966  	20.512985  	16.491802  	 1.21795187
02/01/2010 	12.097990  	17.267473  	15.467419  	 1.33855935
03/01/2010 	12.677392  	15.792562  	14.538387  	 0.89618099
04/01/2010 	13.282782  	16.773085  	14.737383  	 1.04528527
05/01/2010 	14.162017  	17.407421  	15.538038  	 1.43081762
06/01/2010 	13.488446  	17.327152  	15.157805  	 1.34100333
07/01/2010 	12.948194  	17.054453  	14.258159  	 1.09007038
08/01/2010 	10.551674  	14.941951  	12.120410  	 0.30391935
09/01/2010 	10.050961  	24.185492  	16.632192  	-0.06768916
10/01/2010 	10.278663  	26.416481  	17.030210  	 0.23736971
11/01/2010 	10.759351  	16.027157  	13.348970  	 0.17177711
12/01/2010 	 6.958354  	14.363529  	12.299778  	-0.23116196
13/01/2010 	 4.949816  	14.355967  	11.172114  	-0.65699382
14/01/2010 	11.843848  	15.984667  	13.996010  	-0.71890541
15/01/2010 	15.538576  	17.412121  	16.323496  	-0.38316175
16/01/2010 	16.443304  	18.597332  	17.031408  	-0.07206933
17/01/2010 	17.699108  	19.225153  	18.468353  	 0.25566831
18/01/2010 	18.214321  	20.487656  	19.752228  	 0.97676515
19/01/2010 	17.851534  	20.122446  	18.900109  	 1.27092671
20/01/2010 	13.905682  	18.098009  	15.632874  	 0.58626851
21/01/2010 	10.708162  	15.596992  	13.366766  	 0.50281584
22/01/2010 	 8.132237  	14.161627  	11.332970  	-0.01423254
23/01/2010 	 8.167329  	14.035631  	11.819521  	 0.23447661
24/01/2010 	12.231088  	15.769432  	14.390069  	 0.15847196
25/01/2010 	12.790126  	15.227847  	14.204761  	-0.29514817
26/01/2010 	10.973377  	15.754324  	12.891257  	-0.74274563
27/01/2010 	11.021124  	23.767086  	13.962017  	-0.34019586
28/01/2010 	17.847567  	24.826595  	22.338977  	 0.69434073
29/01/2010 	15.183087  	26.202293  	19.806933  	 1.01936809
30/01/2010 	14.354957  	21.867626  	15.890863  	 0.46851691
31/01/2010 	15.092649  	25.598896  	18.305478  	 0.70731690
01/02/2010 	14.945532  	24.958797  	19.162738  	 0.91694007
02/02/2010 	15.815500  	27.862228  	22.889048  	 1.33375628
03/02/2010 	18.604912  	28.754038  	22.582091  	 1.30524186
04/02/2010 	15.984715  	26.409101  	20.009589  	 1.38769825
05/02/2010 	11.614375  	19.811264  	13.980167  	 1.34386689
06/02/2010 	10.823360  	13.664384  	12.336364  	 1.43409652
07/02/2010 	 9.275592  	12.770483  	10.614635  	 1.04315622
08/02/2010 	 8.339266  	11.380723  	 9.789367  	 0.27466480
09/02/2010 	 8.449142  	11.601692  	 9.524435  	-0.43066876
10/02/2010 	 9.193607  	21.627836  	13.056739  	-0.45444774
11/02/2010 	15.332715  	24.671898  	19.259217  	-0.50324498
12/02/2010 	16.668869  	23.472202  	19.060148  	-0.67773957
13/02/2010 	19.495636  	26.373333  	23.107459  	-0.62799130
14/02/2010 	19.064762  	23.829653  	21.854869  	-0.92196629
15/02/2010 	16.847357  	20.641100  	18.710455  	-1.03327861
16/02/2010 	14.778484  	20.687864  	17.085591  	-0.72371409
17/02/2010 	14.919960  	19.371948  	16.505147  	-0.71419287
18/02/2010 	15.304197  	16.745880  	15.856625  	-0.33779676
19/02/2010 	15.926025  	20.932949  	17.531008  	 0.39172631
20/02/2010 	20.093779  	21.663239  	20.962906  	 0.57973656
21/02/2010 	18.981880  	21.449867  	20.232467  	 0.56660351
22/02/2010 	18.308645  	21.604563  	19.826420  	 0.95248594
23/02/2010 	15.609471  	18.784451  	17.482410  	 0.91631710
24/02/2010 	14.609766  	19.137741  	16.339701  	 0.98408186
25/02/2010 	16.231161  	18.634542  	17.344651  	 2.00761713
26/02/2010 	17.390667  	23.401712  	19.512660  	 2.64474159
27/02/2010 	23.050320  	24.937300  	24.165675  	 2.76727428
28/02/2010 	20.912655  	24.743464  	22.621794  	 3.20163380
01/03/2010 	20.583055  	24.732187  	22.323433  	 3.29190655
02/03/2010 	18.103828  	23.782917  	20.371346  	 2.68318419
03/03/2010 	15.992244  	19.722719  	17.873099  	 2.61205676
04/03/2010 	15.156773  	21.841032  	18.128887  	 2.68797633
05/03/2010 	16.220993  	26.181547  	18.951279  	 2.57455103
06/03/2010 	16.981182  	26.056419  	21.330306  	 2.05550351
07/03/2010 	16.414091  	20.865492  	18.182819  	 1.04492224
08/03/2010 	12.135994  	16.455364  	14.491727  	 1.36216857
09/03/2010 	10.138905  	13.966270  	12.552701  	 1.37684375
10/03/2010 	 8.312773  	12.960029  	10.945885  	 1.77456071
11/03/2010 	 8.020123  	14.502941  	 9.645216  	 1.82105207
12/03/2010 	 9.755125  	14.709130  	12.113213  	 2.58150629
13/03/2010 	10.862555  	22.784718  	13.609600  	 2.93971740
14/03/2010 	10.978911  	29.632404  	18.499318  	 4.10216019
15/03/2010 	13.396346  	25.546553  	16.979407  	 4.04867049
16/03/2010 	11.614282  	26.398657  	17.471756  	 4.33649496
17/03/2010 	10.697933  	20.809156  	14.079459  	 4.35693740
18/03/2010 	11.088295  	19.725176  	14.015192  	 4.90906442
19/03/2010 	11.703516  	20.373873  	15.976847  	 5.86393767
20/03/2010 	14.319215  	21.156593  	17.114068  	 6.66805822
21/03/2010 	13.137946  	19.007082  	15.087053  	 6.47761268
22/03/2010 	12.462491  	14.753481  	13.545108  	 5.92678650
23/03/2010 	11.967806  	17.463694  	13.765718  	 6.21036034
24/03/2010 	10.295609  	13.979376  	11.695641  	 6.66246815
25/03/2010 	10.168964  	13.454887  	11.627480  	 7.36786786
26/03/2010 	11.518804  	15.164398  	13.439418  	 7.59907417
27/03/2010 	13.110859  	17.381416  	15.067177  	 7.32027405
28/03/2010 	14.360455  	18.545668  	15.966107  	 7.54369443
29/03/2010 	13.645582  	17.933666  	15.107027  	 7.79139072
30/03/2010 	11.445270  	16.045874  	13.347983  	 7.90746130
31/03/2010 	13.578985  	23.508778  	17.583125  	 7.32602936
01/04/2010 	22.626732  	24.010023  	23.381622  	 6.38450998
02/04/2010 	21.613136  	24.444853  	23.562212  	 6.09509465
03/04/2010 	17.061436  	23.603096  	18.890909  	 6.75837056
04/04/2010 	14.222833  	17.970907  	15.760261  	 7.28838959
05/04/2010 	14.231065  	17.079227  	15.822820  	 7.26385206
06/04/2010 	12.233856  	17.738384  	15.309454  	 7.57178147
07/04/2010 	10.529186  	15.368338  	12.802554  	 8.13168058
08/04/2010 	12.272147  	16.260788  	13.500834  	 8.70280586
09/04/2010 	12.419098  	16.121332  	14.542794  	 8.91967207
10/04/2010 	13.930012  	15.582508  	14.593425  	 9.07611523
11/04/2010 	13.957182  	19.793144  	15.919779  	 8.65792861
12/04/2010 	16.857086  	20.044928  	17.915393  	 8.48376065
13/04/2010 	17.542913  	21.638092  	20.023685  	 8.26529163
14/04/2010 	17.412077  	23.263659  	19.945059  	 8.34787982
15/04/2010 	19.189995  	23.422649  	21.015667  	 8.19485367
16/04/2010 	20.573948  	25.886122  	24.218167  	 8.18487850
17/04/2010 	22.103020  	24.984489  	23.764037  	 8.35801868
18/04/2010 	18.912512  	24.330683  	21.145662  	 9.11709905
19/04/2010 	17.057358  	20.740273  	18.554098  	 9.35071856
20/04/2010 	16.692205  	28.211111  	19.427773  	 9.13375540
21/04/2010 	23.758236  	30.288109  	27.669514  	 7.84348553
22/04/2010 	20.544500  	30.115204  	24.179919  	 7.69715672
23/04/2010 	17.579199  	24.022892  	20.653193  	 8.54579294
24/04/2010 	16.007988  	19.748718  	18.074814  	 9.68053611
25/04/2010 	15.969872  	18.112053  	17.273608  	 9.78173898
26/04/2010 	17.346272  	19.849556  	18.400840  	10.52457941
27/04/2010 	18.519598  	19.958603  	19.056958  	11.00866958
28/04/2010 	17.373949  	20.608624  	18.518973  	11.57883980
29/04/2010 	17.217539  	21.936115  	18.629731  	12.01565458
30/04/2010 	18.550707  	22.906378  	20.125024  	12.07464623
01/05/2010 	19.806532  	22.585203  	20.976617  	11.95800241
02/05/2010 	17.999115  	24.577063  	20.331871  	11.17358436
03/05/2010 	19.229303  	30.899380  	26.982400  	 9.65421091
04/05/2010 	27.381641  	32.019611  	30.143391  	 8.38591483
05/05/2010 	24.090471  	30.790939  	28.012838  	 8.62220837
06/05/2010 	16.945179  	26.253370  	20.717658  	 9.05062582
07/05/2010 	19.134483  	23.675829  	21.144143  	 9.25752117
08/05/2010 	17.973732  	22.869469  	20.633112  	 9.88369912
09/05/2010 	19.442381  	20.928717  	20.195056  	10.01609459
10/05/2010 	19.561819  	24.745806  	20.980885  	 9.83752728
11/05/2010 	19.961681  	27.545050  	23.930364  	 9.42920319
12/05/2010 	23.527506  	31.308428  	28.730569  	 8.82091642
13/05/2010 	25.781609  	31.786201  	28.513306  	 9.19384778
14/05/2010 	22.630886  	27.995714  	25.871346  	 9.62372937
15/05/2010 	20.575064  	26.136364  	22.688240  	10.21662490
16/05/2010 	19.621828  	27.250635  	22.020713  	10.36633750
17/05/2010 	19.040607  	22.760897  	20.087220  	10.75813717
18/05/2010 	18.051764  	21.741543  	19.399949  	11.19715510
19/05/2010 	17.522371  	24.323074  	20.381581  	11.54023767
20/05/2010 	17.126621  	23.130533  	20.089777  	12.49731831
21/05/2010 	16.413792  	22.146229  	19.229388  	13.48953450
22/05/2010 	16.827105  	21.377041  	19.337480  	13.93790770
23/05/2010 	16.756214  	23.669333  	20.145344  	14.61737863
24/05/2010 	18.135145  	25.166571  	20.178423  	15.43608695
25/05/2010 	18.397869  	23.399757  	20.749224  	14.79757355
26/05/2010 	18.207556  	25.011827  	21.127690  	14.17360183
27/05/2010 	18.647053  	24.537243  	21.553871  	14.10735621
28/05/2010 	18.656752  	24.186872  	20.895830  	14.47297780
29/05/2010 	17.569040  	24.337351  	19.357272  	14.29075245
30/05/2010 	17.890144  	24.849583  	19.949407  	14.45997143
31/05/2010 	20.539055  	25.260607  	21.863115  	14.35026507
01/06/2010 	19.479544  	22.013063  	20.786438  	14.73266701
02/06/2010 	18.120668  	21.132269  	19.353102  	14.89880772
03/06/2010 	18.206339  	21.499081  	19.542712  	15.18874158
04/06/2010 	18.385864  	22.535610  	20.754836  	15.74382559
05/06/2010 	19.910595  	22.803341  	21.235729  	16.48363703
06/06/2010 	20.536467  	22.014860  	21.188979  	17.27909509
07/06/2010 	20.887093  	22.617125  	21.563715  	16.95601324
08/06/2010 	20.202776  	21.567030  	20.904417  	17.27377176
09/06/2010 	19.091660  	20.839319  	20.332536  	17.78632263
10/06/2010 	17.369753  	19.680634  	18.408497  	17.85412610
11/06/2010 	17.248266  	19.686533  	18.176728  	18.23569592
12/06/2010 	18.165939  	25.329653  	19.728485  	17.09839761
13/06/2010 	17.094582  	21.777622  	18.514966  	16.69224010
14/06/2010 	16.265766  	20.449509  	17.381338  	17.23210490
15/06/2010 	17.536337  	31.039164  	24.084699  	15.58641533
16/06/2010 	23.022118  	30.190603  	27.668875  	15.16509281
17/06/2010 	23.679537  	31.560421  	29.081029  	15.53314267
18/06/2010 	28.802034  	32.647385  	31.943927  	15.28967164
19/06/2010 	32.637756  	32.851749  	32.758516  	13.77126463
20/06/2010 	32.831562  	32.950626  	32.891668  	12.72174960
21/06/2010 	30.954485  	33.005238  	32.320797  	13.73603759
22/06/2010 	28.364981  	32.284756  	30.597009  	15.17177228
23/06/2010 	26.370796  	29.711632  	28.321319  	16.27112218
24/06/2010 	26.066338  	28.236244  	26.759944  	17.07407173
25/06/2010 	25.294220  	27.825054  	26.323935  	17.27519508
26/06/2010 	25.182146  	27.091017  	25.877561  	17.95272915
27/06/2010 	25.466036  	27.722996  	26.520406  	17.98946979
28/06/2010 	24.536701  	28.524857  	26.295382  	19.60649105
29/06/2010 	25.046141  	27.782131  	26.051144  	19.89404158
30/06/2010 	25.498772  	27.707628  	26.249169  	19.95265989
01/07/2010 	25.343658  	28.028843  	26.364445  	19.91561937
02/07/2010 	24.610483  	27.414650  	25.662604  	20.81654052
03/07/2010 	24.470268  	26.887312  	25.141490  	21.30726226
04/07/2010 	24.222883  	26.085478  	25.004848  	21.26021898
05/07/2010 	24.037630  	27.740608  	25.485114  	20.78608267
06/07/2010 	23.871452  	26.901701  	24.724433  	20.10601135
07/07/2010 	22.971909  	25.538528  	24.518844  	18.86097586
08/07/2010 	22.997347  	26.521589  	24.642943  	19.77488911
09/07/2010 	23.699408  	25.042433  	24.419156  	21.63312344
10/07/2010 	23.596704  	25.183575  	24.450296  	22.50882816
11/07/2010 	23.946680  	25.481976  	24.653433  	22.62128762
12/07/2010 	24.506659  	26.532101  	25.075981  	22.02462339
13/07/2010 	25.242243  	26.936209  	25.929414  	21.11331411
14/07/2010 	24.143078  	27.232910  	25.293234  	21.88243159
15/07/2010 	24.542080  	29.129881  	26.844716  	20.62029568
16/07/2010 	26.093527  	29.101353  	27.770026  	18.56036870
17/07/2010 	25.893084  	29.543060  	27.987648  	18.51032388
18/07/2010 	25.004025  	29.543409  	27.116597  	18.25157181
19/07/2010 	23.519453  	29.051693  	25.460972  	18.99501685
20/07/2010 	22.761595  	24.680380  	23.676097  	20.34100191
21/07/2010 	22.601381  	24.062311  	23.484894  	21.05562115
22/07/2010 	23.099113  	25.925714  	24.305070  	20.74522301
23/07/2010 	22.765209  	24.587244  	24.121099  	20.85999870
24/07/2010 	21.904911  	24.590630  	22.782944  	19.73916845
25/07/2010 	21.718378  	23.060997  	22.271241  	20.24388333
26/07/2010 	21.556606  	24.849911  	22.256750  	20.08950333
27/07/2010 	21.402584  	24.376635  	22.478103  	19.93042660
28/07/2010 	20.539238  	24.591333  	21.628641  	20.27626085
29/07/2010 	20.353523  	24.731234  	21.399736  	19.63819949
30/07/2010 	20.170488  	26.058968  	21.669275  	18.79262467
31/07/2010 	19.731634  	26.352272  	21.999959  	19.26729357
01/08/2010 	18.534487  	23.365337  	20.318549  	19.73935203
02/08/2010 	17.745121  	21.072214  	19.016801  	20.33903476
03/08/2010 	19.066257  	20.407310  	19.667155  	20.09985685
04/08/2010 	19.229206  	23.989904  	20.723198  	19.45101861
05/08/2010 	20.285305  	24.369415  	21.267859  	19.15686258
06/08/2010 	19.538342  	21.771807  	20.892912  	19.21416990
07/08/2010 	18.810795  	21.518002  	20.167962  	19.48491371
08/08/2010 	18.764782  	22.551510  	19.786170  	19.38456082
09/08/2010 	18.247438  	20.085529  	19.337872  	19.70229288
10/08/2010 	17.487061  	21.414680  	19.610664  	19.65462895
11/08/2010 	19.216259  	22.628363  	19.938327  	19.16175830
12/08/2010 	17.639503  	22.236925  	19.758964  	19.12453457
13/08/2010 	17.169731  	22.805214  	19.485243  	18.78367297
14/08/2010 	15.623107  	20.719036  	17.427036  	19.33792396
15/08/2010 	14.720335  	26.688314  	20.727304  	18.63063832
16/08/2010 	20.957653  	29.727470  	24.626825  	19.23921625
17/08/2010 	18.169249  	24.418596  	20.623023  	19.15625409
18/08/2010 	19.293299  	26.368090  	22.446070  	18.27362176
19/08/2010 	21.665117  	27.646393  	25.093016  	17.77849507
20/08/2010 	23.058924  	27.343058  	25.027973  	17.73272336
21/08/2010 	20.922117  	24.604105  	23.005351  	18.77173960
22/08/2010 	18.699335  	22.282841  	20.761405  	19.19038681
23/08/2010 	16.271719  	20.913023  	19.655243  	19.25270931
24/08/2010 	20.776762  	24.258272  	22.778656  	17.95396221
25/08/2010 	22.890448  	25.137056  	24.014868  	16.47457705
26/08/2010 	21.743065  	23.822239  	22.680294  	16.32617376
27/08/2010 	20.166868  	23.389885  	21.464308  	16.04995495
28/08/2010 	20.501116  	26.560017  	23.409313  	15.30375763
29/08/2010 	17.957733  	27.576742  	22.756274  	14.93573521
30/08/2010 	17.052769  	27.779583  	22.998373  	14.59395824
31/08/2010 	17.162897  	24.372681  	20.222672  	14.83170470
01/09/2010 	14.928136  	19.768394  	16.938337  	15.15564064
02/09/2010 	13.492905  	16.765593  	14.864893  	15.46174806
03/09/2010 	12.809633  	14.641709  	13.590720  	15.76428302
04/09/2010 	10.642850  	13.125655  	11.825706  	16.07848521
05/09/2010 	 8.944725  	11.759932  	10.753922  	16.03364569
06/09/2010 	 6.016229  	11.618645  	 9.174358  	15.46393822
07/09/2010 	 7.494290  	13.889640  	10.938318  	14.33730211
08/09/2010 	10.085414  	16.116482  	12.847836  	15.05911469
09/09/2010 	12.888405  	16.320791  	14.240904  	15.72871886
10/09/2010 	13.943012  	16.429960  	15.259051  	15.92136015
11/09/2010 	14.237948  	17.633364  	15.486993  	16.25882369
12/09/2010 	14.376992  	18.003633  	16.084181  	16.54624085
13/09/2010 	14.293394  	18.224901  	15.735500  	15.82823072
14/09/2010 	17.867336  	21.139200  	19.323698  	16.70167120
15/09/2010 	19.332710  	23.264204  	21.667310  	15.75991758
16/09/2010 	22.123314  	24.266050  	23.100410  	14.61000238
17/09/2010 	24.395380  	27.811285  	25.330314  	13.52893289
18/09/2010 	24.544537  	26.930168  	25.830069  	12.80634421
19/09/2010 	24.664522  	26.822237  	26.474165  	12.73115100
20/09/2010 	19.670710  	26.667803  	22.566365  	14.00858968
21/09/2010 	16.863789  	21.950256  	19.125492  	14.87790396
22/09/2010 	13.393464  	17.364176  	15.671351  	14.70283890
23/09/2010 	11.881982  	16.893248  	13.529261  	15.13350292
24/09/2010 	10.890759  	15.924492  	12.510825  	15.19957777
25/09/2010 	 9.827933  	15.607562  	12.037983  	13.62752078
26/09/2010 	12.061625  	15.328476  	12.981290  	13.56660912
27/09/2010 	10.929285  	13.459733  	11.965769  	14.14270335
28/09/2010 	10.097639  	11.633012  	10.919162  	14.16447588
29/09/2010 	 9.206665  	11.277441  	10.186679  	13.22141602
30/09/2010 	 6.558346  	10.822942  	 8.320778  	12.54771789
01/10/2010 	 8.978092  	13.469974  	11.617087  	13.25287763
02/10/2010 	 9.905560  	16.960611  	13.749980  	13.62248296
03/10/2010 	16.019653  	19.226372  	17.617651  	14.75534739
04/10/2010 	15.849449  	19.471313  	17.278779  	15.15056471
05/10/2010 	15.810703  	17.931978  	17.245961  	15.49161081
06/10/2010 	16.191404  	19.834040  	18.164681  	15.80064505
07/10/2010 	13.986850  	19.597622  	16.989419  	15.28719809
08/10/2010 	13.043303  	16.450605  	13.988196  	15.20085643
09/10/2010 	12.386326  	15.089844  	13.768677  	14.13845998
10/10/2010 	12.170530  	14.934571  	13.214025  	12.95467281
11/10/2010 	12.399513  	19.453854  	14.557570  	12.00165808
12/10/2010 	14.173896  	20.769499  	16.530670  	11.88328018
13/10/2010 	14.275660  	19.319723  	16.376574  	12.15410062
14/10/2010 	12.956948  	22.999182  	16.917491  	12.20193446
15/10/2010 	14.857439  	24.600714  	19.875232  	12.05992728
16/10/2010 	15.902810  	25.045631  	22.142350  	11.18725880
17/10/2010 	21.327446  	27.254585  	23.802429  	 9.29938348
18/10/2010 	16.269291  	22.649672  	19.387650  	 9.32502085
19/10/2010 	17.968792  	22.122847  	20.562249  	 9.95317650
20/10/2010 	18.889765  	29.000177  	24.739614  	 9.18961404
21/10/2010 	23.063560  	29.266148  	27.017446  	 8.56532993
22/10/2010 	25.980898  	29.322262  	27.717881  	 9.05985298
23/10/2010 	18.591751  	26.304592  	21.933853  	 9.23995062
24/10/2010 	18.812790  	23.425278  	20.971738  	 8.72257594
25/10/2010 	21.141380  	24.466578  	23.380623  	 7.80375087
26/10/2010 	22.406574  	27.224594  	24.437106  	 7.50387331
27/10/2010 	17.587534  	24.656139  	21.654111  	 8.59625352
28/10/2010 	19.740658  	21.604231  	20.813402  	 9.62955085
29/10/2010 	18.334505  	21.563618  	19.996377  	 9.68814119
30/10/2010 	15.614080  	19.245991  	18.370591  	 9.70289212
31/10/2010 	15.190141  	19.244591  	17.158504  	 9.60280895
01/11/2010 	13.798206  	16.573185  	15.029582  	 9.55347965
02/11/2010 	14.147538  	19.575523  	16.899005  	 9.96874774
03/11/2010 	19.681789  	23.389355  	21.795850  	10.57881373
04/11/2010 	21.213869  	24.952185  	23.920163  	11.34765669
05/11/2010 	22.788677  	24.757757  	24.327141  	12.00792052
06/11/2010 	20.843233  	25.278275  	23.232620  	11.25895717
07/11/2010 	18.594299  	23.340897  	21.055403  	10.03190806
08/11/2010 	 8.832595  	19.516199  	16.444174  	 8.51336688
09/11/2010 	 9.712275  	14.173240  	12.252685  	 7.21346295
10/11/2010 	12.862599  	24.135864  	17.455173  	 7.20665880
11/11/2010 	15.259179  	21.750902  	17.833034  	 7.21935767
12/11/2010 	22.443172  	26.418816  	24.337479  	 8.51213664
13/11/2010 	24.457390  	25.839554  	24.939023  	 8.60044626
14/11/2010 	21.487074  	25.102272  	23.111777  	 8.65269319
15/11/2010 	21.577744  	24.808628  	23.554319  	 8.33147496
16/11/2010 	18.000301  	24.819984  	21.274507  	 7.75146256
17/11/2010 	12.498349  	18.815538  	15.882175  	 6.88532805
18/11/2010 	10.285419  	14.537357  	12.169506  	 6.61921239
19/11/2010 	12.433784  	14.696071  	13.854738  	 7.04644522
20/11/2010 	12.711939  	15.004229  	13.968471  	 7.21725631
21/11/2010 	10.356383  	14.623416  	12.289008  	 6.87958490
22/11/2010 	10.468224  	17.103086  	12.401846  	 6.04858551
23/11/2010 	13.152761  	26.904837  	21.523299  	 5.83178073
24/11/2010 	16.758589  	25.103836  	21.141529  	 5.23378398
25/11/2010 	12.857328  	18.277920  	15.654365  	 4.97347211
26/11/2010 	12.857481  	17.567280  	14.493005  	 4.46257604
27/11/2010 	11.439909  	13.841476  	12.747299  	 3.89946870
28/11/2010 	 9.531950  	13.813225  	11.165146  	 2.88570063
29/11/2010 	 8.415352  	13.643004  	11.169593  	 2.17099640
30/11/2010 	 9.928741  	15.412185  	13.488761  	 1.09273175
01/12/2010 	14.296614  	25.272692  	16.341454  	-0.54805718
02/12/2010 	16.078270  	20.745369  	18.742512  	-0.98896178
03/12/2010 	18.320242  	22.043568  	20.171349  	-0.54592522
04/12/2010 	17.756207  	22.890593  	20.418783  	 0.39923107
05/12/2010 	19.946661  	23.250397  	21.886783  	 1.85084798
06/12/2010 	19.773411  	22.337267  	20.508728  	 1.67825558
07/12/2010 	18.819788  	20.751064  	19.560653  	 0.83773345
08/12/2010 	18.627583  	22.146219  	19.656968  	 0.64915060
09/12/2010 	20.105015  	28.205681  	24.715094  	 1.22309829
10/12/2010 	22.447689  	27.813465  	25.306981  	 2.09819188
11/12/2010 	26.564444  	29.949179  	28.979990  	 3.89536334
12/12/2010 	23.925634  	30.085434  	27.338877  	 3.47750480
13/12/2010 	23.134418  	27.040340  	23.996464  	 1.96774296
14/12/2010 	18.171440  	23.836447  	20.805021  	 1.64957974
15/12/2010 	18.852669  	29.942375  	25.533522  	 1.82057388
16/12/2010 	20.518410  	30.195667  	25.811007  	 2.55341177
17/12/2010 	19.578428  	29.654953  	25.498800  	 2.23820869
18/12/2010 	14.145999  	26.181065  	18.419138  	 1.04622401
19/12/2010 	14.190732  	18.411884  	16.368846  	 0.22087799
20/12/2010 	13.455116  	17.798800  	16.063823  	-0.58188999
21/12/2010 	15.835779  	18.415739  	17.418715  	-0.70472925
22/12/2010 	14.698026  	18.519485  	15.764722  	-0.83057348
23/12/2010 	15.583023  	29.650988  	23.132688  	-0.35957015
24/12/2010 	18.364641  	30.449707  	28.858406  	-0.09256004
25/12/2010 	23.388733  	30.285931  	28.292103  	-0.48294118
26/12/2010 	25.734432  	28.514252  	26.953568  	-0.14939707
27/12/2010 	22.820377  	28.686956  	25.109204  	 0.47803382
28/12/2010 	16.421185  	28.868647  	21.757089  	-0.01265708
29/12/2010 	14.685666  	22.908714  	16.510556  	-0.41401329
30/12/2010 	14.650722  	16.779661  	15.944961  	-0.29179512
31/12/2010 	15.553666  	16.827677  	16.125704  	 0.39017757
