date	smin	smax	smean	tmean
01/01/2009  	18.596428   	24.43477    	20.91851    	 1.667867713
02/01/2009  	12.053334   	23.55962    	18.57545    	 1.628081713
03/01/2009  	10.269064   	24.90410    	17.02527    	 1.342959212
04/01/2009  	12.447989   	24.91362    	17.44801    	 1.744528301
05/01/2009  	11.424518   	22.45033    	17.32223    	 1.312015440
06/01/2009  	11.770300   	21.78128    	16.84642    	 0.222811489
07/01/2009  	15.347569   	24.38856    	19.93520    	 1.014999789
08/01/2009  	14.766515   	22.44241    	19.06483    	 0.534774987
09/01/2009  	12.675953   	24.51648    	19.49887    	 0.516571593
10/01/2009  	12.523832   	24.32631    	19.70912    	 0.229865425
11/01/2009  	16.317562   	27.44154    	23.36140    	 0.914577961
12/01/2009  	23.221678   	31.08922    	27.72479    	 2.272259308
13/01/2009  	21.177608   	31.15788    	28.47424    	 3.001644574
14/01/2009  	19.742687   	29.73925    	25.02406    	 2.686965413
15/01/2009  	10.192786   	27.60136    	20.79889    	 2.061921395
16/01/2009  	 5.910082   	27.84732    	18.37047    	 1.962881985
17/01/2009  	12.003882   	28.04498    	22.34163    	 2.324115550
18/01/2009  	16.875565   	30.37924    	26.14217    	 3.013946672
19/01/2009  	20.578808   	30.50177    	28.00335    	 2.924179122
20/01/2009  	29.086472   	30.15874    	29.75120    	 2.842786719
21/01/2009  	21.227217   	29.94176    	27.96918    	 2.555431480
22/01/2009  	17.021681   	29.64581    	27.05045    	 2.303245495
23/01/2009  	16.751251   	29.14385    	26.87284    	 2.623656005
24/01/2009  	27.237011   	28.74860    	28.48906    	 2.928248147
25/01/2009  	11.604465   	28.67992    	25.69569    	 2.690237145
26/01/2009  	 9.481448   	28.23420    	20.38345    	 2.372081717
27/01/2009  	14.465724   	26.66302    	21.28274    	 2.004659332
28/01/2009  	11.267886   	26.63535    	20.41422    	 1.702969499
29/01/2009  	11.288260   	25.08311    	19.05308    	 1.506680233
30/01/2009  	 9.601357   	23.04118    	17.07130    	 1.070786272
31/01/2009  	 7.106930   	24.10505    	17.23905    	 0.495981878
01/02/2009  	14.815420   	25.75638    	22.38097    	-0.007659580
02/02/2009  	18.926598   	24.58571    	23.64513    	-0.034268094
03/02/2009  	21.292068   	25.71506    	23.60146    	 0.605265682
04/02/2009  	21.951632   	26.20748    	23.84791    	 0.871144397
05/02/2009  	15.347939   	25.80138    	22.70485    	 1.038095788
06/02/2009  	16.083248   	26.62292    	22.71356    	 1.460094072
07/02/2009  	15.889715   	26.05854    	21.96977    	 1.597655532
08/02/2009  	13.945449   	26.77539    	21.46135    	 1.522366193
09/02/2009  	13.139304   	26.78276    	21.09103    	 1.538535441
10/02/2009  	14.245241   	26.19295    	20.18111    	 1.656630730
11/02/2009  	16.371161   	24.60184    	22.11629    	 1.890293178
12/02/2009  	13.167733   	24.16535    	21.15199    	 2.017265777
13/02/2009  	10.893129   	23.46593    	19.11074    	 2.109736989
14/02/2009  	 9.051768   	23.86270    	15.87560    	 1.754140283
15/02/2009  	 9.099392   	23.78259    	16.92494    	 1.896184127
16/02/2009  	 9.093234   	23.50731    	16.19175    	 2.542770689
17/02/2009  	 7.014191   	23.11461    	14.72620    	 3.097041890
18/02/2009  	 7.684568   	21.73529    	13.95537    	 2.568170413
19/02/2009  	 8.094058   	22.02683    	15.46480    	 2.472295063
20/02/2009  	 8.321510   	22.10695    	16.21799    	 3.088714778
21/02/2009  	 8.113568   	22.03276    	15.27270    	 3.199069286
22/02/2009  	 8.531591   	23.89676    	16.66616    	 3.501121928
23/02/2009  	10.031398   	20.82940    	16.71954    	 4.060236871
24/02/2009  	 6.409898   	22.06717    	14.50573    	 3.933707342
25/02/2009  	 6.829695   	22.98460    	15.02973    	 3.994146720
26/02/2009  	 9.895412   	24.08791    	17.74037    	 4.235091229
27/02/2009  	 7.897631   	22.87421    	16.33008    	 4.848308692
28/02/2009  	 7.614899   	22.70507    	14.77581    	 5.133857509
01/03/2009  	 9.337339   	22.70855    	15.00624    	 4.800121288
02/03/2009  	10.919893   	21.28986    	16.25732    	 4.930012385
03/03/2009  	 9.037210   	22.34431    	16.21753    	 4.941640655
04/03/2009  	 2.373345   	25.16131    	15.90405    	 4.678182950
05/03/2009  	10.841795   	25.39553    	19.42488    	 4.700384984
06/03/2009  	14.909795   	23.07213    	20.87019    	 4.636104216
07/03/2009  	12.858919   	22.80616    	18.64514    	 4.454044148
08/03/2009  	11.392673   	26.00013    	22.31984    	 4.916820675
09/03/2009  	17.218809   	27.34073    	24.50553    	 4.751046330
10/03/2009  	16.788315   	26.93075    	23.36082    	 4.824974835
11/03/2009  	12.202177   	24.97438    	19.23748    	 4.923223803
12/03/2009  	10.109835   	25.01928    	17.51529    	 5.327168624
13/03/2009  	 9.836401   	23.84646    	16.91468    	 5.610388627
14/03/2009  	 7.285429   	23.34986    	15.94715    	 5.795667996
15/03/2009  	 9.311851   	23.19876    	16.55931    	 5.935939560
16/03/2009  	 6.080774   	20.01830    	13.69535    	 6.257786592
17/03/2009  	 6.322309   	19.42475    	13.76248    	 6.460741033
18/03/2009  	 4.015976   	18.39326    	11.35079    	 6.494602303
19/03/2009  	 4.777177   	20.09003    	11.70285    	 6.550915033
20/03/2009  	 5.547600   	21.20917    	11.14457    	 6.332828204
21/03/2009  	 6.386742   	21.18605    	14.04538    	 6.410845071
22/03/2009  	 7.143386   	20.74462    	13.92990    	 6.251483520
23/03/2009  	 8.200716   	24.13211    	20.46657    	 6.358037293
24/03/2009  	15.375431   	22.75109    	19.00249    	 6.353121926
25/03/2009  	14.347104   	23.69264    	18.43035    	 6.344741682
26/03/2009  	 9.911830   	23.64286    	17.69554    	 6.399128566
27/03/2009  	11.114986   	25.06322    	20.72785    	 6.176841468
28/03/2009  	12.119830   	25.68560    	19.98016    	 6.197468191
29/03/2009  	13.493212   	23.86256    	18.67180    	 6.218878329
30/03/2009  	10.341277   	23.98116    	16.90033    	 6.203415404
31/03/2009  	10.436615   	22.68695    	16.64745    	 6.683846414
01/04/2009  	10.566186   	20.95020    	15.83959    	 7.191491057
02/04/2009  	12.719945   	20.21484    	16.51088    	 7.536481162
03/04/2009  	15.167350   	21.51094    	17.93789    	 7.955826461
04/04/2009  	16.277559   	23.45292    	18.98754    	 8.195281595
05/04/2009  	16.792021   	23.83971    	19.43161    	 8.342844566
06/04/2009  	12.262846   	24.64417    	18.45558    	 8.592903554
07/04/2009  	11.674332   	24.72585    	18.42488    	 9.014371932
08/04/2009  	12.844931   	25.62619    	20.38177    	 8.655529320
09/04/2009  	11.939949   	25.69383    	19.52113    	 8.630911152
10/04/2009  	 9.943644   	24.91722    	18.15706    	 9.317282796
11/04/2009  	15.050970   	24.90883    	20.24523    	 9.690363685
12/04/2009  	17.004080   	23.98118    	20.86803    	10.051841954
13/04/2009  	16.136108   	23.05815    	20.47399    	10.280266027
14/04/2009  	14.786423   	23.32014    	19.61230    	10.566627423
15/04/2009  	11.915765   	22.66619    	18.21003    	11.012046158
16/04/2009  	11.669698   	22.79029    	17.06533    	11.531419277
17/04/2009  	11.864207   	22.23228    	18.26390    	11.260893961
18/04/2009  	14.031477   	23.84173    	20.02994    	10.583352347
19/04/2009  	12.937198   	23.84572    	18.10752    	10.827862203
20/04/2009  	11.847555   	24.23568    	17.89115    	11.646645586
21/04/2009  	12.618782   	23.72787    	18.36531    	12.024589896
22/04/2009  	14.708021   	23.90308    	20.37231    	11.689070384
23/04/2009  	15.088145   	24.33299    	19.55863    	11.934117973
24/04/2009  	14.696047   	24.42306    	18.92197    	12.393648565
25/04/2009  	13.064817   	25.53844    	19.68410    	12.428749720
26/04/2009  	15.982714   	24.31652    	20.62872    	12.700082620
27/04/2009  	16.377565   	25.45378    	20.86847    	12.666280250
28/04/2009  	13.752183   	25.57288    	20.44683    	12.463750601
29/04/2009  	15.351275   	25.26250    	20.43108    	12.427223841
30/04/2009  	13.376657   	23.82040    	19.03987    	12.790240844
01/05/2009  	12.412461   	24.34324    	18.64405    	13.408898195
02/05/2009  	13.411164   	26.16971    	18.90972    	13.600550910
03/05/2009  	12.011908   	25.66959    	19.35631    	13.321244498
04/05/2009  	13.852894   	25.10976    	19.35653    	12.356128256
05/05/2009  	13.964409   	26.45892    	22.08268    	12.354686876
06/05/2009  	17.586121   	26.69918    	23.87337    	12.355585893
07/05/2009  	18.390202   	27.56126    	24.07908    	12.429743032
08/05/2009  	17.214716   	28.21109    	25.59976    	12.482414703
09/05/2009  	19.068472   	28.32296    	25.43047    	12.301157991
10/05/2009  	18.906034   	28.31606    	23.01810    	12.904087603
11/05/2009  	16.810642   	23.67440    	21.89965    	12.713694314
12/05/2009  	20.920515   	23.30703    	21.86412    	12.375542879
13/05/2009  	15.357645   	23.76264    	20.85659    	12.605207622
14/05/2009  	14.248387   	24.70611    	21.15857    	12.841692269
15/05/2009  	14.932857   	25.95017    	20.96986    	12.953449210
16/05/2009  	18.112352   	26.76139    	22.62485    	13.132668098
17/05/2009  	17.326900   	27.83519    	22.77563    	13.437029163
18/05/2009  	18.110769   	28.96799    	25.48742    	13.245900015
19/05/2009  	14.776101   	29.29015    	22.80069    	13.281539539
20/05/2009  	15.341153   	29.43816    	23.53930    	13.672566712
21/05/2009  	19.539083   	29.00670    	24.13963    	14.148368756
22/05/2009  	18.150520   	28.60315    	23.55340    	14.465141892
23/05/2009  	16.635302   	26.78888    	22.64244    	15.126804868
24/05/2009  	16.391951   	26.77869    	22.07285    	15.666717172
25/05/2009  	19.072250   	26.14761    	22.49373    	16.130261223
26/05/2009  	18.958096   	26.99272    	23.18531    	16.390070856
27/05/2009  	19.272804   	27.49114    	23.99893    	15.436978479
28/05/2009  	15.998620   	27.66118    	23.91541    	15.139098346
29/05/2009  	11.937373   	26.66056    	19.52734    	15.593091846
30/05/2009  	 8.531730   	25.18691    	17.98549    	15.750504017
31/05/2009  	13.840304   	24.78538    	20.12630    	16.191003958
01/06/2009  	14.634353   	23.62474    	21.43306    	16.770629783
02/06/2009  	15.276929   	24.06799    	21.69639    	16.357977688
03/06/2009  	16.869184   	24.61429    	21.81440    	15.293291787
04/06/2009  	18.201031   	24.12870    	22.12141    	14.023086687
05/06/2009  	18.942642   	23.17115    	21.93810    	13.317911983
06/06/2009  	19.357147   	22.61271    	21.83640    	13.666482310
07/06/2009  	15.056343   	24.45224    	20.96575    	14.188541015
08/06/2009  	15.524712   	25.61809    	21.33789    	14.951892038
09/06/2009  	19.386604   	26.84885    	23.18968    	15.467188676
10/06/2009  	19.392195   	27.37548    	23.12215    	15.581624309
11/06/2009  	21.662455   	27.44061    	24.55453    	15.436113993
12/06/2009  	21.766157   	26.80492    	24.44633    	15.449368199
13/06/2009  	16.619091   	26.79042    	23.17222    	15.528947473
14/06/2009  	14.162941   	26.90580    	21.35901    	16.538004716
15/06/2009  	16.517906   	26.70530    	21.60430    	17.102515856
16/06/2009  	17.516541   	25.68886    	22.39027    	16.666108350
17/06/2009  	19.748476   	25.41219    	22.29458    	16.888457457
18/06/2009  	20.386917   	27.31265    	24.28633    	17.161605875
19/06/2009  	21.622175   	27.76176    	25.01034    	17.061543783
20/06/2009  	23.267673   	27.31556    	25.45968    	16.396038830
21/06/2009  	22.891504   	26.53756    	24.64102    	16.231189211
22/06/2009  	18.595253   	24.89870    	23.59891    	16.287445068
23/06/2009  	20.981634   	25.44525    	23.62529    	17.121554891
24/06/2009  	22.363888   	25.31921    	23.84820    	17.699708700
25/06/2009  	23.448597   	26.51116    	24.40261    	17.899705052
26/06/2009  	24.101599   	26.91218    	24.67898    	18.626048684
27/06/2009  	19.505619   	27.45062    	23.21814    	19.217358351
28/06/2009  	16.853832   	27.75752    	22.86677    	19.474937320
29/06/2009  	17.652300   	27.83924    	23.17694    	20.117921869
30/06/2009  	19.962492   	27.46981    	24.26258    	20.640710672
01/07/2009  	20.222258   	26.57156    	24.36039    	20.714121660
02/07/2009  	21.078587   	26.27632    	24.91185    	20.917332172
03/07/2009  	22.882570   	27.03359    	25.20493    	21.307549000
04/07/2009  	23.529186   	27.37855    	25.45410    	21.565232754
05/07/2009  	22.188906   	27.22535    	25.14398    	21.969580968
06/07/2009  	22.076519   	28.50266    	25.75048    	21.421826720
07/07/2009  	22.530632   	29.23545    	26.88818    	20.223835707
08/07/2009  	22.490086   	29.70255    	26.77324    	19.658979615
09/07/2009  	22.716978   	29.42014    	26.43440    	18.086560210
10/07/2009  	22.575678   	29.17119    	26.33032    	17.476843913
11/07/2009  	20.118017   	28.59882    	25.91844    	17.160450101
12/07/2009  	15.067400   	27.93629    	23.28827    	17.816586773
13/07/2009  	14.544925   	28.39151    	22.19886    	18.661943634
14/07/2009  	13.909898   	27.93758    	21.33752    	19.380867441
15/07/2009  	15.790009   	27.86764    	23.32527    	19.980849067
16/07/2009  	15.999488   	28.30767    	22.60520    	19.866316438
17/07/2009  	11.529346   	28.31979    	21.57299    	19.745234211
18/07/2009  	19.610390   	29.04983    	26.16282    	19.464057604
19/07/2009  	20.840622   	29.16198    	26.67645    	18.956992626
20/07/2009  	24.566761   	29.55541    	27.87182    	19.065527002
21/07/2009  	14.290513   	29.56262    	24.89311    	18.997007052
22/07/2009  	15.689992   	29.63122    	24.02277    	19.453984221
23/07/2009  	16.189825   	29.50229    	24.01803    	19.389815370
24/07/2009  	17.042397   	29.07314    	23.76652    	19.201046626
25/07/2009  	16.908247   	28.90534    	23.06232    	18.995548487
26/07/2009  	13.736400   	27.78248    	21.48567    	18.875720819
27/07/2009  	13.155419   	27.24673    	20.70469    	19.586133043
28/07/2009  	14.079744   	27.07267    	20.90776    	19.620038231
29/07/2009  	11.406434   	25.79703    	19.14473    	19.789679726
30/07/2009  	15.460992   	26.92470    	22.95021    	19.745582938
31/07/2009  	15.453026   	26.44596    	21.32864    	18.617057681
01/08/2009  	11.451352   	24.91219    	18.41072    	18.805684884
02/08/2009  	14.356441   	26.10917    	20.90806    	19.260192434
03/08/2009  	15.423155   	24.49212    	20.00539    	19.239575466
04/08/2009  	14.785125   	25.02894    	20.12780    	19.639589787
05/08/2009  	14.940722   	25.33910    	20.12759    	20.128556331
06/08/2009  	16.858238   	25.73771    	21.07981    	20.778058449
07/08/2009  	18.592791   	25.45116    	21.89355    	20.981517553
08/08/2009  	19.998177   	25.25114    	22.34443    	20.776498000
09/08/2009  	18.950245   	24.99375    	22.59197    	20.515404304
10/08/2009  	18.088034   	24.81218    	21.81665    	20.598500133
11/08/2009  	16.720951   	25.63187    	21.54073    	20.633449833
12/08/2009  	16.494806   	25.87082    	21.14199    	20.342015068
13/08/2009  	15.999343   	25.65656    	21.13706    	19.981582284
14/08/2009  	13.616664   	23.76291    	19.99572    	20.049199343
15/08/2009  	14.250871   	26.34964    	21.81763    	20.341074864
16/08/2009  	17.457355   	26.93578    	23.03372    	20.393209855
17/08/2009  	17.219227   	26.72423    	22.63990    	20.223245064
18/08/2009  	17.265942   	26.47143    	22.32655    	19.969102303
19/08/2009  	16.374292   	26.57224    	21.70832    	20.356413404
20/08/2009  	15.491141   	26.77079    	22.58644    	20.594672759
21/08/2009  	16.579258   	27.20024    	23.09960    	20.222676873
22/08/2009  	19.243172   	27.26631    	23.13881    	19.728835464
23/08/2009  	20.246937   	26.77827    	23.27713    	19.810460488
24/08/2009  	16.459459   	26.42979    	22.42248    	20.006917357
25/08/2009  	18.078529   	26.85584    	23.15815    	20.539286534
26/08/2009  	19.039091   	26.63357    	23.06475    	19.847421209
27/08/2009  	17.841114   	27.53663    	23.60187    	19.768033306
28/08/2009  	23.697880   	28.93458    	26.99823    	19.409491022
29/08/2009  	26.353220   	29.05414    	27.99400    	18.467397213
30/08/2009  	23.976141   	29.26292    	27.20682    	17.203174988
31/08/2009  	17.509909   	29.41210    	26.53968    	17.391923308
01/09/2009  	17.660379   	29.85100    	28.24101    	18.167312622
02/09/2009  	22.813848   	30.08385    	29.05217    	18.216123859
03/09/2009  	20.081202   	30.04137    	28.80559    	18.222613176
04/09/2009  	28.298128   	29.67096    	28.69584    	17.819244782
05/09/2009  	28.354944   	28.52469    	28.43770    	17.056202094
06/09/2009  	26.641886   	28.55445    	28.33047    	16.390795449
07/09/2009  	21.513773   	28.71893    	27.32476    	16.177853227
08/09/2009  	19.048258   	28.88216    	24.69661    	16.647036274
09/09/2009  	18.465078   	28.75278    	24.95293    	17.066265305
10/09/2009  	20.933189   	26.68248    	25.08922    	16.431233962
11/09/2009  	21.547350   	26.49082    	25.14607    	15.846390903
12/09/2009  	16.368633   	26.49879    	25.05562    	15.949013333
13/09/2009  	20.963625   	27.35056    	25.27980    	15.850874782
14/09/2009  	24.292652   	26.61646    	25.60663    	15.564935585
15/09/2009  	23.900858   	26.29845    	25.18833    	15.727203806
16/09/2009  	22.231480   	28.31880    	26.05318    	15.950453977
17/09/2009  	21.683666   	27.72568    	26.22042    	15.405831039
18/09/2009  	22.755026   	27.27976    	25.07580    	15.420184056
19/09/2009  	23.126015   	27.23967    	25.31857    	15.816637178
20/09/2009  	23.734657   	27.99120    	26.00090    	16.279172142
21/09/2009  	23.686272   	28.44886    	26.45708    	16.094404062
22/09/2009  	23.435385   	28.53724    	26.01193    	16.222839812
23/09/2009  	22.927271   	28.42262    	26.00285    	16.287610869
24/09/2009  	22.366903   	28.24539    	25.68672    	15.938985725
25/09/2009  	21.524881   	27.80921    	24.96683    	15.739199777
26/09/2009  	20.662251   	27.61209    	24.01436    	15.917891641
27/09/2009  	20.377134   	27.69682    	23.75617    	16.209846616
28/09/2009  	19.689129   	27.87256    	23.95485    	16.519297520
29/09/2009  	23.308249   	28.40384    	25.70344    	16.554706335
30/09/2009  	14.199404   	27.80667    	22.08416    	16.162908534
01/10/2009  	15.282738   	28.88978    	23.71621    	15.584800839
02/10/2009  	16.877754   	27.88725    	23.03068    	14.374401470
03/10/2009  	16.663561   	29.73954    	26.18384    	14.983281076
04/10/2009  	29.090805   	30.63417    	29.81366    	14.570889354
05/10/2009  	26.147316   	29.72705    	28.54807    	13.244848430
06/10/2009  	16.937468   	29.56113    	26.05251    	13.520234505
07/10/2009  	20.516644   	30.28326    	26.75870    	14.294101596
08/10/2009  	19.326523   	28.28128    	23.90091    	13.852173249
09/10/2009  	15.844130   	24.89760    	21.35150    	12.873086274
10/10/2009  	 5.636258   	27.04340    	18.79869    	12.757084211
11/10/2009  	13.047296   	27.63449    	20.71456    	12.886838575
12/10/2009  	17.330151   	27.73508    	23.21746    	12.096758286
13/10/2009  	16.926687   	25.89843    	22.78944    	11.245010316
14/10/2009  	14.133452   	24.14193    	20.23628    	10.862962921
15/10/2009  	14.478889   	24.90793    	21.90811    	10.397119741
16/10/2009  	16.568932   	27.88858    	24.00640    	10.781098922
17/10/2009  	21.114464   	26.55755    	23.81315    	10.198273102
18/10/2009  	18.633535   	28.21061    	23.39455    	10.046144287
19/10/2009  	18.422646   	27.60573    	23.93858    	10.012319505
20/10/2009  	19.426655   	27.12385    	24.13590    	 9.413809359
21/10/2009  	22.264824   	27.20040    	25.64774    	 9.144172907
22/10/2009  	24.994286   	28.33608    	26.96903    	 9.195227027
23/10/2009  	26.374592   	28.74582    	27.59639    	 9.653533479
24/10/2009  	26.496086   	29.85039    	27.71848    	 9.962064167
25/10/2009  	28.090271   	31.09103    	29.31955    	11.466222048
26/10/2009  	30.017632   	31.53913    	30.75829    	12.017061671
27/10/2009  	28.653143   	31.55811    	30.36627    	11.955984851
28/10/2009  	19.579353   	31.30441    	26.31080    	11.661694109
29/10/2009  	22.992542   	31.71012    	27.94988    	11.859322786
30/10/2009  	17.463604   	30.40467    	24.79030    	11.641883234
31/10/2009  	18.913496   	30.22401    	25.24875    	11.459710896
01/11/2009  	20.561703   	30.76277    	27.49566    	11.727408648
02/11/2009  	23.408836   	31.03615    	28.82566    	11.740503331
03/11/2009  	19.258581   	30.93329    	27.64886    	11.012579521
04/11/2009  	23.984913   	31.24313    	29.28620    	10.974857231
05/11/2009  	23.601328   	31.05262    	28.15771    	10.529266298
06/11/2009  	20.217468   	31.00167    	27.45938    	10.284666161
07/11/2009  	17.381979   	31.46806    	27.81941    	10.408437788
08/11/2009  	20.948488   	30.96345    	26.54869    	 9.848827501
09/11/2009  	15.186002   	29.19912    	23.12159    	 9.289763868
10/11/2009  	14.759095   	28.37609    	23.18972    	 9.320213397
11/11/2009  	18.776312   	28.30715    	23.09444    	 9.190526068
12/11/2009  	14.356847   	28.38037    	22.94817    	 9.064382990
13/11/2009  	17.901062   	29.16108    	26.17957    	 9.831148903
14/11/2009  	18.934637   	30.54332    	28.52758    	10.635556122
15/11/2009  	27.743118   	31.25332    	30.10201    	10.820543448
16/11/2009  	20.781137   	31.13544    	28.34906    	10.521598995
17/11/2009  	22.975853   	30.91420    	29.26816    	10.510493298
18/11/2009  	26.420713   	30.32196    	29.73246    	10.600054741
19/11/2009  	28.568953   	30.38994    	29.98593    	10.892766913
20/11/2009  	23.004461   	30.49563    	29.78537    	10.567711790
21/11/2009  	18.728382   	30.47747    	27.58556    	10.557813942
22/11/2009  	18.558926   	30.38799    	28.43350    	10.672335049
23/11/2009  	29.871445   	30.71967    	30.36232    	10.568698188
24/11/2009  	30.131542   	30.70553    	30.49133    	10.335915546
25/11/2009  	29.918509   	30.53054    	30.36963    	10.417261064
26/11/2009  	29.113955   	30.00062    	29.53798    	 9.899271627
27/11/2009  	29.087666   	29.86644    	29.54713    	 9.528684795
28/11/2009  	28.805035   	29.78773    	29.46137    	 9.308452427
29/11/2009  	27.130596   	29.45808    	28.95627    	 9.143232544
30/11/2009  	23.890408   	29.45718    	28.13881    	 8.753424903
01/12/2009  	13.266721   	29.21208    	24.92966    	 7.702720563
02/12/2009  	 8.494447   	28.22108    	21.32916    	 7.274748296
03/12/2009  	 9.355367   	28.80374    	24.13259    	 7.801419914
04/12/2009  	16.574917   	28.55050    	24.09708    	 7.802098165
05/12/2009  	16.725513   	28.95760    	24.38328    	 7.637931317
06/12/2009  	14.144351   	29.23444    	24.36797    	 8.108033836
07/12/2009  	16.726122   	29.14887    	25.09351    	 8.271102299
08/12/2009  	17.392286   	29.12383    	24.11580    	 8.177930156
09/12/2009  	14.524837   	29.01316    	22.09531    	 7.830959866
10/12/2009  	15.905104   	28.33209    	23.04463    	 8.231627256
11/12/2009  	11.882174   	26.03661    	22.85798    	 8.098828375
12/12/2009  	10.007979   	23.37224    	18.18557    	 7.128282905
13/12/2009  	 8.433990   	21.01320    	16.19637    	 6.149642249
14/12/2009  	 8.919980   	21.01016    	15.81762    	 5.679897149
15/12/2009  	 7.916977   	21.23650    	15.65715    	 5.052320957
16/12/2009  	 9.560663   	24.02870    	17.54164    	 4.967721775
17/12/2009  	 6.769897   	21.75639    	16.28595    	 4.550012226
18/12/2009  	 8.800230   	21.74565    	16.19576    	 3.663303832
19/12/2009  	 7.705578   	25.24121    	17.89022    	 3.200072632
20/12/2009  	14.276296   	26.69944    	22.46190    	 3.800063928
21/12/2009  	12.693861   	26.22186    	20.73862    	 3.015936983
22/12/2009  	 6.699243   	27.80641    	19.37293    	 3.154694768
23/12/2009  	14.698092   	28.72708    	22.00104    	 3.346995565
24/12/2009  	14.293302   	28.67097    	22.14705    	 3.228325419
25/12/2009  	14.144012   	28.03141    	22.61990    	 3.373791074
26/12/2009  	19.022911   	27.82893    	23.93811    	 3.803667322
27/12/2009  	25.328207   	29.38981    	28.20269    	 4.767481486
28/12/2009  	20.609167   	29.90767    	26.88379    	 4.471168816
29/12/2009  	 9.663873   	28.64149    	21.10461    	 3.474605491
30/12/2009  	11.956104   	25.00681    	21.28949    	 2.981914461
31/12/2009  	13.943783   	24.97707    	22.08914    	 2.521924227
01/01/2010  	11.706587   	24.11458    	19.86094    	 2.070539673
02/01/2010  	12.650834   	22.63791    	18.13753    	 1.698726950
03/01/2010  	 9.909560   	24.82657    	18.20165    	 1.615055237
04/01/2010  	11.618587   	25.28347    	18.49920    	 1.560350673
05/01/2010  	12.269020   	25.19614    	18.66342    	 1.758395001
06/01/2010  	11.262712   	25.21389    	18.15076    	 1.761865372
07/01/2010  	 9.456945   	25.22881    	16.58400    	 1.428212120
08/01/2010  	 9.212011   	24.08636    	15.64836    	 0.926083211
09/01/2010  	10.884210   	21.13251    	18.98330    	 0.244520418
10/01/2010  	 3.351020   	19.26395    	16.31824    	 0.369913283
11/01/2010  	 9.879781   	21.91698    	16.25429    	 0.735142088
12/01/2010  	 9.169294   	21.72606    	16.56003    	 0.577995121
13/01/2010  	 3.584007   	23.54624    	16.45856    	 0.019360396
14/01/2010  	 6.546353   	25.53856    	18.50644    	 0.789062483
15/01/2010  	14.345856   	23.82142    	19.66347    	 0.716082757
16/01/2010  	12.359563   	22.77397    	18.21255    	 0.718030368
17/01/2010  	 9.423112   	27.70122    	21.49661    	 1.563354290
18/01/2010  	16.570595   	26.35398    	21.44408    	 1.612093039
19/01/2010  	13.475236   	23.78251    	20.18788    	 1.813010829
20/01/2010  	 7.337544   	24.02461    	15.39742    	 1.337179663
21/01/2010  	 6.468384   	21.77274    	14.98539    	 1.174882162
22/01/2010  	 2.904828   	22.21404    	12.99570    	 0.853541217
23/01/2010  	 6.725000   	23.20042    	16.13671    	 1.238379727
24/01/2010  	13.092216   	23.58452    	19.14718    	 1.136348779
25/01/2010  	15.308939   	23.54329    	19.65939    	 0.563813795
26/01/2010  	12.236457   	23.25722    	19.37573    	-0.400151007
27/01/2010  	10.051952   	25.66753    	21.25471    	 0.471132584
28/01/2010  	19.169533   	25.31425    	22.36016    	 1.101201365
29/01/2010  	16.324577   	24.99930    	20.53923    	 1.065455726
30/01/2010  	14.480700   	24.73553    	19.83824    	 0.735156742
31/01/2010  	14.114594   	24.47518    	19.75420    	 0.727938671
01/02/2010  	13.145694   	24.48755    	18.93169    	 0.853044588
02/02/2010  	10.201182   	25.69181    	19.32612    	 1.155205529
03/02/2010  	11.827393   	24.61012    	18.93512    	 1.332866706
04/02/2010  	 9.517388   	22.86923    	16.12340    	 1.329165852
05/02/2010  	 4.245842   	22.77819    	14.16813    	 1.525230393
06/02/2010  	 9.294998   	23.30398    	16.04178    	 1.698330959
07/02/2010  	 6.245990   	20.63190    	13.66550    	 1.393543468
08/02/2010  	 5.715677   	22.46844    	13.27518    	 0.773772815
09/02/2010  	 9.973289   	23.70049    	17.46806    	 0.396721029
10/02/2010  	11.816287   	22.13416    	17.10420    	-0.047467825
11/02/2010  	13.761950   	22.75070    	18.79511    	-0.101439939
12/02/2010  	 8.693929   	20.99792    	17.12712    	-0.160980065
13/02/2010  	 8.552565   	19.93490    	16.94679    	-0.121840388
14/02/2010  	 6.805766   	23.16668    	16.10400    	-0.128175950
15/02/2010  	 7.229120   	22.60184    	14.93966    	-0.185661313
16/02/2010  	 3.311757   	24.23496    	16.47763    	 0.022311268
17/02/2010  	 7.357402   	25.17189    	17.05650    	 0.290392240
18/02/2010  	12.095502   	25.45158    	18.54692    	 0.516476553
19/02/2010  	10.571004   	27.49567    	20.52950    	 1.275324848
20/02/2010  	18.169855   	27.35323    	23.31619    	 1.503424227
21/02/2010  	10.700762   	27.54499    	20.32312    	 1.167442150
22/02/2010  	14.601959   	27.50474    	21.21572    	 1.554642496
23/02/2010  	17.250704   	25.07626    	21.89866    	 1.536574528
24/02/2010  	11.127090   	24.50710    	19.03935    	 1.467986395
25/02/2010  	12.000711   	25.25591    	20.33030    	 2.133193227
26/02/2010  	12.345512   	28.74364    	22.60404    	 2.503338675
27/02/2010  	18.913919   	30.00646    	26.98160    	 2.843636369
28/02/2010  	15.888291   	29.56073    	23.77774    	 3.075827390
01/03/2010  	16.712933   	27.08721    	22.14408    	 3.239873355
02/03/2010  	14.520926   	26.30432    	21.57640    	 3.122716387
03/03/2010  	10.836205   	25.04351    	19.27294    	 2.932581087
04/03/2010  	 9.306558   	23.53978    	17.53000    	 2.940383797
05/03/2010  	 9.070882   	23.17478    	16.42239    	 2.773932353
06/03/2010  	 8.598759   	20.72144    	16.34672    	 2.488715929
07/03/2010  	 3.571842   	19.63976    	11.52836    	 1.702726044
08/03/2010  	 4.711730   	20.16269    	11.21629    	 1.963750192
09/03/2010  	 2.954604   	20.65772    	10.31647    	 2.018769416
10/03/2010  	 5.601744   	21.88233    	11.11605    	 2.060708898
11/03/2010  	 3.842390   	21.22406    	11.39824    	 2.073719715
12/03/2010  	 6.205092   	21.85439    	14.54611    	 2.649806097
13/03/2010  	 8.587300   	23.29074    	15.74785    	 2.978336657
14/03/2010  	 8.195334   	23.70033    	14.95205    	 3.514953201
15/03/2010  	 5.718098   	22.95363    	14.59816    	 4.081769377
16/03/2010  	 5.865066   	22.00588    	13.47409    	 4.314546232
17/03/2010  	 7.204480   	22.93612    	15.17863    	 4.197356090
18/03/2010  	 9.665876   	23.79804    	16.95255    	 4.523983339
19/03/2010  	12.091558   	25.12968    	18.47359    	 5.109749228
20/03/2010  	12.019710   	26.86073    	19.89644    	 5.643249144
21/03/2010  	14.534426   	25.20591    	19.93843    	 6.268517524
22/03/2010  	11.838668   	23.59680    	18.26393    	 6.316023846
23/03/2010  	11.485590   	25.86937    	18.78367    	 6.341917713
24/03/2010  	13.958097   	24.41521    	18.84866    	 6.575904121
25/03/2010  	16.033321   	25.02198    	20.57794    	 7.085655312
26/03/2010  	18.483498   	25.15848    	21.73335    	 7.375440915
27/03/2010  	18.868458   	26.88330    	22.71851    	 7.290129274
28/03/2010  	14.717521   	26.72997    	22.21524    	 7.343154371
29/03/2010  	14.781834   	26.44570    	21.20486    	 7.479809542
30/03/2010  	16.246523   	26.06585    	21.29366    	 7.582754364
31/03/2010  	17.810841   	29.11021    	24.78312    	 6.905515363
01/04/2010  	24.763767   	29.56206    	27.68767    	 6.213160366
02/04/2010  	24.241497   	29.86007    	27.57474    	 6.194895208
03/04/2010  	19.415401   	29.89828    	25.68199    	 6.691884081
04/04/2010  	18.420607   	29.45592    	24.55245    	 7.151722888
05/04/2010  	20.936783   	28.21148    	24.24839    	 7.168736011
06/04/2010  	21.314270   	28.28883    	24.29598    	 7.570404629
07/04/2010  	22.192244   	28.21154    	24.86846    	 8.013661802
08/04/2010  	22.860010   	27.44902    	25.05547    	 8.586951772
09/04/2010  	23.061756   	27.01810    	24.62906    	 9.178639332
10/04/2010  	23.011147   	26.43088    	24.17273    	 9.270620644
11/04/2010  	17.719215   	24.28996    	22.87204    	 9.003669659
12/04/2010  	18.596123   	23.13434    	21.52719    	 8.842967858
13/04/2010  	19.690928   	23.59078    	20.81016    	 8.788172434
14/04/2010  	19.606188   	22.60694    	20.57629    	 8.920744797
15/04/2010  	19.549187   	23.21193    	20.56605    	 8.974459509
16/04/2010  	19.723591   	22.54132    	20.67332    	 9.039062719
17/04/2010  	16.823933   	24.42376    	21.07587    	 9.381026427
18/04/2010  	14.392510   	24.47574    	20.06864    	 9.875123282
19/04/2010  	15.876171   	22.72678    	20.00135    	 9.905854543
20/04/2010  	17.690111   	26.26122    	21.87021    	 9.712178846
21/04/2010  	19.262304   	24.73416    	21.43829    	 8.796666453
22/04/2010  	18.854389   	24.00690    	21.24936    	 8.090338260
23/04/2010  	19.609121   	25.26982    	22.08462    	 8.747220894
24/04/2010  	15.398019   	24.78807    	21.71307    	 9.582718114
25/04/2010  	14.011120   	26.68324    	20.35571    	10.011413554
26/04/2010  	16.481171   	26.84857    	21.76137    	10.529276470
27/04/2010  	18.488815   	26.29694    	22.69939    	11.189179262
28/04/2010  	20.555147   	26.44599    	23.16741    	11.691881021
29/04/2010  	21.313829   	26.96416    	24.09344    	11.967935344
30/04/2010  	21.807619   	26.97948    	24.56407    	12.213580588
01/05/2010  	21.332031   	27.29843    	24.15369    	12.160585264
02/05/2010  	21.711067   	26.12883    	24.20605    	11.615060270
03/05/2010  	22.865238   	26.60907    	24.88955    	10.207759500
04/05/2010  	22.646545   	26.37926    	24.23547    	 9.754628758
05/05/2010  	21.610043   	25.72962    	23.41512    	10.177434246
06/05/2010  	20.296127   	25.15235    	22.16805    	 9.882580231
07/05/2010  	21.293390   	24.18859    	22.61136    	 9.569738229
08/05/2010  	17.554586   	25.68236    	22.95673    	 9.926477452
09/05/2010  	15.828046   	24.87058    	22.44277    	10.189719756
10/05/2010  	14.028636   	25.32998    	21.69962    	10.384154280
11/05/2010  	18.750940   	24.28819    	22.75219    	10.073494931
12/05/2010  	21.830866   	25.45791    	23.88312    	 9.461231470
13/05/2010  	13.397473   	25.05174    	22.13214    	 9.389218628
14/05/2010  	12.543337   	24.99093    	19.37493    	 9.867952665
15/05/2010  	14.461660   	25.04092    	20.50303    	10.426398953
16/05/2010  	13.853781   	25.57777    	20.68316    	10.687726736
17/05/2010  	13.980965   	25.86878    	20.86023    	10.928178847
18/05/2010  	17.889690   	25.31861    	22.03027    	11.456879735
19/05/2010  	19.179718   	25.51063    	22.62439    	11.926839809
20/05/2010  	20.590311   	26.23315    	23.03888    	12.680247148
21/05/2010  	21.123039   	26.39178    	23.54809    	13.608832220
22/05/2010  	22.361103   	25.64842    	23.66076    	13.931494832
23/05/2010  	18.756788   	26.96206    	23.17341    	14.737268368
24/05/2010  	16.757181   	27.56875    	22.04923    	15.361749351
25/05/2010  	17.271952   	26.07949    	22.70829    	15.224237800
26/05/2010  	19.247118   	25.37577    	22.79417    	14.632185618
27/05/2010  	21.286831   	25.92941    	23.43424    	14.257469932
28/05/2010  	22.138962   	26.30867    	23.95496    	14.557307084
29/05/2010  	22.272778   	27.00943    	24.14664    	14.504384597
30/05/2010  	20.683846   	27.93897    	24.83010    	14.533478657
31/05/2010  	21.647139   	27.52246    	24.50452    	14.409287274
01/06/2010  	19.948563   	27.39778    	24.15252    	14.780333459
02/06/2010  	18.545269   	27.21817    	23.84792    	15.257258574
03/06/2010  	18.643126   	27.26617    	23.69231    	15.677791754
04/06/2010  	17.543644   	27.11235    	22.81557    	16.070083678
05/06/2010  	16.451775   	26.79225    	21.51974    	16.448913475
06/06/2010  	16.467550   	26.93746    	21.26558    	17.055686831
07/06/2010  	18.112314   	27.72537    	22.73665    	17.021972338
08/06/2010  	14.921317   	27.43308    	21.96219    	17.144256632
09/06/2010  	14.648733   	26.92538    	22.84593    	17.394177755
10/06/2010  	18.753353   	25.81936    	22.63789    	17.566974481
11/06/2010  	19.386402   	26.72453    	23.20440    	17.841762582
12/06/2010  	19.111980   	27.31794    	23.55293    	17.436971704
13/06/2010  	19.781397   	25.44081    	23.35463    	17.102690101
14/06/2010  	18.775274   	26.94190    	22.59954    	17.529240330
15/06/2010  	18.377403   	24.65975    	22.85164    	16.768848360
16/06/2010  	17.726969   	24.30143    	23.09318    	16.154385050
17/06/2010  	21.662010   	26.22926    	23.05887    	16.304447969
18/06/2010  	22.627209   	26.38225    	23.59775    	15.936980049
19/06/2010  	23.594900   	27.77567    	25.35810    	14.648197611
20/06/2010  	23.456940   	27.91679    	25.53734    	14.087325295
21/06/2010  	21.058853   	26.85673    	24.55952    	14.209333062
22/06/2010  	18.976965   	27.31645    	23.45973    	15.314160228
23/06/2010  	16.997784   	27.68215    	22.92626    	16.262831847
24/06/2010  	18.860046   	27.60288    	24.18760    	17.075665951
25/06/2010  	19.467035   	27.77463    	24.73249    	17.637678822
26/06/2010  	18.706343   	27.46541    	23.75285    	18.269848824
27/06/2010  	15.801353   	27.83529    	23.00786    	18.469317794
28/06/2010  	20.876099   	27.94386    	25.05278    	19.506520589
29/06/2010  	22.826305   	27.92707    	25.92466    	19.953187744
30/06/2010  	21.733166   	28.00292    	25.90115    	19.978187283
01/07/2010  	23.264254   	28.14495    	26.04455    	20.119578719
02/07/2010  	22.675348   	28.43152    	26.27744    	20.830702424
03/07/2010  	22.414963   	28.53138    	26.33448    	21.430739363
04/07/2010  	23.560703   	28.50628    	26.78283    	21.384389877
05/07/2010  	24.816971   	28.96945    	26.82029    	21.273438414
06/07/2010  	24.874521   	28.64783    	26.95910    	20.605490406
07/07/2010  	25.303835   	28.78931    	26.93495    	19.988197009
08/07/2010  	25.378166   	28.85237    	27.59440    	20.168342551
09/07/2010  	25.501699   	29.09971    	28.02483    	20.815111438
10/07/2010  	26.747622   	29.24461    	28.35870    	21.813366652
11/07/2010  	27.088531   	29.29424    	28.30750    	22.562349598
12/07/2010  	27.305635   	29.31757    	28.59634    	22.312946359
13/07/2010  	27.576185   	29.30043    	28.58477    	21.725338022
14/07/2010  	19.195831   	29.29221    	26.71185    	22.150600394
15/07/2010  	18.714869   	29.54637    	27.01447    	21.383851687
16/07/2010  	17.221325   	29.94742    	26.56955    	20.217420379
17/07/2010  	17.933739   	30.27882    	26.89409    	20.014438470
18/07/2010  	24.630112   	30.36337    	27.71377    	19.579958320
19/07/2010  	24.017694   	30.35484    	26.98483    	19.862633983
20/07/2010  	24.080982   	30.09243    	27.19418    	20.670470874
21/07/2010  	24.989649   	29.80054    	27.57942    	20.929434419
22/07/2010  	25.513065   	29.80139    	27.77218    	20.731899261
23/07/2010  	25.597271   	29.59963    	28.06827    	20.800279458
24/07/2010  	26.874268   	29.24109    	28.29620    	20.186509649
25/07/2010  	27.272720   	29.21055    	28.24581    	20.348971208
26/07/2010  	27.515831   	29.42910    	28.33900    	20.403713663
27/07/2010  	27.690050   	28.79528    	28.26934    	20.287222385
28/07/2010  	26.326614   	29.09155    	27.92260    	20.630244970
29/07/2010  	23.688494   	28.91680    	27.24108    	20.172455986
30/07/2010  	23.191183   	28.89029    	26.34270    	19.603543838
31/07/2010  	22.963949   	29.17785    	26.13715    	19.744277040
01/08/2010  	20.889252   	29.21267    	25.84410    	20.041308999
02/08/2010  	20.720726   	29.18738    	25.50835    	20.420765996
03/08/2010  	20.843653   	28.66450    	25.05598    	20.406236887
04/08/2010  	19.421022   	28.81628    	24.67716    	20.325635235
05/08/2010  	20.535484   	28.75808    	24.82949    	19.678458770
06/08/2010  	18.535877   	28.09895    	23.61752    	19.328378240
07/08/2010  	18.542521   	28.52915    	24.08680    	19.634170095
08/08/2010  	18.979906   	28.65602    	24.93115    	19.597486655
09/08/2010  	18.618725   	27.33285    	23.87563    	19.693083843
10/08/2010  	18.454624   	27.84397    	24.46812    	19.798282305
11/08/2010  	18.553007   	28.53980    	24.21251    	19.751290401
12/08/2010  	18.412159   	28.01194    	23.96708    	19.678133527
13/08/2010  	18.712158   	27.85709    	23.73011    	19.300438285
14/08/2010  	19.736244   	27.47935    	23.22441    	19.790116350
15/08/2010  	20.183472   	25.38728    	23.67505    	19.371970733
16/08/2010  	17.689054   	27.40961    	23.39906    	19.229161143
17/08/2010  	18.165730   	25.92331    	22.11589    	19.401578387
18/08/2010  	16.078720   	26.12390    	21.72088    	18.989642819
19/08/2010  	13.540152   	26.55963    	20.29590    	18.599952181
20/08/2010  	 9.419176   	26.71544    	18.58654    	18.766980211
21/08/2010  	 9.846919   	27.91401    	22.01816    	19.207404733
22/08/2010  	15.460122   	28.77141    	22.89230    	19.481007814
23/08/2010  	 9.956779   	28.82879    	22.79768    	19.532272299
24/08/2010  	25.717613   	29.10612    	28.23547    	18.917622884
25/08/2010  	20.381704   	29.28260    	27.54004    	17.729808013
26/08/2010  	13.210078   	28.66931    	22.04486    	17.081845363
27/08/2010  	13.530440   	23.27047    	21.18559    	17.106326222
28/08/2010  	14.201362   	25.28266    	20.90747    	16.701146225
29/08/2010  	12.435514   	24.72977    	20.27627    	16.514577270
30/08/2010  	16.690163   	24.76061    	21.02893    	15.925936341
31/08/2010  	 6.575562   	22.00557    	17.33207    	15.692330698
01/09/2010  	 4.104132   	21.22055    	13.68663    	15.805054963
02/09/2010  	 5.664453   	19.98940    	12.59227    	15.980099261
03/09/2010  	 4.422149   	19.34879    	11.51439    	16.180643161
04/09/2010  	 5.620548   	19.86478    	12.64093    	16.306995352
05/09/2010  	 2.905310   	19.70556    	11.58569    	16.314227978
06/09/2010  	 2.780257   	19.33209    	12.26522    	15.909086605
07/09/2010  	 6.584984   	19.95010    	17.31393    	15.190803369
08/09/2010  	11.772999   	23.73182    	18.75660    	15.273265163
09/09/2010  	16.709541   	25.22405    	20.59172    	15.981315970
10/09/2010  	15.317104   	24.56674    	20.19184    	16.301972270
11/09/2010  	13.441568   	25.71908    	20.38882    	16.693180700
12/09/2010  	13.505718   	25.89158    	20.17052    	17.011687994
13/09/2010  	12.389225   	24.88031    	18.98869    	16.588262876
14/09/2010  	15.768114   	27.20787    	23.93334    	17.139183402
15/09/2010  	22.137011   	28.37565    	26.67947    	16.599045893
16/09/2010  	25.845922   	28.38403    	27.27624    	15.588509142
17/09/2010  	23.897251   	28.15903    	26.79031    	14.457189659
18/09/2010  	16.612505   	27.05183    	23.95818    	13.422471325
19/09/2010  	11.753898   	25.51612    	20.70518    	13.328409334
20/09/2010  	13.484311   	25.84174    	21.47917    	14.038853447
21/09/2010  	11.867412   	26.36876    	19.21333    	14.683455010
22/09/2010  	 7.785940   	24.37072    	16.48950    	15.015496929
23/09/2010  	 7.167207   	24.57514    	16.96958    	15.345620374
24/09/2010  	 9.205988   	23.79994    	17.77296    	15.548202892
25/09/2010  	13.463170   	22.96594    	18.69558    	14.500956436
26/09/2010  	14.612145   	22.92050    	18.09170    	14.032129367
27/09/2010  	10.892916   	21.86873    	16.16597    	14.261067788
28/09/2010  	 8.171513   	19.67333    	14.26524    	14.522301316
29/09/2010  	 5.743007   	17.64061    	12.96853    	13.955482046
30/09/2010  	 3.449185   	22.86297    	12.28489    	13.489378651
01/10/2010  	 7.626817   	21.48305    	14.86899    	13.900896907
02/10/2010  	 8.235467   	24.54641    	17.78410    	14.318668981
03/10/2010  	 8.006089   	25.39996    	18.62895    	15.123801370
04/10/2010  	14.933009   	26.55769    	21.29482    	15.521896501
05/10/2010  	15.750134   	25.66466    	21.13378    	15.700472653
06/10/2010  	13.585938   	26.28382    	21.50815    	15.757512311
07/10/2010  	14.986620   	26.27695    	20.66906    	15.612033327
08/10/2010  	13.437521   	24.38541    	18.44715    	15.585728049
09/10/2010  	13.235064   	23.45596    	17.84529    	14.981556873
10/10/2010  	12.855024   	23.71237    	18.36589    	14.264185290
11/10/2010  	14.781840   	21.93427    	18.88183    	13.562513789
12/10/2010  	14.220887   	20.85479    	18.90385    	13.303866545
13/10/2010  	13.776288   	21.62929    	18.44792    	13.093795439
14/10/2010  	13.812467   	20.22072    	18.34496    	12.998769462
15/10/2010  	15.021537   	20.67830    	18.35437    	12.865176996
16/10/2010  	16.757139   	20.63351    	18.51323    	11.753867944
17/10/2010  	 8.781289   	22.53714    	15.24890    	10.460998257
18/10/2010  	11.456387   	23.67813    	19.27471    	11.287123382
19/10/2010  	17.854807   	26.08314    	22.14121    	11.670630256
20/10/2010  	17.395988   	25.24739    	21.32977    	10.517378370
21/10/2010  	16.374937   	23.56662    	21.25555    	 9.942699432
22/10/2010  	19.150915   	25.69628    	22.67188    	10.177985609
23/10/2010  	17.858524   	27.68244    	24.55110    	10.652937949
24/10/2010  	18.889681   	27.51093    	24.32857    	 9.874664664
25/10/2010  	14.611772   	23.77496    	20.59093    	 8.670984467
26/10/2010  	 9.997435   	24.09355    	18.72450    	 8.434002598
27/10/2010  	16.119547   	27.06816    	23.59182    	 9.457464814
28/10/2010  	16.547749   	27.90239    	23.00074    	10.185213327
29/10/2010  	 5.440412   	28.14075    	20.86381    	10.220440884
30/10/2010  	12.254204   	29.05537    	23.09685    	10.596534530
31/10/2010  	16.489943   	29.07929    	22.74973    	10.456197600
01/11/2010  	16.600616   	27.67772    	22.06528    	10.457234979
02/11/2010  	13.155495   	26.83712    	23.23138    	10.600035111
03/11/2010  	25.135212   	28.41606    	27.23868    	11.201103608
04/11/2010  	23.941292   	28.44299    	27.69262    	11.603712698
05/11/2010  	27.960035   	29.10015    	28.56929    	12.093192995
06/11/2010  	18.195053   	28.86660    	26.58855    	11.705482026
07/11/2010  	12.799063   	27.14532    	21.04851    	10.755418698
08/11/2010  	 2.967236   	21.54320    	16.31510    	 9.331346611
09/11/2010  	 2.367205   	24.12965    	18.94448    	 8.563750088
10/11/2010  	13.133174   	24.70801    	19.66272    	 8.198000054
11/11/2010  	15.234084   	27.37407    	21.15855    	 8.082344254
12/11/2010  	27.024263   	31.51186    	30.19540    	10.146354040
13/11/2010  	28.179129   	31.13410    	30.17654    	 9.530163149
14/11/2010  	22.528322   	30.90613    	26.86626    	 9.240378777
15/11/2010  	21.396955   	30.61731    	26.19267    	 8.854436427
16/11/2010  	12.956984   	29.91991    	22.28391    	 8.243860076
17/11/2010  	 6.708896   	27.69357    	17.22575    	 7.519713273
18/11/2010  	 6.130082   	25.66317    	17.37351    	 7.495022575
19/11/2010  	 9.853541   	24.49644    	18.08822    	 7.508597205
20/11/2010  	11.140351   	24.74434    	18.49649    	 7.594898264
21/11/2010  	12.172339   	23.70136    	17.38979    	 7.379897137
22/11/2010  	11.288780   	20.90863    	17.95918    	 7.027347873
23/11/2010  	13.800974   	22.23491    	18.94715    	 6.616480301
24/11/2010  	14.156820   	22.88476    	18.71241    	 6.028634012
25/11/2010  	12.991387   	20.96760    	18.13888    	 5.679770221
26/11/2010  	11.034002   	20.95237    	15.59754    	 5.203059355
27/11/2010  	 5.627573   	21.93691    	14.35892    	 4.705828488
28/11/2010  	 5.877542   	21.16368    	13.42128    	 3.972576104
29/11/2010  	 6.130416   	21.29031    	15.66608    	 3.148079656
30/11/2010  	16.012859   	22.26087    	19.73961    	 2.311784741
01/12/2010  	13.433219   	22.37041    	20.01490    	 0.346504951
02/12/2010  	15.736050   	22.67495    	20.37133    	 0.450198739
03/12/2010  	15.993360   	24.94143    	20.56334    	 0.929361081
04/12/2010  	17.535534   	27.20672    	24.31079    	 2.463691997
05/12/2010  	21.498884   	28.63733    	25.91366    	 3.248409530
06/12/2010  	19.822277   	27.62572    	23.44614    	 2.411950963
07/12/2010  	18.882742   	26.64402    	22.68444    	 1.944420107
08/12/2010  	16.785110   	26.24744    	20.87156    	 1.617606495
09/12/2010  	16.788237   	25.76219    	22.51380    	 2.084031691
10/12/2010  	17.358351   	24.95496    	22.41656    	 2.524382065
11/12/2010  	19.079918   	24.47061    	21.70168    	 3.287619099
12/12/2010  	18.013628   	23.29198    	22.02940    	 3.358122836
13/12/2010  	11.974617   	23.07915    	17.33404    	 1.993757740
14/12/2010  	 9.428720   	22.40624    	17.68457    	 1.639643391
15/12/2010  	11.070230   	23.49075    	19.84973    	 1.854594034
16/12/2010  	12.620631   	24.01164    	19.68930    	 2.298530132
17/12/2010  	14.759284   	23.89252    	19.44197    	 1.995855639
18/12/2010  	 7.108288   	22.97868    	16.78128    	 1.439093533
19/12/2010  	 6.942400   	22.94774    	15.56789    	 0.659565959
20/12/2010  	 9.648398   	24.35215    	18.90880    	 0.775562755
21/12/2010  	11.128223   	22.98910    	18.23076    	 0.281458046
22/12/2010  	 9.132126   	22.12084    	17.02071    	 0.056310445
23/12/2010  	12.428051   	22.57623    	19.86039    	 0.122578046
24/12/2010  	14.350410   	21.81127    	19.94980    	-0.161125802
25/12/2010  	 9.016953   	23.39867    	18.54703    	-0.544596444
26/12/2010  	 9.281054   	23.22705    	16.66623    	-0.391893465
27/12/2010  	 8.669944   	23.86444    	16.06815    	-0.019454697
28/12/2010  	 6.027067   	23.94743    	15.58321    	 0.008255089
29/12/2010  	 6.715604   	22.18983    	14.73074    	 0.116788032
30/12/2010  	 8.985003   	23.67958    	17.17052    	 0.323892008
31/12/2010  	10.037097   	22.38556    	17.29509    	 0.678206692
