Date	Tavg	Tmin	Tmax	unknown1	unknown2	unknown3
01/03/2009	6.6	2.5	10.3	80	0	1367.2
02/03/2009	6.8	5.5	9.5	84	4.6	1653
03/03/2009	6.3	3.9	10.1	77	0	1907.1
04/03/2009	4.6	2	8.6	81	11.8	1435
05/03/2009	1.8	0.4	3.4	90	2.8	1025.9
06/03/2009	1.6	0	3.1	88	1.2	969.5
07/03/2009	3.2	-0.8	8.1	69	0	4375
08/03/2009	4.5	-2.9	11.7	71	2.4	3506.9
09/03/2009	3.9	2.4	6.5	74	1.4	1724.6
10/03/2009	3.5	1.9	6.1	80	2.8	1381
11/03/2009	5.7	0.3	10.8	70	1.8	3485.8
12/03/2009	5.1	-1.5	11.9	62	0	4197.8
13/03/2009	8.5	1.7	16	63	0	4608.7
14/03/2009	10.3	2.8	17.3	63	0	3833.8
15/03/2009	10.1	7	15	63	0	4102.4
16/03/2009	8.6	3.9	13.3	59	0	4866.8
17/03/2009	9.2	2.1	14.9	60	0	4814.5
18/03/2009	9.4	4.8	15.1	56	0	4913.3
19/03/2009	8.7	3.3	14.7	40	0	4867.4
20/03/2009	3.5	-0.2	6	50	0	5140
21/03/2009	2.9	-1	7.8	48	0	5152.1
22/03/2009	5.9	-0.4	12.7	41	0	5270.2
23/03/2009	8.2	0.3	14.9	54	0	5087.6
24/03/2009	4.7	1.2	9.7	68	2.4	2509
25/03/2009	3.7	1.1	6.2	74	1.6	1604.7
26/03/2009	7.5	3.5	11.5	69	4	4210.8
27/03/2009	11	8.2	14.2	55	0	3541.6
28/03/2009	7.4	3.3	11	75	4.4	716.3
29/03/2009	5.5	2.3	9.7	78	4.8	3182.4
30/03/2009	6	3.9	8.3	71	0	1918.8
31/03/2009	6.3	1.6	9.3	76	0	3680.1
01/04/2009	8.9	6.4	13.7	70	0	4765.2
02/04/2009	9.1	7.2	13.8	77	0	2432.6
03/04/2009	12.1	7.8	17.6	67	0.8	5234.9
04/04/2009	12.5	6.3	18.8	64	0	5561.5
05/04/2009	12.9	6.3	18.8	65	0	5406.8
06/04/2009	13.8	7	20.5	61	0	5375.6
07/04/2009	12.7	6.3	18.2	64	0	4229.1
08/04/2009	13	8.8	17.7	63	0	4656.5
09/04/2009	14.2	6.2	21.7	57	0	5926.7
10/04/2009	14.7	7.2	21.8	61	0	5535.5
11/04/2009	14.3	8.4	21.1	61	0	4623.4
12/04/2009	14.2	9.1	20.9	63	0	4899.4
13/04/2009	15	9.3	22	64	0	5930.7
14/04/2009	15.3	8.8	22.9	61	0	6171
15/04/2009	15.5	9	21.9	57	0	4745.5
16/04/2009	9.9	6.5	13.8	79	10.8	2181
17/04/2009	10.1	5.8	15.2	69	0	5332.2
18/04/2009	10.7	5.2	17.3	66	0	6137.9
19/04/2009	11	5.3	15.6	70	0	3779.3
20/04/2009	13.1	7.8	18	71	0	5470.9
21/04/2009	15	8.8	21.2	64	0	5993.4
22/04/2009	15.8	9.5	21.5	57	0	6476.3
23/04/2009	13.4	7.8	18.7	49	0	6744.5
24/04/2009	10.8	5.9	16.4	58	0	6388.9
25/04/2009	14.1	5.7	21.4	55	0	6283.9
26/04/2009	13	10.8	16.6	70	0	2103.8
27/04/2009	9.5	8	11.7	90	6.8	1716.4
28/04/2009	8.8	6.3	13.8	82	7.2	3370.6
29/04/2009	7.5	5.6	10.7	80	3.2	3584.8
30/04/2009	9.9	3.6	15.9	68	0	6680.4
01/05/2009	12.5	5	19	64	0	6929.8
02/05/2009	14.3	8.4	20.2	66	0	6541.5
03/05/2009	13.4	8.5	20.3	76	0.6	5170.9
04/05/2009	12.3	8.1	16.6	70	0	4519.8
05/05/2009	11.1	5.3	16.5	60	0	4972
06/05/2009	14.8	6.2	22.9	61	0	7064.2
07/05/2009	17.5	7.6	26.7	53	0	7251.7
08/05/2009	16.5	13.3	22.4	70	0.8	4092
09/05/2009	17.3	11.2	23.7	66	0.2	5596.6
10/05/2009	17	11.8	23.9	62	0	4633.9
11/05/2009	17.3	12.3	24.3	70	0.2	4249.9
12/05/2009	16.7	12.6	20.6	77	0.8	3322.7
13/05/2009	16.9	11.2	23	78	0	4485.6
14/05/2009	16.1	12.6	21.1	78	4.8	4002.5
15/05/2009	12	10.3	13.3	90	8	2088.9
16/05/2009	15.2	7.7	22.2	68	0	7584.2
17/05/2009	16.7	9.5	22.9	66	2.6	5206.3
18/05/2009	14.9	11.4	20.4	77	1.6	5071.4
19/05/2009	17.4	8.8	24.8	60	0	7790.9
20/05/2009	20.1	10.6	29.8	52	0	7557.9
21/05/2009	22.3	16.8	27.5	49	0	5546.2
22/05/2009	22.4	17.3	28	54	0	6404.1
23/05/2009	21.5	14.7	28.7	68	0	5882.3
24/05/2009	25.2	17.3	33.4	56	0	7519.7
25/05/2009	24.7	16.8	33.3	52	0	7566.5
26/05/2009	18.2	11.5	23.4	68	7.2	2868.9
27/05/2009	14.6	9.3	20.1	61	0	7594.1
28/05/2009	17.2	11.7	22.5	56	0	7702.2
29/05/2009	17.2	12.9	21.3	52	0	8006.5
30/05/2009	14.9	10	20.9	56	0	6852.6
31/05/2009	16.3	9.9	22.4	59	0	7876.4
01/06/2009	16.8	10.1	22.6	55	0	8351.5
02/06/2009	19.1	13	24.3	51	0	8104.3
03/06/2009	19.7	12.7	26.2	50	0	7897.7
04/06/2009	18.1	10.8	24.8	50	0	7930.8
05/06/2009	16.5	10.3	21.6	66	3	3830.5
06/06/2009	14.3	11.5	19.7	83	32	4767.7
07/06/2009	14.6	11.8	18.8	74	3.6	4290.7
08/06/2009	15.6	11.6	20.7	75	9.4	3279.5
09/06/2009	15.1	10.2	21.6	74	11	7210.4
10/06/2009	17.5	9.9	22.5	64	0.2	6496.9
11/06/2009	17.9	11.6	22.6	61	3	7506.8
12/06/2009	17.7	8.8	26	57	0	8029.7
13/06/2009	20.6	12	28.5	58	0	8229.3
14/06/2009	22.2	14.1	31.1	66	0.4	6635.6
15/06/2009	20.5	16.3	27.3	80	11	4495.1
16/06/2009	19.7	15.5	24.4	67	0	6979.4
17/06/2009	20.4	13.9	27.6	62	0	7745.3
18/06/2009	23.4	16.7	29.2	68	0.4	7156.7
19/06/2009	19.6	12.6	25.1	74	1.6	4389.3
20/06/2009	15.4	9	20.7	64	0	6884.2
21/06/2009	15.1	10.1	19.4	59	0	5485.4
22/06/2009	14.7	11.5	18.7	59	0	7602.4
23/06/2009	14.6	11.2	18.4	65	0	7215.4
24/06/2009	17.3	12.7	23.7	69	0	6008.6
25/06/2009	19.7	13.7	27.1	70	0	6986.1
26/06/2009	18.2	14.3	23.3	80	4.8	4552.9
27/06/2009	18.7	14	25.3	77	0	5135.7
28/06/2009	21	13.7	28.4	71	0	7305.5
29/06/2009	22.5	16.3	29.6	69	0	6556.8
30/06/2009	22.7	16.8	28.8	70	0	5647.1
01/07/2009	21.7	16.2	29.2	75	0.2	5604.5
02/07/2009	23	15.1	31.5	67	0	7000.3
03/07/2009	24	18	30.1	62	0	6297.6
04/07/2009	22.1	16.8	28	68	0	5391.7
05/07/2009	21	14.8	30	72	5.4	6270.7
06/07/2009	21.2	15.4	26.8	60	0	7098.5
07/07/2009	16.4	11.5	20.3	75	14.2	3698.8
08/07/2009	15.9	11.6	21.1	70	3	5226.5
09/07/2009	17.1	11.6	23.8	61	0	6676.1
10/07/2009	16.7	10	23.5	56	0	6613.4
11/07/2009	18.1	10.8	25.4	58	0	7316.3
12/07/2009	21.7	14.5	28.3	57	0	4508.9
13/07/2009	25.2	20.5	30.5	56	0	6100.9
14/07/2009	24.6	20.8	31.5	59	0.2	5091.3
15/07/2009	23.2	19.1	30.1	74	2.8	5977
16/07/2009	25.8	18.8	34.2	60	6.8	7598.5
17/07/2009	15.8	11.1	21.9	88	45.4	1916.1
18/07/2009	13.6	10.8	17.6	77	2.8	3021.8
19/07/2009	17.5	12.7	23.3	63	0	6484.1
20/07/2009	20.6	13.3	27.2	58	0	7735.4
21/07/2009	23	15.2	29.3	61	0	6933.7
22/07/2009	22.7	18.4	26.5	61	1.8	3883.4
23/07/2009	22	18	27.4	68	2.8	3815.2
24/07/2009	19.8	15	25	64	1	4098.7
25/07/2009	19.3	13.2	25.8	53	0	7684.6
26/07/2009	19.6	12.6	28	59	0	7641.4
27/07/2009	20.9	11.9	28.7	63	0.4	6142.1
28/07/2009	20.6	14.1	27.7	64	0	7218.6
29/07/2009	22.9	13	30.5	56	0	7323.3
30/07/2009	21.6	14.8	25.7	55	0	6059.7
31/07/2009	20.2	14	26.1	63	0	6476.7
01/08/2009	23.3	13.8	32.5	57	0	7296.7
02/08/2009	17.8	13.9	23.1	81	8.8	3147.5
03/08/2009	17.3	12.5	22.6	67	0	5104.8
04/08/2009	18.9	11.1	25.1	60	0	7295.2
05/08/2009	21	13.1	28.4	58	0	7172.8
06/08/2009	23.3	14.6	32.3	57	0	7003.1
07/08/2009	23.3	16.6	31.1	61	6	5208.6
08/08/2009	19.8	16.3	25	84	1.4	3584.1
09/08/2009	19.8	15	26.1	79	22.6	4664.6
10/08/2009	18.3	16.1	22.2	90	3	3039.1
11/08/2009	21.1	15.1	28	71	0.2	6727.3
12/08/2009	21.5	15.3	27.9	68	0	6758.3
13/08/2009	22.3	14.8	30.4	64	0	6630.2
14/08/2009	22.9	14.8	30.6	61	0	6737.6
15/08/2009	23.8	15.2	31.7	56	0	6699.4
16/08/2009	24.8	17.2	32.3	48	0	5515.8
17/08/2009	24.5	15.8	33.8	51	0	5887.1
18/08/2009	25.6	17.3	33.7	56	0	6377
19/08/2009	26.4	17.7	34.9	53	0	6142.6
20/08/2009	27.4	18.4	34.4	41	0	6425.9
21/08/2009	23.7	19.6	28.7	62	1.6	4128.5
22/08/2009	21.4	17.5	26.5	61	0	5878.8
23/08/2009	20.2	14.5	26.9	59	0	6300.8
24/08/2009	23.1	15	31.4	62	10.2	5355.7
25/08/2009	19.3	16.3	23.9	90	25	2796.5
26/08/2009	19.8	16.3	26.1	87	0	3379.9
27/08/2009	22.4	16	29.5	72	0	5985.1
28/08/2009	20.6	14.9	26.8	68	0	5656.2
29/08/2009	17.2	12.4	22.8	55	0	5648.9
30/08/2009	17.2	10.3	24.3	54	0	6151.2
31/08/2009	20	11.2	27.8	61	0	5894.5
01/09/2009	21.2	17.4	27.2	78	13.2	3802.8
02/09/2009	18.8	17.3	20.6	95	11.6	1498.4
03/09/2009	20.3	17.6	23.9	70	3.8	3280.9
04/09/2009	16	9.8	20.4	67	3	2830
05/09/2009	13.2	6.7	19.3	64	0	5934.2
06/09/2009	14.6	8.2	20.9	63	0	5762
07/09/2009	16.8	9	25.6	67	0	5455.3
08/09/2009	18	10.9	25.8	66	0	5522.4
09/09/2009	18.4	11.4	24.9	58	0	5346.4
