*crop_optimiser::Crop	Subsidy	PriceLM	PriceHerb	PriceFi	PriceG	PriceH	PriceW	AlfaHerb	BetaHerb 	AlfaFi	BetaFi	AlfaG	BetaG	AlfaH	BetaH	AlfaW	BetaW
SBarley	2240	3018	165	239	30	0	0	7.767	8	25.806	16	2.472	2.5	0	0	0	0
Oats	2240	3018	165	200	30	0	0	8.7379	9	8.7379	8	1.8519	2.5	0	0	0	0
OSCrops	2240	3018	445	80	30	0	0	7.767	8	25.806	16	2.472	2.5	0	0	0	0
WBarley	2240	3123	300	430	30	0	0	9.6296	13	10.989	10	2.2222	3	0	0	0	0
WWheat	2240	3276	300	358	30	0	0	12.593	17	23.077	21	2.5926	3.5	0	0	0	0
WRye	2240	2869	300	352	30	0	0	4.4444	6	7.6923	7	2.2222	3	0	0	0	0
Triticale	2240	2869	300	352	30	0	0	4.4444	6	7.6923	7	2.2222	3	0	0	0	0
SRape	2240	2950	406	96	0	170	0	5.2632	5	30.645	19	0	0	1.5789	1.5	0	0
WRape	2240	2950	495	141	0	170	0	0	0	14.516	9	0	0	3.1579	3	0	0
OOilseed	2240	2950	495	141	0	170	0	5.2632	5	30.645	19	0	0	1.5789	1.5	0	0
Peas	2240	3223	235	83	30	0	0	5.9	12	3.1496	4	1.4778	3	0	0	0	0
OLSeed	2240	3223	100	100	30	0	0	5.9	12	3.1496	4	1.4778	3	0	0	0	0
GrassSeed	2240	2924	460	400	0	0	0	40	50	17.647	3	0	0	0	0	0	0
Potato	2240	11213	286	198	0	0	0	0	0	0	0	0	0	0	0	0	0
PotatoFood	2240	14570	286	193	0	0	0	0	0	0	0	0	0	0	0	0	0
SugarBeet	2240	8037	625	158	0	170	150	0	0	28.125	18	0	0	1.7544	4	21.93	50
GrassClover	2240	2646	300	80	0	0	0	60	3	150	3	0	0	0	0	0	0
OLSeedCut	2240	3223	717	80	30	0	0	5.9	12	3.1496	4	1.4778	3	0	0	0	0
SCerealSil	2240	4612	232	246	30	0	0	7.767	8	8.0645	5	2.9126	3	0	0	0	0
PeasSil	2240	4612	235	170	30	0	0	5.9	12	3.1496	4	1.4778	3	0	0	0	0
MaizeSil	2240	5649	445	80	30	170	150	8.1761	13	150	3	2.5157	4	1.8868	3	3.1447	5
WCerealSil	2240	4612	232	246	30	0	0	9.6296	13	8.0645	5	2.9126	3	0	0	0	0
SCerealG	2240	3018	165	239	30	0	0	7.767	8	25.806	16	2.472	2.5	0	0	0	0
PerGrassLow	500	2606	300	80	0	0	0	60	3	150	3	0	0	0	0	0	0
PerGrassNorm	500	2606	300	80	0	0	0	60	3	150	3	0	0	0	0	0	0
GrassEnv1	1920	2606	300	80	0	0	0	60	3	150	3	0	0	0	0	0	0
GrassEnv2	1880	2606	300	80	0	0	0	60	3	150	3	0	0	0	0	0	0
GrassRot	2240	2764	300	80	0	0	0	60	3	150	3	0	0	0	0	0	0
Setaside	2240	534	0	0	0	0	0	0	0	0	0	0	0	0	0	0	0
Uncult	2240	534	0	0	0	0	0	0	0	0	0	0	0	0	0	0	0
OUncult	2240	534	100	100	0	0	0	0	0	1	0	0	0	0	0	0	0
FodderBeet	2240	10191	625	158	0	170	150	0	0	28.125	18	0	0	1.7544	4	21.93	50
CloverGrz	2240	2646	717	80	0	0	0	60	3	150	3	0	0	0	0	0	0
Veg	0	0	100	100	0	0	0	0	0	0	0	0	0	0	0	0	0
Fruit	0	0	100	100	0	0	0	0	0	0	0	0	0	0	0	0	0
FruitTree	0	0	100	100	0	0	0	0	0	0	0	0	0	0	0	0	0
OSpecCrops	0	0	100	100	0	0	0	0	0	0	0	0	0	0	0	0	0
ChrisTree	0	0	100	100	0	0	0	0	0	0	0	0	0	0	0	0	0
EnergyFor	0	0	100	100	0	0	0	0	0	0	0	0	0	0	0	0	0
Other	0	0	100	100	0	0	0	0	0	0	0	0	0	0	0	0	0
																	
																	
																	
																	
																	
																	
																	
																	
																	
																	
																	
																	
																	
																	
																	
																	
																	
																	
																	
																	
																	
																	
																	
																	
																	
																	
																	
																	
																	
																	
																	
																	
																	
																	
																	
																	
																	
																	
																	
																	
																	
																	
																	
																	
																	
																	
																	
																	
																	
																	
																	
																	
																	
																	
																	
																	
																	
																	
																	
																	
																	
																	
																	
																	
																	
																	
																	
																	
																	
																	
																	
																	
																	
																	
																	
																	
																	
																	
																	
																	
																	
																	
																	
																	
																	
																	
																	
																	
																	
																	
																	
																	
																	
																	
																	
																	
																	
																	
																	
																	
																	
																	
																	
																	
																	
																	
																	
																	
																	
																	
																	
																	
																	
																	
																	
																	
																	
																	
																	
																	
																	
																	
																	
																	
																	
																	
																	
																	
																	
																	
																	
																	
																	
																	
																	
																	
																	
																	
																	
																	
																	
																	
																	
																	
																	
																	
																	
																	
																	
																	
																	
																	
																	
																	
																	
																	
																	
																	
																	
																	
																	
																	
																	
																	
																	
																	
																	
																	
																	
																	
																	
																	
																	
																	
																	
																	
																	
																	
																	
																	
																	
																	
																	
																	
																	
																	
																	
																	
																	
																	
																	
																	
																	
																	
																	
																	
																	
																	
																	
																	
																	
																	
																	
																	
																	
																	
																	
																	
																	
																	
																	
																	
																	
																	
																	
																	
																	
																	
																	
																	
																	
																	
																	
																	
																	
																	
																	
																	
																	
																	
																	
																	
																	
																	
																	
																	
																	
																	
																	
																	
																	
																	
																	
																	
																	
																	
																	
																	
																	
																	
																	
																	
																	
																	
																	
																	
																	
																	
																	
																	
																	
																	
																	
																	
																	
																	
																	
																	
																	
																	
																	
																	
																	
																	
																	
																	
																	
																	
																	
																	
																	
																	
																	
																	
																	
																	
																	
																	
																	
																	
																	
																	
																	
																	
																	
																	
																	
																	
																	
																	
																	
																	
																	
																	
																	
																	
																	
																	
																	
																	
																	
																	
																	
																	
																	
																	
																	
																	
																	
																	
																	
																	
																	
																	
																	
																	
																	
																	
																	
																	
																	
																	
																	
																	
																	
																	
																	
																	
																	
																	
																	
																	
																	
																	
																	
																	
																	
																	
																	
																	
																	
																	
																	
																	
																	
																	
																	
																	
																	
																	
																	
																	
