Station	Date	Tmin	Tmax	Tavg	I
6135	01/01/2009	0.5	-0.9	2.6	3.2
6135	02/01/2009	-5.4	0.6	-2.8	3.2
6135	03/01/2009	-5.2	3.5	1.2	0.8
6135	04/01/2009	-1.4	0.3	-1.9	0.9
6135	05/01/2009	-7.2	-2.3	-5.9	3.5
6135	06/01/2009	-8.5	1.2	-1	1.9
6135	07/01/2009	-1	1.9	-0.6	2.7
6135	08/01/2009	-7.2	2.1	-0.9	1.6
6135	09/01/2009	-0.7	5.1	3.7	3.1
6135	10/01/2009	1.7	3.6	2.1	0.8
6135	11/01/2009	-1.5	3.6	0.8	2.1
6135	12/01/2009	-1.5	4.5	3.5	2.1
6135	13/01/2009	2.9	4.3	3.7	0.4
6135	14/01/2009	2.8	3.6	3.1	0.7
6135	15/01/2009	1.6	2.8	1.7	0.7
6135	16/01/2009	-1.9	1.1	-0.3	1.7
6135	17/01/2009	-1.1	0.1	-0.6	0.6
6135	18/01/2009	-1.4	3.2	2.1	1.4
6135	19/01/2009	1.8	3.4	2.2	1
6135	20/01/2009	1.1	4.6	3.5	2.9
6135	21/01/2009	1	4.5	1.8	4.1
6135	22/01/2009	-0.8	2.2	0.6	1.6
6135	23/01/2009	-0.2	2.3	1.2	1.1
6135	24/01/2009	0	3.5	2	0.8
6135	25/01/2009	1.2	3.4	2.4	1.3
6135	26/01/2009	-0.4	2	1	1.9
6135	27/01/2009	-0.5	3.3	1.1	2.8
6135	28/01/2009	-0.3	1.1	-0.2	1.3
6135	29/01/2009	-2.8	-1.8	-2.4	1.1
6135	30/01/2009	-3.2	0.7	-0.6	0.8
6135	31/01/2009	-1.5	1.8	0.6	2.3
6135	01/02/2009	-2.9	0.1	-1.2	1.9
6135	02/02/2009	-1.8	1.3	0.3	1.4
6135	03/02/2009	0	1.3	0.9	1.9
6135	04/02/2009	-0.1	1.2	0.5	0.7
6135	05/02/2009	0	2.4	0.9	1.4
6135	06/02/2009	0.3	4.4	2.9	0.9
6135	07/02/2009	1	2.9	2	1.2
6135	08/02/2009	0.5	3.1	1.3	4.6
6135	09/02/2009	0.2	1.1	0.5	1.8
6135	10/02/2009	-0.1	2	0.5	1.6
6135	11/02/2009	-0.8	1.6	0	4.5
6135	12/02/2009	-1.3	-0.1	-1.2	3.4
6135	13/02/2009	-8.3	1	-2.9	8
6135	14/02/2009	-4.9	1.3	-1.7	8.1
6135	15/02/2009	-3.2	0.8	-0.2	3.4
6135	16/02/2009	-0.7	0.1	-0.7	3.6
6135	17/02/2009	-7.4	-1	-4.6	8.9
6135	18/02/2009	-9.2	0.2	-3.3	5.9
6135	19/02/2009	-4	0.4	0.1	3.7
6135	20/02/2009	-0.5	1.1	0.2	4.8
6135	21/02/2009	-0.7	0.9	0	3.9
6135	22/02/2009	-0.2	6.4	3.8	6.4
6135	23/02/2009	0.8	3.5	1	2.2
6135	24/02/2009	-2	3.5	1	9.6
6135	25/02/2009	-0.6	4.9	4.1	2.3
6135	26/02/2009	3.4	6.9	4.5	3.7
6135	27/02/2009	1.3	6.2	3.6	3.2
6135	28/02/2009	-0.3	3.6	1.9	4.8
6135	01/03/2009	0.5	4	2.8	1.6
6135	02/03/2009	2.5	5.6	3.7	2.6
6135	03/03/2009	2.9	6.5	4.6	7.5
6135	04/03/2009	2.8	6.6	4.1	6.6
6135	05/03/2009	3.3	6.4	4.5	4.4
6135	06/03/2009	2.3	4.2	2.7	0.8
6135	07/03/2009	1.1	3.8	2.5	3.8
6135	08/03/2009	1.2	6.7	3.5	3.2
6135	09/03/2009	0.8	5.2	2.8	6.6
6135	10/03/2009	1.7	7.9	4.1	6.9
6135	11/03/2009	1.4	6.7	3.4	8.6
6135	12/03/2009	-1.9	5.4	1.8	2.6
6135	13/03/2009	1.3	8.2	5.8	5.1
6135	14/03/2009	0.7	8.2	4.5	7.3
6135	15/03/2009	2.2	7.7	6	2.9
6135	16/03/2009	3.7	7.2	5.2	4.5
6135	17/03/2009	4.7	8.5	6	15
6135	18/03/2009	2.4	9.2	5.5	14.2
6135	19/03/2009	0.8	8	3.9	15.7
6135	20/03/2009	-2.2	5.1	1.8	12.8
6135	21/03/2009	0.6	4.3	2.8	2.5
6135	22/03/2009	2.4	8.8	6.3	12.7
6135	23/03/2009	4.1	4.9	3.5	4
6135	24/03/2009	-0.3	2.3	0.4	12.1
6135	25/03/2009	-3.3	1.8	-0.7	11
6135	26/03/2009	-1.6	4.7	1.9	7.7
6135	27/03/2009	1.9	6.8	5	10.9
6135	28/03/2009	2.2	7.8	5.2	9.9
6135	29/03/2009	1.2	9.1	5.1	12.6
6135	30/03/2009	0	7.3	4.2	13.3
6135	31/03/2009	3.7	8.5	6.2	6.1
6135	01/04/2009	5	9.3	6.6	4.8
6135	02/04/2009	-0.3	10.6	4.2	9.1
6135	03/04/2009	-0.8	15	7.3	19.1
6135	04/04/2009	1.5	17.5	9.2	17.5
6135	05/04/2009	6	11.3	7.6	13.5
6135	06/04/2009	-1	12.4	7.1	17.6
6135	07/04/2009	6.2	15.8	10.2	14.4
6135	08/04/2009	6.2	13.4	9.4	14.7
6135	09/04/2009	4.2	13.7	9	17.2
6135	10/04/2009	4.4	15.4	9.9	19.9
6135	11/04/2009	5.9	14.4	9.6	20.7
6135	12/04/2009	3.6	13.4	8	20.7
6135	13/04/2009	3	16	9.1	19.1
6135	14/04/2009	5	17.8	10.8	18.3
6135	15/04/2009	6.6	13.6	9.4	19.6
6135	16/04/2009	5.2	12.5	8.2	20.1
6135	17/04/2009	2.2	14.3	7.9	22.4
6135	18/04/2009	2.5	14.2	8.4	22.6
6135	19/04/2009	0.4	10.5	5.5	22.8
6135	20/04/2009	-1	14.8	8.1	20.5
6135	21/04/2009	1.1	14.4	8	23
6135	22/04/2009	2.5	10.8	7	10.7
6135	23/04/2009	2.2	16.5	9.7	22.8
6135	24/04/2009	1.5	16.9	9.9	23.5
6135	25/04/2009	3.3	16.9	11.1	23.3
6135	26/04/2009	8.4	22.9	14.7	19.1
6135	27/04/2009	7.9	20.2	13.8	17.8
6135	28/04/2009	9.7	19.6	13.5	14.3
6135	29/04/2009	6.6	19.7	13.8	22.3
6135	30/04/2009	7.9	20.2	13.4	22.4
6135	01/05/2009	4.9	17	10.4	25.2
6135	02/05/2009	0.7	18	10.5	24.4
6135	03/05/2009	6.6	15.6	11	15.9
6135	04/05/2009	6.5	13	9.4	16.7
6135	05/05/2009	7.7	13.6	10.1	11.9
6135	06/05/2009	8.7	12.5	10	15.2
6135	07/05/2009	6.2	14	10.5	10.1
6135	08/05/2009	7.8	17.4	12.2	16.7
6135	09/05/2009	6.5	15.5	11.5	23
6135	10/05/2009	5.3	16	11.1	25.3
6135	11/05/2009	6.4	12.7	9.6	24.9
6135	12/05/2009	5	15.9	10.9	27.1
6135	13/05/2009	3.8	16.7	10.7	17.7
6135	14/05/2009	3.1	15.5	9.5	17.6
6135	15/05/2009	5.1	14.1	9.7	25.9
6135	16/05/2009	7.5	9.2	8.3	4
6135	17/05/2009	7.4	13.7	10.1	15.8
6135	18/05/2009	7.8	18.5	13.3	26
6135	19/05/2009	5.9	18.9	14	22.4
6135	20/05/2009	8.8	17.7	13.8	27.3
6135	21/05/2009	7.7	19.5	13.5	19.3
6135	22/05/2009	9.9	15.7	11.8	16.2
6135	23/05/2009	8.6	17.1	12.2	20.3
6135	24/05/2009	7.2	18.8	13.5	12.9
6135	25/05/2009	10	17.7	13.1	26.9
6135	26/05/2009	7.4	22.9	15.8	21.9
6135	27/05/2009	10.9	15.7	12.8	24.1
6135	28/05/2009	10.5	14.6	12.3	25.6
6135	29/05/2009	8.9	17.9	14	24
6135	30/05/2009	8.9	21.9	16.1	26.7
6135	31/05/2009	11.1	24.6	18.1	27.6
6135	01/06/2009	10.6	24	18	28.8
6135	02/06/2009	9.4	22	16	24.6
6135	03/06/2009	9.2	15.5	11.8	23.9
6135	04/06/2009	6.1	15.4	10	19.3
6135	05/06/2009	5.2	14.3	9.8	21.8
6135	06/06/2009	1.9	15.1	9.4	23.4
6135	07/06/2009	6.3	14.7	10.5	19.5
6135	08/06/2009	7.2	16.1	11	17.3
6135	09/06/2009	2.7	15.4	10.4	12.7
6135	10/06/2009	10.7	16.5	13.7	11.9
6135	11/06/2009	7.4	11.9	10.2	4.1
6135	12/06/2009	9	12	10.8	6.9
6135	13/06/2009	9.8	16.6	12.7	29.6
6135	14/06/2009	8.5	18	13.3	23.9
6135	15/06/2009	9.1	16.6	12.4	27.9
6135	16/06/2009	5.6	16.1	11.6	24.7
6135	17/06/2009	8.3	17.2	12.9	28.5
6135	18/06/2009	12.3	18.2	14.8	22.5
6135	19/06/2009	10	16.6	12.9	20.2
6135	20/06/2009	10.7	17.8	13.6	21.1
6135	21/06/2009	8.5	17.8	13.8	26.8
6135	22/06/2009	7.5	20.6	14.7	21.3
6135	23/06/2009	8.4	21.3	16.4	30.1
6135	24/06/2009	13.4	24.3	18.6	30.4
6135	25/06/2009	12	23.3	18.1	18.3
6135	26/06/2009	16	23.1	18.5	26.6
6135	27/06/2009	11.9	21.9	16.7	22.8
6135	28/06/2009	10.4	23	17.1	25.4
6135	29/06/2009	11.6	21.6	17.3	11.7
6135	30/06/2009	12.7	26.7	20.7	23.1
6135	01/07/2009	16.1	26.6	21.2	19.2
6135	02/07/2009	14.4	27.2	21.6	27.9
6135	03/07/2009	15.1	27.8	21.8	27.6
6135	04/07/2009	12.2	27.2	20.9	25.5
6135	05/07/2009	17.1	23.1	19.1	10.7
6135	06/07/2009	12	22.2	17.8	17.4
6135	07/07/2009	12.6	21.8	17.4	23.5
6135	08/07/2009	12.5	20.7	16.7	23.1
6135	09/07/2009	13.2	19.5	15.9	26.4
6135	10/07/2009	12.1	17.3	14.4	10.7
6135	11/07/2009	12.7	18.7	15.3	23.9
6135	12/07/2009	12.6	19.4	16.2	20.2
6135	13/07/2009	14.6	21.1	17.9	22
6135	14/07/2009	13.4	24.2	19.6	25.4
6135	15/07/2009	13.7	26.7	20.2	21.9
6135	16/07/2009	14.1	24.4	19.3	24.5
6135	17/07/2009	10.9	25.9	19	18.4
6135	18/07/2009	17.2	19.7	17.9	6.5
6135	19/07/2009	14.7	20.3	17	14
6135	20/07/2009	13.3	19.5	15.9	15.7
6135	21/07/2009	13.5	22.3	17.3	26.9
6135	22/07/2009	11.3	22.3	18.3	9.8
6135	23/07/2009	16.1	22.4	18.6	9.9
6135	24/07/2009	13.3	20.3	16.4	14
6135	25/07/2009	12.4	20.3	16.5	19.9
6135	26/07/2009	14.1	20	16.5	19
6135	27/07/2009	14	25.2	19.6	14.1
6135	28/07/2009	14	23	18.2	21.1
6135	29/07/2009	9.9	24.1	18.4	16
6135	30/07/2009	16.1	20.7	17.9	16.6
6135	31/07/2009	13.2	21.4	16.9	24
6135	01/08/2009	6.9	22.4	16.4	22.3
6135	02/08/2009	15.6	27.2	20.6	15.3
6135	03/08/2009	16.3	20.3	17.2	9.8
6135	04/08/2009	14.7	21.4	17.5	10.3
6135	05/08/2009	12.3	25.9	19.2	21.5
6135	06/08/2009	12.1	25.9	19.5	20.3
6135	07/08/2009	13.5	25.1	19.8	23.4
6135	08/08/2009	15.8	28.6	21.6	20
6135	09/08/2009	16.7	27.9	21.9	19.2
6135	10/08/2009	17	25.1	20.7	12.6
6135	11/08/2009	15.1	22.3	18.1	15.1
6135	12/08/2009	15	21.2	17.5	11.9
6135	13/08/2009	13.4	21.4	16.9	19.6
6135	14/08/2009	12.8	20.1	16.3	21.5
6135	15/08/2009	13.1	21.9	17.3	10.1
6135	16/08/2009	15.1	22.5	19.1	19.3
6135	17/08/2009	15.8	21.1	17.2	10.8
6135	18/08/2009	13.2	19.9	16	20
6135	19/08/2009	10.5	22.7	16.9	20.8
6135	20/08/2009	16.1	28.9	22.6	21.3
6135	21/08/2009	18.1	22.2	19.3	8.8
6135	22/08/2009	12.8	20.5	16.4	18.4
6135	23/08/2009	7.1	21.3	15.7	20.8
6135	24/08/2009	14.3	23.5	18.8	21.1
6135	25/08/2009	14.7	23.3	18.8	11.4
6135	26/08/2009	14	21.1	17.5	17
6135	27/08/2009	15.3	26	20.8	18.3
6135	28/08/2009	17	22.6	18.1	7.1
6135	29/08/2009	13.4	18	15.4	17.6
6135	30/08/2009	12	17.5	14.6	14.1
6135	31/08/2009	12.5	18.3	16.5	7.9
6135	01/09/2009	15.8	27	20	18.3
6135	02/09/2009	14.9	26.36666667	19.8	18.06666667
6135	03/09/2009	14.72	25.73333333	19.6	17.83333333
6135	04/09/2009	14.54	25.1	19.4	17.6
6135	05/09/2009	14.36	24.46666667	19.2	17.36666667
6135	06/09/2009	14.18	23.83333333	19	17.13333333
6135	07/09/2009	14	23.2	18.8	16.9
6135	08/09/2009	14	23.2	18.8	16.9
6135	09/09/2009	15.3	22.6	17.9	11.1
6135	10/09/2009	11.2	19.6	15.1	15
6135	11/09/2009	9.2	19.4	14.3	15.6
6135	12/09/2009	7.6	17.5	13.4	12.3
6135	13/09/2009	11.7	17.5	14.9	13.5
6135	14/09/2009	11.7	19.2	14.5	13.5
6135	15/09/2009	10.3	19.1	13.7	13.9
6135	16/09/2009	6.8	18.2	13	15.9
6135	17/09/2009	5.3	18.3	12.1	12.9
6135	18/09/2009	4.4	19	12.1	15.2
6135	19/09/2009	8.5	21.1	14.6	15.1
6135	20/09/2009	6.9	22.1	14.6	13.5
6135	21/09/2009	8.6	17.8	13.8	12.5
6135	22/09/2009	14	19	15.8	9.2
6135	23/09/2009	14.1	18	15	8.8
6135	24/09/2009	11.7	18.7	14	10.4
6135	25/09/2009	10.4	18.9	14.5	13.3
6135	26/09/2009	13.7	16.3	15	3.5
6135	27/09/2009	14.3	16.6	15.2	4.1
6135	28/09/2009	14.2	17.6	14.9	4.9
6135	29/09/2009	10.2	12.8	11.2	11.5
6135	30/09/2009	6.2	13	10.5	8.2
6135	01/10/2009	9.1	13.1	10.5	10.9
6135	02/10/2009	6.9	11.7	8.6	10.3
6135	03/10/2009	6.8	13.5	11.4	1.5
6135	04/10/2009	10.3	12.9	11.2	10.1
6135	05/10/2009	7.7	13.2	10.1	10.3
6135	06/10/2009	6	14.6	11.5	11.3
6135	07/10/2009	11.4	15.4	12.1	8.3
6135	08/10/2009	4.7	13.4	8.9	8.1
6135	09/10/2009	7	11.2	8.1	9.9
6135	10/10/2009	2.9	10.6	7.5	4
6135	11/10/2009	7.2	10.6	8.4	5.2
6135	12/10/2009	6.3	9.7	6.8	9.3
6135	13/10/2009	3.1	8.1	5.4	8.9
6135	14/10/2009	-0.9	7.3	3.5	10.9
6135	15/10/2009	1.2	8.5	4.4	10.8
6135	16/10/2009	-0.3	6.9	4.3	2.6
6135	17/10/2009	3.7	9.5	6.9	6.7
6135	18/10/2009	0.6	9.9	5.8	8.9
6135	19/10/2009	3.9	10.7	8.4	4.5
6135	20/10/2009	7.2	10.3	7.6	8.4
6135	21/10/2009	2.5	9.8	6.5	2.2
6135	22/10/2009	5.9	9.8	8.3	2.4
6135	23/10/2009	7	8.5	7.6	1.1
6135	24/10/2009	7	8.6	7.6	1.2
6135	25/10/2009	6.6	13	10.1	3
6135	26/10/2009	9.3	11.5	10.7	1.4
6135	27/10/2009	8.7	10.2	8.9	2.7
6135	28/10/2009	5.1	8.5	7.3	1.3
6135	29/10/2009	6	7.7	5.8	2.3
6135	30/10/2009	1.4	8.1	5	2.6
6135	31/10/2009	3.8	7	5.7	2.4
6135	01/11/2009	4.2	6.1	5	2.5
6135	02/11/2009	4.3	7.8	6.2	0.9
6135	03/11/2009	4.6	7.3	5.5	0.8
6135	04/11/2009	2.3	3.9	2.6	0.4
6135	05/11/2009	0.8	7.4	4.4	1.4
6135	06/11/2009	3.1	8.4	7.7	0.7
6135	07/11/2009	6.6	8.8	7.4	4.2
6135	08/11/2009	5.1	7.3	6.5	1.1
6135	09/11/2009	4.9	6.6	5.3	0.9
