        22  01/01/2005      -0.0       4.7       2.8       1.4
        22  02/01/2005       0.7       6.2       3.6       1.3
        22  03/01/2005       1.4       7.0       4.1       2.0
        22  04/01/2005       2.6       7.7       7.3       0.3
        22  05/01/2005       4.4       6.2       5.1       1.8
        22  06/01/2005       4.3       6.5       5.4       3.0
        22  07/01/2005       4.9       9.4       8.2       0.2
        22  08/01/2005       8.1       9.8       7.9       0.7
        22  09/01/2005       4.8       7.4       6.2       2.1
        22  10/01/2005       5.1      10.5       8.7       0.4
        22  11/01/2005       5.7       8.0       6.8       1.7
        22  12/01/2005       5.6       8.0       6.6       2.9
        22  13/01/2005       4.1       5.8       4.4       2.9
        22  14/01/2005       3.0       5.7       3.5       3.3
        22  15/01/2005      -1.2       2.3       0.8       1.3
        22  16/01/2005      -1.1       3.2       2.0       2.8
        22  17/01/2005       0.8       5.3       3.6       0.6
        22  18/01/2005       3.1       4.8       3.8       0.8
        22  19/01/2005       0.8       4.1       2.2       1.1
        22  20/01/2005       0.5       6.3       4.0       1.9
        22  21/01/2005       0.6       4.6       2.8       4.0
        22  22/01/2005       0.6       3.6       1.7       4.8
        22  23/01/2005      -0.1       2.9       0.4       3.0
        22  24/01/2005      -2.4       0.3      -1.0       5.0
        22  25/01/2005      -4.7      -1.5      -2.8       5.3
        22  26/01/2005      -5.0       0.1      -2.6       4.6
        22  27/01/2005      -4.0       1.3      -0.5       3.9
        22  28/01/2005      -1.9       0.2      -2.6       3.1
        22  29/01/2005      -9.6       1.2      -2.6       3.5
        22  30/01/2005      -3.3       5.6       3.3       1.7
        22  31/01/2005       2.1       6.5       4.3       4.0
        22  01/02/2005       1.6       4.9       2.3       6.1
        22  02/02/2005      -0.1       5.1       2.1       2.4
        22  03/02/2005      -1.3       2.9       1.2       4.1
        22  04/02/2005      -0.8       5.8       3.8       2.3
        22  05/02/2005       2.9       4.3       2.7       1.4
        22  06/02/2005      -2.6       0.2      -1.1       5.3
        22  07/02/2005      -3.7       1.7      -1.4       6.8
        22  08/02/2005      -4.1      -0.7      -2.8       6.5
        22  09/02/2005      -4.3       1.7      -0.9       5.1
        22  10/02/2005      -1.9       5.6       3.7       1.2
        22  11/02/2005       1.0       5.0       2.4       7.4
        22  12/02/2005       0.1       3.5       1.1       0.9
        22  13/02/2005      -0.2       0.0      -0.2       2.4
        22  14/02/2005      -1.3       1.2      -0.2       3.7
        22  15/02/2005      -2.2       1.2      -1.6       8.0
        22  16/02/2005      -5.2      -1.1      -2.7       5.0
        22  17/02/2005      -3.0      -0.8      -2.3       5.8
        22  18/02/2005      -2.9       1.0       0.4       2.5
        22  19/02/2005      -1.3       1.3       0.5       4.2
        22  20/02/2005      -1.1       2.2       1.0       4.5
        22  21/02/2005       0.2       1.8       0.8       5.4
        22  22/02/2005      -2.2       0.2      -1.3       4.1
        22  23/02/2005      -2.8       0.5      -1.0       2.1
        22  24/02/2005      -1.3       1.5       0.9       2.4
        22  25/02/2005      -0.1       0.9      -0.0       3.7
        22  26/02/2005      -1.9       0.2      -1.6       8.4
        22  27/02/2005      -7.8      -2.6      -4.7      11.6
        22  28/02/2005      -7.6       1.7      -1.7       8.0
        22  01/03/2005      -2.7       0.1      -0.6       5.6
        22  02/03/2005      -1.5      -0.2      -2.0       6.8
        22  03/03/2005      -9.3      -3.2      -7.6      13.1
        22  04/03/2005     -18.7      -1.5      -8.3      11.4
        22  05/03/2005     -12.5      -2.0      -4.5      10.6
        22  06/03/2005      -8.7      -0.9      -4.3      13.5
        22  07/03/2005      -7.3       2.0      -0.8      10.9
        22  08/03/2005      -3.9       4.2      -0.1      13.5
        22  09/03/2005      -4.6       1.6      -1.4      12.1
        22  10/03/2005      -7.5       1.5      -1.5      12.3
        22  11/03/2005      -2.2       3.6       2.0       5.6
        22  12/03/2005       0.6       2.6       0.3       4.8
        22  13/03/2005      -4.4       1.6      -1.8       6.8
        22  14/03/2005      -3.3       3.7       1.6      10.4
        22  15/03/2005       0.6       4.4       1.9       3.5
        22  16/03/2005       0.3       7.6       6.3       3.6
        22  17/03/2005       5.9       8.3       7.4       2.7
        22  18/03/2005       5.1       6.8       4.8       3.8
        22  19/03/2005      -1.3       1.8      -0.3      16.3
        22  20/03/2005      -4.0       2.4      -1.1      15.4
        22  21/03/2005      -1.5       3.4       0.7      15.2
        22  22/03/2005      -0.5       8.0       3.1      14.6
        22  23/03/2005       2.3       8.6       5.8       4.0
        22  24/03/2005       3.8      10.6       6.2       8.1
        22  25/03/2005       2.4      12.7       6.5      12.3
        22  26/03/2005       2.8       5.7       4.1       4.9
        22  27/03/2005       2.6       6.4       3.5       5.3
        22  28/03/2005       0.8       6.3       2.7      14.3
        22  29/03/2005      -0.4       6.2       2.6      18.3
        22  30/03/2005       0.2       6.5       2.6      18.6
        22  31/03/2005      -1.3       7.6       2.4      18.9
        22  01/04/2005      -1.9      10.6       4.3      18.9
        22  02/04/2005      -0.8      12.2       6.3      19.1
        22  03/04/2005       0.4      15.4       7.9      19.2
        22  04/04/2005       2.1      16.6      10.3      18.1
        22  05/04/2005       4.7      10.6       7.3      15.8
        22  06/04/2005       4.2      11.8       8.0      15.0
        22  07/04/2005       6.2      11.1       7.2      13.3
        22  08/04/2005       4.0       8.6       6.3      10.8
        22  09/04/2005       2.1       8.0       4.4      19.3
        22  10/04/2005      -0.1       6.6       3.8       7.5
        22  11/04/2005       3.3      14.0       8.8      15.6
        22  12/04/2005       3.6      13.7       8.9      18.3
        22  13/04/2005       7.0       9.3       7.9       4.8
        22  14/04/2005       7.3      13.9      10.6       9.9
        22  15/04/2005       6.9      18.2      11.2      14.9
        22  16/04/2005       5.9      15.3      10.5      18.5
        22  17/04/2005       7.4      16.1      10.5      19.4
        22  18/04/2005       5.8      13.2       8.8      18.2
        22  19/04/2005       3.3      11.3       6.2      20.8
        22  20/04/2005      -1.1       8.2       3.8      13.9
        22  21/04/2005      -0.8      11.4       5.6      22.6
        22  22/04/2005       2.9      10.3       6.4      17.0
        22  23/04/2005       1.8       9.2       5.0      22.8
        22  24/04/2005      -1.3      11.0       5.5      24.1
        22  25/04/2005       1.4       9.8       5.7      24.5
        22  26/04/2005       2.1      11.3       6.5      24.6
        22  27/04/2005       2.3      10.3       6.4      10.1
        22  28/04/2005       5.9      12.9       8.9      17.6
        22  29/04/2005       5.5      10.2       8.1       7.2
        22  30/04/2005       7.0      13.9      10.8      13.1
        22  01/05/2005       8.5      12.8      10.2       5.9
        22  02/05/2005       9.3      17.8      13.1      13.1
        22  03/05/2005       8.6      17.6      13.8      20.8
        22  04/05/2005      10.8      14.6      12.0       9.4
        22  05/05/2005       5.2      11.7       8.8      16.6
        22  06/05/2005       7.7      11.4       8.7      14.5
        22  07/05/2005       4.4      10.1       6.6      16.6
        22  08/05/2005       3.9      10.1       6.9      20.2
        22  09/05/2005       4.5      10.0       6.9      16.7
        22  10/05/2005       4.6       9.4       6.7      14.2
        22  11/05/2005       2.8      12.8       8.0      15.2
        22  12/05/2005       4.7      13.5       8.9      23.9
        22  13/05/2005       2.2      15.2       9.6      22.4
        22  14/05/2005       3.0      15.1       9.9      16.4
        22  15/05/2005       5.7      16.2      10.9      20.5
        22  16/05/2005       5.4      10.8       8.3       9.1
        22  17/05/2005       3.4      11.7       7.4      23.2
        22  18/05/2005       3.5      10.0       7.0      24.1
        22  19/05/2005       3.6      14.0       9.6      24.3
        22  20/05/2005       9.1      15.2      12.5      10.3
        22  21/05/2005      11.2      16.8      13.3      12.8
        22  22/05/2005      10.5      18.8      15.0      23.7
        22  23/05/2005      12.4      17.2      14.1      13.9
        22  24/05/2005       5.3      15.7      12.0      26.7
        22  25/05/2005      11.5      17.0      13.6      18.6
        22  26/05/2005       9.4      22.9      17.2      22.4
        22  27/05/2005      12.5      21.2      16.0      27.3
        22  28/05/2005      10.7      27.0      19.2      25.8
        22  29/05/2005      12.0      17.9      14.6      28.8
        22  30/05/2005      10.3      15.1      11.9      15.1
        22  31/05/2005       8.3      11.5       9.7       8.7
        22  01/06/2005       8.7      12.2       9.7      12.2
        22  02/06/2005       3.1      13.1       9.5       4.6
        22  03/06/2005       9.6      19.8      15.4      14.2
        22  04/06/2005      13.1      15.4      13.4      14.5
        22  05/06/2005      11.1      14.4      11.7      12.2
        22  06/06/2005       7.2      12.1       9.4      14.9
        22  07/06/2005       7.9      13.5      10.6      28.8
        22  08/06/2005       4.4      16.0      11.1      29.0
        22  09/06/2005       6.1      18.0      12.7      25.6
        22  10/06/2005      10.6      14.8      11.8      19.6
        22  11/06/2005       7.2      14.7      10.4      19.8
        22  12/06/2005       7.3      13.7      10.2      22.0
        22  13/06/2005       5.1      13.1       9.5      11.8
        22  14/06/2005       6.5      18.9      13.6      25.8
        22  15/06/2005       7.0      21.7      15.1      29.7
        22  16/06/2005       7.7      18.5      14.2      16.6
        22  17/06/2005      13.4      18.2      14.8       8.0
        22  18/06/2005      10.4      18.4      14.3      30.3
        22  19/06/2005      11.5      19.9      15.4      14.2
        22  20/06/2005       8.7      22.2      16.7      27.8
        22  21/06/2005      14.6      23.6      18.4      19.6
        22  22/06/2005      11.8      18.8      15.3      28.0
        22  23/06/2005      11.5      21.8      17.1      29.1
        22  24/06/2005      11.1      25.6      19.5      22.0
        22  25/06/2005      12.9      18.7      15.0      13.3
        22  26/06/2005       8.9      19.6      15.2      28.8
        22  27/06/2005       8.9      19.3      14.7      24.9
        22  28/06/2005      11.3      18.4      14.6      24.9
        22  29/06/2005       9.8      21.6      15.7      29.0
        22  30/06/2005       7.7      20.2      14.9      25.8
        22  01/07/2005       9.5      20.7      15.6      28.2
        22  02/07/2005       7.1      21.6      16.1      22.8
        22  03/07/2005       9.8      23.4      18.2      25.6
        22  04/07/2005      16.4      24.7      19.9      25.5
        22  05/07/2005      13.8      17.3      14.9       3.2
        22  06/07/2005      12.3      14.8      13.7       5.5
        22  07/07/2005      12.7      20.9      16.7      26.2
        22  08/07/2005      11.0      24.6      18.8      26.0
        22  09/07/2005      11.9      27.6      20.8      28.7
        22  10/07/2005      13.6      25.7      20.5      26.0
        22  11/07/2005      12.3      26.5      20.4      28.2
        22  12/07/2005      14.1      27.8      21.6      28.0
        22  13/07/2005      13.4      21.7      17.4      18.8
        22  14/07/2005      11.1      20.5      16.7      17.8
        22  15/07/2005      13.7      24.7      18.9      17.4
        22  16/07/2005      13.5      19.4      15.9      16.2
        22  17/07/2005      13.3      20.4      16.0      16.9
        22  18/07/2005      15.6      22.0      17.7      13.8
        22  19/07/2005      14.9      19.9      16.8      12.6
        22  20/07/2005      12.8      17.7      14.5      15.5
        22  21/07/2005      12.8      19.4      15.4       9.6
        22  22/07/2005      12.1      20.7      16.5      19.8
        22  23/07/2005      12.5      19.3      15.9      10.9
        22  24/07/2005      12.4      17.0      14.1      11.7
        22  25/07/2005       9.3      16.1      13.1       6.6
        22  26/07/2005      11.3      19.4      15.6      19.8
        22  27/07/2005      10.1      19.8      15.1      21.4
        22  28/07/2005      11.0      24.9      18.1      14.2
        22  29/07/2005      14.6      26.0      18.7      10.4
        22  30/07/2005      15.3      19.8      17.3       6.2
        22  31/07/2005      13.0      22.0      16.6      19.4
        22  01/08/2005      13.9      21.0      16.2      13.7
        22  02/08/2005      13.7      16.7      15.2       8.0
        22  03/08/2005      13.0      20.2      16.1      19.3
        22  04/08/2005      12.3      18.9      14.5      14.7
        22  05/08/2005      10.6      17.2      13.8       9.7
        22  06/08/2005      10.5      18.5      13.8      18.6
        22  07/08/2005      10.6      18.4      13.8      18.3
        22  08/08/2005       7.1      18.0      13.7      18.0
        22  09/08/2005      12.1      19.8      15.3      15.1
        22  10/08/2005      12.6      18.9      15.4       6.4
        22  11/08/2005      14.0      16.4      14.6       4.3
        22  12/08/2005      13.2      17.9      14.7      11.7
        22  13/08/2005      11.8      18.0      14.0      11.5
        22  14/08/2005       9.0      20.0      14.8      12.2
        22  15/08/2005      10.0      21.3      16.1      21.8
        22  16/08/2005      10.2      18.1      14.5      11.9
        22  17/08/2005       8.6      19.9      14.3      21.9
        22  18/08/2005       8.5      22.9      16.0      22.2
        22  19/08/2005      12.2      24.2      17.9      19.1
        22  20/08/2005      14.3      26.8      20.4      18.6
        22  21/08/2005      16.0      27.1      21.2      17.4
        22  22/08/2005      14.7      24.2      18.7      20.0
        22  23/08/2005      12.6      21.8      16.7      16.1
        22  24/08/2005      14.6      19.1      15.8      12.2
        22  25/08/2005      13.3      16.0      14.7       2.4
        22  26/08/2005      11.4      16.2      13.5      15.8
        22  27/08/2005      11.6      17.7      14.6      17.1
        22  28/08/2005      13.6      18.1      16.0      11.3
        22  29/08/2005      15.0      22.1      18.1      19.0
        22  30/08/2005      10.4      19.6      14.8      20.4
        22  31/08/2005       7.3      20.1      14.2      19.4
        22  01/09/2005      12.6      23.4      17.7      18.9
        22  02/09/2005      14.5      18.2      16.2       5.5
        22  03/09/2005       9.6      18.8      13.7      18.2
        22  04/09/2005       5.5      20.0      13.0      15.6
        22  05/09/2005       7.1      23.3      16.0      18.1
        22  06/09/2005      11.4      24.1      18.1      17.6
        22  07/09/2005      13.8      24.8      19.4      14.0
        22  08/09/2005      13.9      23.3      18.1      16.2
        22  09/09/2005      11.9      19.7      15.4       9.2
        22  10/09/2005      12.6      20.8      15.8      13.6
        22  11/09/2005      11.4      18.1      14.5       7.3
        22  12/09/2005       9.2      17.8      14.1      13.6
        22  13/09/2005       9.6      18.0      13.6      13.8
        22  14/09/2005      11.6      19.3      15.3       7.1
        22  15/09/2005      12.3      15.7      13.2       6.3
        22  16/09/2005       6.6      14.9      10.5      16.0
        22  17/09/2005       3.5      14.6       9.8      14.4
        22  18/09/2005       5.3      14.2      11.7       3.4
        22  19/09/2005      12.4      16.9      14.3       5.5
        22  20/09/2005      13.3      18.5      14.4      10.5
        22  21/09/2005       8.7      17.2      13.5       5.1
        22  22/09/2005       7.4      18.1      13.0       8.6
        22  23/09/2005       9.4      20.2      14.7      13.7
        22  24/09/2005       9.6      20.7      15.1      11.0
        22  25/09/2005      10.4      21.4      15.6      12.0
        22  26/09/2005      11.6      18.5      14.6       6.8
        22  27/09/2005      10.7      15.2      13.5       4.4
        22  28/09/2005      11.2      15.1      12.3       6.5
        22  29/09/2005       7.1      14.4      10.5       5.9
        22  30/09/2005       8.1      14.3      11.7       9.6
        22  01/10/2005      11.0      12.6      11.7       1.6
        22  02/10/2005       5.2      15.5      10.2      10.4
        22  03/10/2005       3.8      14.2       9.8      10.3
        22  04/10/2005       5.6      16.8      10.7       8.7
        22  05/10/2005       6.3      16.4      10.2       9.0
        22  06/10/2005       8.5      18.5      12.5       9.7
        22  07/10/2005       9.5      17.6      13.2      10.9
        22  08/10/2005      10.7      16.6      13.5       9.5
        22  09/10/2005      11.7      15.1      11.6       4.6
        22  10/10/2005       6.2      17.2      13.0       6.9
        22  11/10/2005      10.1      17.8      13.3      10.3
        22  12/10/2005       9.5      16.2      12.5       9.7
        22  13/10/2005       8.4      16.8      12.0       9.2
        22  14/10/2005       4.7      14.1       9.8       4.7
        22  15/10/2005       3.7      13.8       8.5       9.9
        22  16/10/2005       1.3      11.7       6.1      10.0
        22  17/10/2005       1.6      11.1       6.4       8.0
        22  18/10/2005       2.4      12.3       6.2       8.0
        22  19/10/2005       0.9      12.3       7.2       8.8
        22  20/10/2005       6.5      12.2      10.6       3.0
        22  21/10/2005       8.2      13.2      11.3       4.9
        22  22/10/2005      10.7      13.1      12.0       1.9
        22  23/10/2005       6.6      10.6       8.7       6.1
        22  24/10/2005       3.1       8.3       6.2       6.7
        22  25/10/2005       5.7      13.2      11.8       0.6
        22  26/10/2005      10.3      13.7      11.7       5.0
        22  27/10/2005       8.2      13.1      11.6       2.0
        22  28/10/2005      11.3      14.0      12.1       6.8
        22  29/10/2005       8.4      13.1      10.4       5.7
        22  30/10/2005       7.1      14.2      10.4       5.9
        22  31/10/2005       9.2      14.2      10.9       6.3
        22  01/11/2005       7.0      12.1      10.1       0.8
        22  02/11/2005       6.9      11.0      10.1       3.3
        22  03/11/2005       9.6      14.2      12.3       2.0
        22  04/11/2005      11.7      13.6      12.4       2.6
        22  05/11/2005      10.2      11.9      10.4       2.5
        22  06/11/2005       7.7      10.4       9.5       1.3
        22  07/11/2005       8.5      10.5       9.5       1.1
        22  08/11/2005       8.6      10.5       9.7       2.3
        22  09/11/2005       7.4      10.7       8.9       4.2
        22  10/11/2005       4.8      10.7       8.4       3.5
        22  11/11/2005       7.7      12.1      11.0       0.6
        22  12/11/2005      10.2      11.3       9.9       0.7
        22  13/11/2005       6.7      10.3       8.1       3.0
        22  14/11/2005       4.5       9.5       7.8       3.3
        22  15/11/2005       7.6      10.5       7.9       4.0
        22  16/11/2005       3.0       5.7       3.1       4.6
        22  17/11/2005      -1.1       4.5       1.4       3.3
        22  18/11/2005      -2.1       4.4       1.2       3.0
        22  19/11/2005       0.1       5.8       2.7       3.9
        22  20/11/2005       1.3       6.5       3.7       3.6
        22  21/11/2005      -2.1       2.9      -0.1       4.2
        22  22/11/2005      -1.7       3.4       1.7       0.5
        22  23/11/2005       0.5       5.5       4.6       0.5
        22  24/11/2005       4.4       5.7       5.1       0.3
        22  25/11/2005      -1.0       4.0       0.6       1.2
        22  26/11/2005      -1.4       1.7       0.3       2.1
        22  27/11/2005      -2.7       2.8      -0.3       3.6
        22  28/11/2005      -2.2       1.5      -0.2       1.7
        22  29/11/2005      -3.7       3.3       0.9       0.8
        22  30/11/2005       0.2       4.5       2.5       2.7
        22  01/12/2005      -0.7       3.4       2.0       1.2
        22  02/12/2005      -0.1       1.7       0.7       1.4
        22  03/12/2005       0.1       1.4       1.0       0.5
        22  04/12/2005       0.8       4.0       2.3       0.5
        22  05/12/2005       1.8       5.9       5.0       0.5
        22  06/12/2005       4.1       5.6       5.0       0.7
        22  07/12/2005       2.5       5.8       4.4       1.8
        22  08/12/2005       1.3       4.0       2.5       1.1
        22  09/12/2005      -1.5       2.1       0.1       2.9
        22  10/12/2005      -1.3       4.4       2.1       0.7
        22  11/12/2005       2.0       9.2       7.8       0.5
        22  12/12/2005       5.5       8.6       5.5       2.6
        22  13/12/2005       2.1       6.3       4.8       1.5
        22  14/12/2005       4.3       6.7       5.5       0.8
        22  15/12/2005       2.7       8.1       6.3       2.6
        22  16/12/2005       1.3       4.5       1.2       0.8
        22  17/12/2005      -4.2       0.7      -1.3       2.5
        22  18/12/2005      -2.8       1.6      -0.7       2.7
        22  19/12/2005      -8.0       2.9      -0.1       0.5
        22  20/12/2005       0.8       5.8       3.3       1.2
        22  21/12/2005      -1.5       5.3       1.8       1.0
        22  22/12/2005       0.4       6.3       4.6       2.4
        22  23/12/2005      -0.7       7.6       3.8       0.9
        22  24/12/2005      -0.7       7.7       5.7       1.0
        22  25/12/2005      -0.4       2.6       1.0       2.5
        22  26/12/2005      -1.3       2.2      -0.2       1.8
        22  27/12/2005      -1.7       0.3      -0.6       1.8
        22  28/12/2005      -3.2      -1.4      -2.1       2.0
        22  29/12/2005      -3.6      -0.9      -2.2       1.3
        22  30/12/2005      -2.4       1.3      -0.3       1.7
        22  31/12/2005      -3.0      -0.8      -2.5       1.5
        22  01/01/2006      -2.3       2.4       1.4       0.8
        22  02/01/2006       0.6       1.6      -0.1       1.1
        22  03/01/2006      -3.5      -1.2      -3.2       1.5
        22  04/01/2006      -9.5       1.1      -2.3       1.7
        22  05/01/2006      -2.8       1.9       1.2       0.4
        22  06/01/2006      -0.1       1.7       0.7       0.5
        22  07/01/2006       0.1       0.8      -0.1       0.5
        22  08/01/2006      -2.8       0.8      -1.6       3.3
        22  09/01/2006      -5.9       0.1      -3.0       3.3
        22  10/01/2006      -4.4       2.2      -0.7       1.0
        22  11/01/2006      -1.6       3.9       2.6       0.5
        22  12/01/2006       0.7       3.0       1.5       1.3
        22  13/01/2006       0.3       1.1       0.3       1.0
        22  14/01/2006      -0.4       0.4      -0.3       1.7
        22  15/01/2006      -2.4      -0.1      -1.7       3.0
        22  16/01/2006      -3.2      -1.3      -2.6       3.2
        22  17/01/2006      -4.3      -0.4      -2.3       3.1
        22  18/01/2006      -3.5      -0.5      -1.2       1.0
        22  19/01/2006      -2.4      -1.4      -2.2       1.5
        22  20/01/2006      -3.2       2.5      -1.1       0.8
        22  21/01/2006      -2.5       2.0      -1.5       1.6
        22  22/01/2006      -8.2      -3.9      -6.5       4.6
        22  23/01/2006      -9.3      -4.9      -6.6       4.5
        22  24/01/2006      -7.8      -1.3      -5.1       3.1
        22  25/01/2006      -7.5      -0.2      -1.3       2.5
        22  26/01/2006      -2.6      -0.2      -2.5       5.1
        22  27/01/2006     -10.6      -0.7      -6.4       5.6
        22  28/01/2006     -13.2      -1.1      -4.7       4.3
        22  29/01/2006      -8.7      -0.2      -2.4       2.7
        22  30/01/2006      -4.7       1.7      -0.7       3.0
        22  31/01/2006      -2.8       2.8      -0.0       5.1
        22  01/02/2006      -1.2       1.9       0.7       2.2
        22  02/02/2006       0.1       2.1       1.1       2.4
        22  03/02/2006      -0.6       2.1       0.0       2.8
        22  04/02/2006      -2.7       0.1      -3.2       6.4
        22  05/02/2006      -7.7      -2.0      -3.3       3.5
        22  06/02/2006      -4.3       4.0      -0.2       1.9
        22  07/02/2006      -1.7       4.6       3.5       4.5
        22  08/02/2006       1.4       3.7       2.5       2.2
        22  09/02/2006       0.4       1.5       1.0       1.7
        22  10/02/2006       0.3       2.9       1.2       4.3
        22  11/02/2006      -1.1       0.5      -1.0       5.6
        22  12/02/2006      -3.3       1.7      -1.3       6.0
        22  13/02/2006      -2.3       1.6       0.8       1.4
        22  14/02/2006      -3.4       2.6      -0.1       7.2
        22  15/02/2006      -2.7       1.7       0.4       1.5
        22  16/02/2006      -0.2       2.5       1.7       1.8
        22  17/02/2006       0.3       2.0       0.9       1.4
        22  18/02/2006       0.3       4.2       2.3       1.9
        22  19/02/2006       0.8       2.6       1.6       2.6
        22  20/02/2006       0.6       3.2       1.8       2.6
        22  21/02/2006       0.8       2.0       1.2       1.6
        22  22/02/2006      -1.4       0.5      -0.4       5.8
        22  23/02/2006      -1.4       1.8       0.4       2.6
        22  24/02/2006      -1.0       2.8       0.6       9.7
        22  25/02/2006      -1.4       1.0      -0.6       3.0
        22  26/02/2006      -2.6       1.3      -1.1      10.3
        22  27/02/2006      -3.8       0.3      -1.2       9.0
        22  28/02/2006      -1.7       0.8      -0.4       2.1
        22  01/03/2006      -2.4       0.9      -0.4       6.7
        22  02/03/2006      -1.0       0.9      -0.1       5.3
        22  03/03/2006      -1.3       0.5      -0.8       5.2
        22  04/03/2006      -4.1      -0.9      -2.6       7.7
        22  05/03/2006      -7.8      -1.9      -4.4      10.0
        22  06/03/2006      -8.9      -1.2      -3.7       4.6
        22  07/03/2006     -10.4       0.9      -4.5      11.9
        22  08/03/2006      -9.7      -0.2      -3.5      12.2
        22  09/03/2006      -3.5       0.7      -1.3       9.0
        22  10/03/2006      -3.8      -1.6      -2.9       8.7
        22  11/03/2006      -9.3      -3.1      -5.8      13.6
        22  12/03/2006      -8.7      -1.4      -5.0      14.1
        22  13/03/2006      -9.8      -0.7      -5.0       9.1
        22  14/03/2006      -9.8       0.4      -3.8      13.0
        22  15/03/2006      -3.6       0.9      -0.9       4.9
        22  16/03/2006      -1.2       0.8       0.1       4.7
        22  17/03/2006      -4.2       1.0      -1.4       6.3
        22  18/03/2006      -3.9       3.2      -0.7      11.3
        22  19/03/2006      -3.0       6.8       2.3       7.8
        22  20/03/2006      -3.0       2.9      -0.2       5.9
        22  21/03/2006      -4.2       4.0      -0.5      14.3
        22  22/03/2006      -3.0       2.9      -0.2      15.7
        22  23/03/2006      -2.5       3.7       0.4      14.7
        22  24/03/2006      -2.6       5.9       1.6      14.2
        22  25/03/2006       0.1       2.5       0.9       6.2
        22  26/03/2006       0.5       6.3       2.7       2.0
        22  27/03/2006       0.9      12.7       8.4       4.7
        22  28/03/2006       7.0       9.4       7.3       6.3
        22  29/03/2006       3.8       7.5       5.3       4.6
        22  30/03/2006       1.4       8.2       5.1       4.5
        22  31/03/2006       4.8       8.1       6.3       2.7
        22  01/04/2006       2.7       9.0       5.7       3.3
        22  02/04/2006       2.9       8.2       5.6       8.3
        22  03/04/2006       3.6       7.2       5.1       5.2
        22  04/04/2006       0.7       6.1       3.3      11.2
        22  05/04/2006       0.7       5.6       2.9      12.1
        22  06/04/2006      -0.2       7.2       3.5       7.9
        22  07/04/2006       2.5       9.5       5.8      17.2
        22  08/04/2006       3.4       9.3       5.2       8.6
        22  09/04/2006       2.4       6.7       4.4      10.7
        22  10/04/2006       3.5       8.6       5.4       9.8
        22  11/04/2006       2.3       6.7       4.3      12.3
        22  12/04/2006       3.2       5.4       4.5       2.6
        22  13/04/2006       3.5       9.2       6.0       7.6
        22  14/04/2006       4.2       9.5       6.6      13.9
        22  15/04/2006       3.4       9.9       6.8      21.0
        22  16/04/2006       4.2      13.4       8.4      12.2
        22  17/04/2006       3.9      10.7       7.0      14.2
        22  18/04/2006       4.2      10.9       7.0      20.2
        22  19/04/2006       4.0      10.5       7.4      16.9
        22  20/04/2006       5.1       9.3       6.7      10.0
        22  21/04/2006       4.5       7.9       6.0       5.3
        22  22/04/2006       5.1      11.4       7.6      21.0
        22  23/04/2006       3.3      10.3       7.0       7.3
        22  24/04/2006       6.3      11.6       7.8      12.1
        22  25/04/2006       0.4      15.7       9.0      18.7
        22  26/04/2006       8.6      15.4      10.9      10.1
        22  27/04/2006       7.3      13.3       9.4      14.8
        22  28/04/2006       3.0       9.8       6.5      18.3
        22  29/04/2006       3.7      12.1       8.0      16.1
        22  30/04/2006       5.9       9.5       6.9       9.8
        22  01/05/2006       3.4      13.2       7.5      21.1
        22  02/05/2006       4.3      14.3       9.3      15.5
        22  03/05/2006       5.8      18.9      12.7      23.5
        22  04/05/2006       7.8      19.6      13.9      23.9
        22  05/05/2006       8.1      20.7      14.3      23.2
        22  06/05/2006       8.3      20.0      14.0      21.2
        22  07/05/2006       9.7      22.8      15.5      22.0
        22  08/05/2006       8.1      21.9      15.3      24.6
        22  09/05/2006       8.5      20.6      14.8      26.3
        22  10/05/2006       7.1      23.2      16.1      21.9
        22  11/05/2006       8.5      21.4      15.1      25.9
        22  12/05/2006       6.6      19.6      13.6      26.0
        22  13/05/2006       6.3      15.4      10.9      15.1
        22  14/05/2006       6.6      13.1       9.6      26.7
        22  15/05/2006       4.1      11.4       7.8      16.9
        22  16/05/2006       6.9       8.6       7.7       3.0
        22  17/05/2006       7.4      11.2       9.0       5.3
        22  18/05/2006       8.0      14.2      10.9       7.0
        22  19/05/2006       8.7      14.8      11.4      12.7
        22  20/05/2006      10.5      13.9      11.8       9.6
        22  21/05/2006       9.8      13.0      10.8       9.8
        22  22/05/2006       7.6      15.7      12.6      10.6
        22  23/05/2006      10.3      12.3      10.6       7.2
        22  24/05/2006       6.8      13.5       9.2      15.3
        22  25/05/2006       6.0      13.5       9.8      23.5
        22  26/05/2006       6.3      13.3       9.4      23.3
        22  27/05/2006       5.9      11.5       9.5      14.6
        22  28/05/2006       8.6      11.9       9.8       9.4
        22  29/05/2006       6.7      12.8       9.7      18.0
        22  30/05/2006       8.2      14.9      10.7      22.5
        22  31/05/2006       8.6      15.5      11.9      22.2
        22  01/06/2006       7.1      14.5      10.6      18.0
        22  02/06/2006       5.9      16.1      11.8      26.2
        22  03/06/2006      10.0      14.6      11.4      10.5
        22  04/06/2006       7.6      15.0      11.4      29.1
        22  05/06/2006       7.0      17.0      11.7      17.5
        22  06/06/2006       6.5      18.0      13.2      21.7
        22  07/06/2006       6.3      16.9      12.3      29.2
        22  08/06/2006       7.4      19.0      13.0      22.7
        22  09/06/2006       8.4      17.9      13.0      22.1
        22  10/06/2006       6.9      22.6      16.2      29.4
        22  11/06/2006       9.3      23.6      18.4      29.8
        22  12/06/2006       9.9      25.5      19.8      29.8
        22  13/06/2006      15.1      26.5      21.4      28.8
        22  14/06/2006      13.6      20.1      16.1      20.2
        22  15/06/2006      10.1      20.5      15.1      26.2
        22  16/06/2006      11.6      18.0      15.2      12.4
        22  17/06/2006      13.4      17.0      14.5       6.4
        22  18/06/2006      11.8      20.1      17.1      24.4
        22  19/06/2006      14.3      24.2      19.4      19.1
        22  20/06/2006      12.7      20.7      17.2      24.8
        22  21/06/2006      13.8      19.1      16.1      11.1
        22  22/06/2006      13.1      16.8      14.5      16.3
        22  23/06/2006      12.3      18.5      15.1      27.2
        22  24/06/2006       7.7      19.7      15.1      24.1
        22  25/06/2006      12.1      23.1      18.5      26.0
        22  26/06/2006      16.1      20.8      18.0       7.0
        22  27/06/2006      15.6      17.7      15.8       9.2
        22  28/06/2006      11.2      15.1      13.1      14.0
        22  29/06/2006      11.2      17.2      13.8      13.8
        22  30/06/2006       8.3      20.8      15.5      24.7
        22  01/07/2006       8.2      22.6      16.5      29.4
        22  02/07/2006      11.0      24.5      18.3      29.4
        22  03/07/2006      11.8      25.1      19.0      28.8
        22  04/07/2006      12.7      26.4      19.7      29.3
        22  05/07/2006      12.5      27.8      20.9      28.2
        22  06/07/2006      14.5      29.3      22.7      26.9
        22  07/07/2006      16.1      25.2      20.7      20.1
        22  08/07/2006      17.3      22.6      18.7      15.3
        22  09/07/2006      13.3      23.8      19.2      20.7
        22  10/07/2006      17.5      22.7      19.2      21.3
        22  11/07/2006      13.6      23.9      18.2      13.2
        22  12/07/2006       8.9      21.2      15.8      26.5
        22  13/07/2006       8.0      23.7      17.1      25.0
        22  14/07/2006      11.6      20.3      15.8      25.5
        22  15/07/2006      10.8      23.1      17.6      28.5
        22  16/07/2006       8.4      24.7      18.5      28.2
        22  17/07/2006       9.8      25.2      19.3      27.1
        22  18/07/2006      13.3      26.1      20.3      27.4
        22  19/07/2006      12.3      26.3      20.3      27.1
        22  20/07/2006      12.9      29.5      22.5      25.5
        22  21/07/2006      20.0      26.2      22.1      18.7
        22  22/07/2006      15.9      24.7      19.8      18.2
        22  23/07/2006      15.2      27.6      21.1      16.3
        22  24/07/2006      16.7      25.4      20.5      18.2
        22  25/07/2006      12.9      25.5      20.1      27.0
        22  26/07/2006      14.2      27.1      21.2      26.4
        22  27/07/2006      12.8      28.6      22.1      24.6
        22  28/07/2006      18.5      24.3      20.1       7.9
        22  29/07/2006      16.4      25.4      20.5      15.9
        22  30/07/2006      14.6      26.2      21.0      22.3
        22  31/07/2006      17.8      23.6      20.1      15.6
        22  01/08/2006      13.1      24.5      19.7      21.3
        22  02/08/2006      15.7      19.0      16.6      10.1
        22  03/08/2006      12.4      21.7      17.1      20.7
        22  04/08/2006      11.1      23.7      17.4      16.9
        22  05/08/2006      14.4      25.1      19.5      21.2
        22  06/08/2006      13.9      26.4      20.2      23.4
        22  07/08/2006      14.7      24.6      19.7      20.9
        22  08/08/2006      15.0      24.3      18.5      21.7
        22  09/08/2006      13.6      20.7      17.4      13.8
        22  10/08/2006      13.9      20.2      16.1      16.9
        22  11/08/2006      10.0      20.0      14.9       9.5
        22  12/08/2006      13.5      19.4      15.3       8.3
        22  13/08/2006      12.4      18.3      15.5       5.5
        22  14/08/2006      14.5      17.5      15.3       8.4
        22  15/08/2006      14.0      19.2      15.9       9.7
        22  16/08/2006      14.3      19.8      16.7      19.2
        22  17/08/2006      12.8      21.8      17.1      14.9
        22  18/08/2006      12.8      23.5      18.5      15.8
        22  19/08/2006      16.3      22.8      18.9      19.6
        22  20/08/2006      14.6      21.6      17.7      13.6
        22  21/08/2006      14.0      19.6      16.6      13.0
        22  22/08/2006      14.6      21.0      17.3      15.0
        22  23/08/2006      15.6      19.0      17.0      10.3
        22  24/08/2006      11.1      21.1      16.0      18.6
        22  25/08/2006      10.6      20.8      15.4       9.2
        22  26/08/2006      13.5      20.0      16.1      10.0
        22  27/08/2006      12.6      19.2      15.5       9.8
        22  28/08/2006      13.8      18.3      15.3      16.4
        22  29/08/2006      12.0      16.5      13.8       7.7
        22  30/08/2006      11.7      19.1      14.7      12.1
        22  31/08/2006      12.5      19.4      16.1      15.8
        22  01/09/2006      13.6      18.0      16.4       7.8
        22  02/09/2006      14.4      21.3      17.4      14.0
        22  03/09/2006      15.5      19.0      16.4      11.3
        22  04/09/2006      13.9      18.4      15.4      11.2
        22  05/09/2006      13.3      17.9      15.0      17.1
        22  06/09/2006      12.3      20.0      16.2       4.9
        22  07/09/2006      14.5      18.6      15.9      10.6
        22  08/09/2006      12.5      17.1      14.6      17.1
        22  09/09/2006      12.9      17.5      14.5       9.8
        22  10/09/2006       7.1      17.1      12.1      14.2
        22  11/09/2006       8.3      21.1      15.0      16.3
        22  12/09/2006      12.4      22.3      17.1      17.1
        22  13/09/2006      12.1      22.7      17.1      16.8
        22  14/09/2006      10.7      23.4      16.7      16.2
        22  15/09/2006      13.5      22.2      17.1      15.7
        22  16/09/2006      14.7      20.8      17.0      14.4
        22  17/09/2006      14.7      21.0      17.0      10.1
        22  18/09/2006      14.7      20.5      16.7       8.7
        22  19/09/2006      14.3      19.3      16.1       8.1
        22  20/09/2006      12.5      18.6      14.8      10.7
        22  21/09/2006      11.3      20.6      15.8      14.8
        22  22/09/2006      13.5      22.3      17.7      14.3
        22  23/09/2006      14.0      20.9      16.6      14.2
        22  24/09/2006      11.9      21.7      16.3      13.9
        22  25/09/2006      12.9      23.2      17.5      13.2
        22  26/09/2006      13.2      22.2      17.2      10.3
        22  27/09/2006      14.6      17.6      15.4       7.2
        22  28/09/2006      12.9      17.3      15.2       7.5
        22  29/09/2006      14.2      19.2      16.5       7.2
        22  30/09/2006      12.9      18.9      15.9       7.5
        22  01/10/2006       7.7      18.8      14.0      11.3
        22  02/10/2006      11.4      16.5      14.4       6.2
        22  03/10/2006      13.3      16.2      13.8       6.3
        22  04/10/2006      10.0      16.5      12.8       8.0
        22  05/10/2006       8.8      14.9      12.4       9.2
        22  06/10/2006      11.7      16.7      14.1       4.3
        22  07/10/2006      14.0      15.7      13.8       7.5
        22  08/10/2006      11.3      14.8      13.6       2.4
        22  09/10/2006      12.9      15.5      13.7       9.1
        22  10/10/2006       8.9      15.3      12.4       4.1
        22  11/10/2006      10.0      15.0      12.9       5.6
        22  12/10/2006      11.4      15.6      13.8       5.5
        22  13/10/2006      10.8      13.8      11.7       3.7
        22  14/10/2006       8.1      13.5      10.4       3.8
        22  15/10/2006       4.0      13.9       9.2       4.9
        22  16/10/2006       7.9      12.6      10.7       2.8
        22  17/10/2006       8.2      13.8      10.6       9.4
        22  18/10/2006       4.5      12.9      10.0       6.0
        22  19/10/2006       8.6      15.1      12.5       4.2
        22  20/10/2006      10.4      14.3      12.2       3.8
        22  21/10/2006      11.0      15.2      13.4       3.3
        22  22/10/2006      12.1      14.8      13.2       4.3
        22  23/10/2006      12.4      15.8      13.8       2.8
        22  24/10/2006      10.6      14.6      12.2       2.7
        22  25/10/2006       9.0      14.0      10.8       7.3
        22  26/10/2006       8.5      16.7      13.3       2.7
        22  27/10/2006      11.8      14.1      11.8       5.5
        22  28/10/2006       6.8      12.2      10.3       2.2
        22  29/10/2006       7.6      12.9       8.2       2.5
        22  30/10/2006       2.5      11.4       8.4       1.8
        22  31/10/2006       9.1      12.8      11.4       1.8
        22  01/11/2006       1.8       7.5       3.0       2.0
        22  02/11/2006       0.4       5.7       2.2       4.1
        22  03/11/2006      -2.9       5.8       1.8       4.4
        22  04/11/2006       1.0      10.2       8.3       3.8
        22  05/11/2006       8.2      11.1      10.3       1.1
        22  06/11/2006       9.9      12.5      11.3       1.8
        22  07/11/2006       9.2      12.0      10.4       3.6
        22  08/11/2006       8.8      11.0       9.3       0.9
        22  09/11/2006       7.4      10.9       7.9       3.5
        22  10/11/2006       2.2       9.7       6.1       4.1
        22  11/11/2006       4.8       9.8       7.0       2.2
        22  12/11/2006       4.4       8.2       6.4       4.9
        22  13/11/2006       4.0      10.0       7.3       0.4
        22  14/11/2006       6.4      10.8       9.0       3.0
        22  15/11/2006       8.1      10.9      10.1       0.6
        22  16/11/2006       8.7      12.6      10.7       4.2
        22  17/11/2006       9.3      12.3      10.6       0.7
        22  18/11/2006       8.0      11.0       8.5       2.4
        22  19/11/2006       4.2       8.0       5.6       2.8
        22  20/11/2006       2.3       7.0       5.6       1.6
        22  21/11/2006       5.1       7.4       6.5       0.5
        22  22/11/2006       3.6       6.6       5.3       2.4
        22  23/11/2006       4.3       9.3       6.7       0.5
        22  24/11/2006       5.1       9.3       8.5       1.0
        22  25/11/2006       6.7      12.6      10.2       0.7
        22  26/11/2006       8.2      12.6       9.2       1.6
        22  27/11/2006       4.8       8.8       7.6       1.5
        22  28/11/2006       5.9      10.4       8.3       3.3
        22  29/11/2006       7.0      10.3       8.6       2.2
        22  30/11/2006       7.2       8.3       7.6       0.5
        22  01/12/2006       5.0       8.0       6.6       0.8
        22  02/12/2006       6.0       8.6       7.8       0.3
        22  03/12/2006       6.7       9.4       8.1       1.8
        22  04/12/2006       6.9       8.7       7.8       0.9
        22  05/12/2006       7.2      12.1      10.2       0.6
        22  06/12/2006       9.2      10.0       9.0       1.3
        22  07/12/2006       6.9       8.4       7.3       0.9
        22  08/12/2006       6.6      10.2       8.5       0.7
        22  09/12/2006       7.4      10.3       7.6       1.9
        22  10/12/2006       3.4       7.3       5.2       2.6
        22  11/12/2006       3.5       7.8       6.0       0.1
        22  12/12/2006       4.8       7.4       6.5       2.4
        22  13/12/2006       5.4       9.4       7.7       1.8
        22  14/12/2006       6.6      10.3       9.6       0.2
        22  15/12/2006       9.3      10.7       9.1       0.3
        22  16/12/2006       6.7       7.6       6.0       0.6
        22  17/12/2006       3.6       5.8       4.9       0.7
        22  18/12/2006       0.4       4.8       2.7       1.5
        22  19/12/2006       0.8       6.5       4.9       1.0
        22  20/12/2006       3.4       8.3       6.6       1.5
        22  21/12/2006       3.6       6.9       6.5       0.4
        22  22/12/2006       5.4       7.3       6.3       0.9
        22  23/12/2006       5.9       7.0       6.6       0.4
        22  24/12/2006       5.8       7.7       6.8       0.6
        22  25/12/2006       3.7       6.2       5.4       0.6
        22  26/12/2006       4.8       6.0       5.3       0.3
        22  27/12/2006       4.9       5.7       5.3       0.3
        22  28/12/2006       3.4       4.8       3.9       0.2
        22  29/12/2006       3.1       6.0       5.2       0.5
        22  30/12/2006       3.7       8.2       6.1       0.2
        22  31/12/2006       5.2       8.0       6.9       2.1
