date Tavg Tmax Tmin RR IrradiationMJ
01/01/2004 -0.0 0.3 -0.7 -0.8 0.5
02/01/2004 -1.1 -0.1 -1.9 -0.2 1.0
03/01/2004 -0.1 1.7 -1.7 16.0 0.3
04/01/2004 0.8 2.7 -2.1 6.3 1.6
05/01/2004 0.6 3.0 -2.9 4.4 0.8
06/01/2004 3.0 4.4 0.7 6.2 0.3
07/01/2004 4.0 5.2 3.0 1.6 1.3
08/01/2004 5.0 6.3 3.9 0.0 0.5
09/01/2004 3.7 4.4 2.5 0.4 0.8
10/01/2004 3.1 6.2 2.1 3.2 1.1
11/01/2004 6.1 7.3 3.9 22.3 0.1
12/01/2004 4.3 6.3 2.6 13.8 1.6
13/01/2004 3.2 4.5 1.9 2.4 1.2
14/01/2004 2.0 3.5 1.0 0.0 0.9
15/01/2004 1.9 2.7 0.7 0.8 0.5
16/01/2004 1.1 2.6 -1.0 0.1 1.4
17/01/2004 -1.1 1.3 -3.1 -0.0 2.0
18/01/2004 0.9 4.6 -2.3 9.6 0.3
19/01/2004 1.7 4.3 -1.8 0.8 0.9
20/01/2004 -1.6 -0.3 -2.6 0.0 1.0
21/01/2004 -1.5 -1.0 -2.4 -0.1 1.1
22/01/2004 1.1 3.4 -1.3 0.1 0.7
23/01/2004 5.0 6.3 3.0 3.9 0.4
24/01/2004 3.6 5.6 1.4 15.3 0.8
25/01/2004 2.4 3.5 1.6 0.8 1.6
26/01/2004 1.9 3.0 0.3 0.7 1.5
27/01/2004 -0.7 1.2 -3.8 2.4 2.6
28/01/2004 -4.6 -2.7 -7.3 6.6 1.8
29/01/2004 -4.7 -2.8 -7.3 0.4 4.1
30/01/2004 -1.0 2.6 -5.9 2.8 1.4
31/01/2004 0.3 2.3 -1.8 0.2 3.3
01/02/2004 -0.2 2.5 -3.7 0.8 3.0
02/02/2004 3.9 4.7 2.4 1.8 1.5
03/02/2004 7.1 9.1 4.5 17.4 0.3
04/02/2004 6.5 7.3 4.7 1.0 1.2
05/02/2004 5.8 7.1 4.2 6.3 1.0
06/02/2004 5.4 6.7 2.8 6.7 1.3
07/02/2004 3.7 4.9 0.9 10.1 1.1
08/02/2004 0.9 3.5 -1.1 0.1 2.9
09/02/2004 -0.7 1.0 -2.0 0.3 4.4
10/02/2004 0.9 2.9 -1.1 4.3 0.8
11/02/2004 0.1 1.2 -1.7 0.7 2.4
12/02/2004 2.7 4.5 1.1 0.2 3.1
13/02/2004 3.4 5.4 1.6 0.0 2.0
14/02/2004 2.3 6.2 -0.5 0.1 4.8
15/02/2004 -0.0 4.8 -2.3 0.1 3.6
16/02/2004 1.8 3.6 -0.3 1.0 2.2
17/02/2004 4.0 5.6 2.8 -0.0 5.8
18/02/2004 4.5 7.5 1.9 0.1 5.0
19/02/2004 2.3 4.8 0.6 0.1 4.7
20/02/2004 1.9 4.0 -0.5 -0.1 2.2
21/02/2004 2.4 4.7 1.0 0.1 6.5
22/02/2004 0.7 3.3 -0.9 0.2 6.1
23/02/2004 0.3 3.5 -2.6 3.8 7.6
24/02/2004 1.4 4.4 -1.3 6.5 4.3
25/02/2004 1.7 3.5 -1.4 2.5 3.8
26/02/2004 0.6 3.6 -0.7 4.1 3.3
27/02/2004 -1.5 2.2 -4.4 0.2 9.7
28/02/2004 -2.5 1.3 -5.6 0.0 8.3
29/02/2004 -0.4 3.8 -5.1 -0.1 7.2
01/03/2004 4.9 6.2 3.3 1.4 4.0
02/03/2004 5.0 6.8 3.4 -0.1 4.7
03/03/2004 1.9 4.2 -1.0 0.1 8.4
04/03/2004 -0.7 1.2 -1.7 0.0 10.9
05/03/2004 -0.3 0.9 -1.4 0.0 3.2
06/03/2004 0.9 3.5 -1.5 0.0 8.7
07/03/2004 2.5 6.9 -1.3 0.0 10.7
08/03/2004 2.4 6.2 -0.9 0.0 10.6
09/03/2004 2.6 6.6 -0.4 0.1 10.7
10/03/2004 2.3 6.0 -0.5 0.0 11.8
11/03/2004 2.6 5.6 -0.1 -0.1 6.1
12/03/2004 2.4 3.6 1.7 0.0 7.7
13/03/2004 2.7 4.0 1.4 0.0 2.1
14/03/2004 5.1 6.3 2.5 13.7 2.4
15/03/2004 6.4 7.6 5.2 11.3 6.6
16/03/2004 7.5 9.9 5.8 1.1 3.8
17/03/2004 7.6 9.0 5.4 0.5 12.0
18/03/2004 6.3 9.3 3.5 4.5 10.4
19/03/2004 5.0 7.0 3.0 9.9 4.2
20/03/2004 4.3 7.0 1.8 1.7 10.5
21/03/2004 3.3 6.4 0.2 0.1 10.0
22/03/2004 3.5 5.0 1.9 2.5 7.0
23/03/2004 2.1 5.7 -0.2 0.1 10.3
24/03/2004 2.3 5.5 -0.0 0.0 10.5
25/03/2004 2.6 6.4 -0.3 0.0 15.4
26/03/2004 2.8 5.5 -0.3 1.0 9.4
27/03/2004 5.5 7.3 3.3 1.6 9.2
28/03/2004 4.4 7.3 1.3 2.6 6.2
29/03/2004 5.6 8.9 3.5 0.7 9.2
30/03/2004 6.3 11.0 1.5 0.1 16.4
31/03/2004 8.6 14.3 4.2 0.0 17.0
01/04/2004 8.9 11.2 5.8 0.0 17.6
02/04/2004 6.5 10.0 4.0 0.0 18.2
03/04/2004 5.8 7.3 4.5 0.1 4.2
04/04/2004 6.3 8.2 4.6 23.1 2.3
05/04/2004 5.9 9.5 3.6 2.7 9.1
06/04/2004 5.6 9.0 3.5 1.4 12.0
07/04/2004 6.7 10.5 3.4 0.0 18.6
08/04/2004 5.4 9.1 1.8 0.1 18.3
09/04/2004 4.5 7.3 2.1 7.6 6.5
10/04/2004 3.8 6.4 1.6 0.0 18.2
11/04/2004 4.2 8.2 1.9 2.5 7.3
12/04/2004 4.4 7.1 1.3 0.1 16.7
13/04/2004 6.1 8.2 4.6 0.1 5.1
14/04/2004 6.4 7.1 5.2 19.4 1.4
15/04/2004 8.9 12.6 5.6 0.1 18.5
16/04/2004 9.8 12.7 7.6 -0.1 12.2
17/04/2004 10.0 12.8 7.2 2.4 5.9
18/04/2004 8.0 10.7 4.6 11.7 3.4
19/04/2004 9.3 11.4 5.1 5.3 4.6
20/04/2004 5.5 8.2 3.3 13.7 7.1
21/04/2004 8.7 12.9 3.5 0.0 17.6
22/04/2004 9.5 10.9 7.9 2.3 6.8
23/04/2004 7.2 10.7 3.3 1.5 20.2
24/04/2004 7.9 12.5 1.2 0.0 19.5
25/04/2004 8.8 10.9 7.0 2.5 4.7
26/04/2004 8.3 12.0 4.7 0.0 11.0
27/04/2004 9.2 12.0 7.3 0.1 9.9
28/04/2004 9.8 12.2 7.8 3.8 8.3
29/04/2004 11.4 15.1 8.9 0.0 20.2
30/04/2004 10.5 12.0 8.6 0.0 6.9
01/05/2004 10.7 14.2 6.9 0.0 22.8
02/05/2004 8.9 13.3 6.0 0.0 21.8
03/05/2004 7.8 9.3 4.7 4.4 6.6
04/05/2004 8.1 11.7 4.4 1.2 17.1
05/05/2004 10.7 14.3 8.3 4.2 6.8
06/05/2004 11.2 15.7 8.2 1.5 8.6
07/05/2004 17.8 22.8 13.7 0.0 16.4
08/05/2004 15.8 19.5 13.1 0.0 10.9
09/05/2004 14.4 17.9 11.0 1.2 12.2
10/05/2004 10.6 15.3 6.9 0.1 22.3
11/05/2004 8.6 11.8 6.0 0.0 25.3
12/05/2004 8.2 11.9 6.1 0.0 22.5
13/05/2004 7.7 9.6 6.1 0.2 11.5
14/05/2004 8.8 10.6 6.6 9.4 19.5
15/05/2004 8.9 10.3 7.4 0.7 11.6
16/05/2004 9.3 10.8 7.6 0.8 7.1
17/05/2004 9.8 12.4 8.5 0.0 7.4
18/05/2004 9.3 10.9 8.5 0.5 12.3
19/05/2004 8.6 10.4 5.5 2.8 18.4
20/05/2004 6.1 8.8 2.7 0.4 27.3
21/05/2004 4.7 7.1 1.5 2.0 24.9
22/05/2004 5.9 8.2 3.4 1.9 25.6
23/05/2004 6.8 9.4 3.1 0.0 25.1
24/05/2004 8.3 10.8 5.9 1.1 19.3
25/05/2004 7.4 9.4 5.5 0.7 25.5
26/05/2004 9.9 14.9 5.0 0.1 26.4
27/05/2004 8.1 10.0 6.6 0.0 13.3
28/05/2004 8.1 9.8 6.3 0.0 14.5
29/05/2004 9.5 12.7 7.3 0.0 25.8
30/05/2004 12.8 18.6 7.9 0.0 20.4
31/05/2004 16.1 21.2 10.0 -0.1 20.4
01/06/2004 16.2 21.2 11.0 0.0 27.8
02/06/2004 14.3 18.4 9.2 0.1 25.8
03/06/2004 11.9 14.6 9.2 2.9 24.1
04/06/2004 11.1 13.8 9.2 3.0 22.9
05/06/2004 11.0 13.3 8.7 -0.1 16.9
06/06/2004 12.2 14.9 9.9 1.1 10.1
07/06/2004 11.9 12.8 10.2 1.1 7.3
08/06/2004 11.1 13.3 7.7 0.1 26.6
09/06/2004 12.2 16.1 6.7 3.6 8.7
10/06/2004 13.2 16.7 11.3 2.6 17.5
11/06/2004 12.2 13.8 10.9 19.9 5.3
12/06/2004 11.8 14.4 8.9 0.0 22.1
13/06/2004 11.3 13.8 8.4 3.4 25.5
14/06/2004 11.4 12.6 9.5 13.2 11.1
15/06/2004 9.8 12.0 7.5 7.2 14.9
16/06/2004 8.7 11.0 6.5 0.5 26.3
17/06/2004 10.2 13.7 6.6 0.1 21.1
18/06/2004 9.6 12.6 7.4 0.0 26.0
19/06/2004 8.4 9.9 7.3 2.0 8.3
20/06/2004 8.3 10.1 5.6 12.5 9.1
21/06/2004 9.4 12.0 7.4 6.0 10.6
22/06/2004 10.7 13.2 8.1 0.1 20.0
23/06/2004 13.0 17.6 6.7 0.0 15.6
24/06/2004 14.9 17.1 12.4 1.5 7.5
25/06/2004 12.0 13.7 10.7 1.3 12.2
26/06/2004 11.2 13.5 9.7 0.0 23.7
27/06/2004 12.3 14.3 9.9 0.0 16.7
28/06/2004 12.7 15.7 11.2 0.5 10.3
29/06/2004 11.6 13.7 10.3 0.0 17.3
30/06/2004 13.0 16.2 8.9 4.3 20.8
01/07/2004 12.2 16.5 10.7 7.0 10.6
02/07/2004 12.9 15.4 9.9 0.0 27.6
03/07/2004 12.5 16.2 9.7 2.4 10.5
04/07/2004 12.8 14.9 10.9 1.7 13.0
05/07/2004 12.5 15.1 10.3 0.0 23.6
06/07/2004 11.7 13.8 9.7 0.0 26.1
07/07/2004 11.3 13.5 8.8 0.3 25.1
08/07/2004 13.0 17.0 8.1 0.3 25.8
09/07/2004 13.0 14.0 11.6 12.4 3.7
10/07/2004 13.8 15.5 12.4 0.8 8.7
11/07/2004 12.3 13.9 10.6 0.0 9.2
12/07/2004 11.3 14.0 10.1 0.5 14.5
13/07/2004 11.3 13.7 8.8 0.2 22.0
14/07/2004 11.0 12.5 9.4 0.2 9.1
15/07/2004 11.1 13.9 8.8 0.0 15.3
16/07/2004 12.6 16.2 9.1 -0.1 22.9
17/07/2004 14.0 16.2 11.7 9.0 8.2
18/07/2004 13.9 16.3 10.4 3.9 24.0
19/07/2004 13.7 16.5 9.9 0.1 25.6
20/07/2004 14.5 18.5 9.9 0.0 24.9
21/07/2004 16.5 21.0 11.9 0.0 17.7
22/07/2004 16.3 20.0 12.9 0.0 14.2
23/07/2004 16.4 20.0 12.0 9.3 11.2
24/07/2004 13.8 17.0 11.1 8.4 20.1
25/07/2004 12.2 14.2 10.7 10.6 11.6
26/07/2004 13.2 16.1 10.3 1.7 23.1
27/07/2004 12.9 14.7 10.9 0.0 10.1
28/07/2004 14.5 17.4 11.9 -0.0 23.4
29/07/2004 14.7 17.9 11.4 0.0 22.2
30/07/2004 17.8 22.7 11.6 -0.1 22.4
31/07/2004 18.6 22.7 14.6 0.1 21.3
01/08/2004 18.3 22.0 14.6 -0.1 23.0
02/08/2004 19.5 23.1 16.2 0.0 22.3
03/08/2004 18.8 22.8 15.4 0.0 14.7
04/08/2004 18.3 21.8 15.8 2.9 9.8
05/08/2004 18.5 21.9 16.7 1.4 11.1
06/08/2004 20.3 23.8 16.5 0.3 8.0
07/08/2004 23.5 27.4 19.8 0.6 20.2
08/08/2004 23.7 27.6 18.8 -0.0 21.9
09/08/2004 23.5 28.0 18.1 -0.0 22.8
10/08/2004 22.5 27.3 17.9 0.0 22.0
11/08/2004 21.8 27.1 18.0 0.1 18.7
12/08/2004 20.1 24.4 16.3 -0.0 22.3
13/08/2004 19.3 23.1 15.9 0.0 21.4
14/08/2004 18.3 21.4 14.3 0.1 16.3
15/08/2004 14.6 15.7 12.9 0.1 4.4
16/08/2004 15.6 19.2 12.1 12.4 9.0
17/08/2004 16.4 19.7 13.4 15.7 13.5
18/08/2004 17.9 21.4 14.1 2.4 15.7
19/08/2004 16.5 19.2 14.5 21.6 7.4
20/08/2004 15.2 17.6 13.0 17.4 8.3
21/08/2004 12.4 14.6 9.2 8.6 11.6
22/08/2004 11.1 14.6 8.3 3.8 16.1
23/08/2004 12.0 15.2 8.2 1.5 20.8
24/08/2004 13.1 15.5 9.1 2.1 4.8
25/08/2004 13.7 14.7 12.5 11.5 2.9
26/08/2004 12.8 13.6 12.1 19.1 3.9
27/08/2004 13.1 16.3 11.2 17.4 7.7
28/08/2004 12.8 13.9 11.8 5.4 4.5
29/08/2004 12.6 15.7 10.0 5.1 7.4
30/08/2004 13.7 17.5 11.4 7.6 10.0
31/08/2004 13.9 16.5 11.0 0.6 9.1
01/09/2004 13.8 16.1 12.2 0.2 8.0
02/09/2004 14.2 17.1 11.9 0.0 13.3
03/09/2004 16.3 20.1 13.0 0.0 16.3
04/09/2004 16.9 20.9 14.5 -0.1 11.1
05/09/2004 16.7 20.4 15.0 1.1 8.7
06/09/2004 13.8 16.5 10.6 0.2 16.5
07/09/2004 12.3 15.1 9.4 -0.0 16.4
08/09/2004 13.5 16.7 10.3 0.5 17.0
09/09/2004 12.8 15.9 10.2 0.2 13.3
10/09/2004 15.3 20.0 11.3 0.1 16.3
11/09/2004 15.1 16.7 13.8 8.2 2.3
12/09/2004 13.5 14.7 12.3 9.3 4.0
13/09/2004 13.2 14.3 11.4 20.0 2.5
14/09/2004 11.5 15.6 8.8 31.9 9.6
15/09/2004 9.7 11.9 7.5 10.1 8.7
16/09/2004 10.8 13.3 7.4 0.0 11.4
17/09/2004 12.7 14.0 9.9 23.7 2.5
18/09/2004 12.7 14.5 10.3 15.6 1.1
19/09/2004 12.1 14.1 10.1 9.8 10.1
20/09/2004 12.0 14.0 10.2 40.3 3.3
21/09/2004 10.8 12.7 9.4 7.9 7.7
22/09/2004 10.5 12.6 8.9 4.1 8.6
23/09/2004 10.5 12.7 8.9 3.4 8.4
24/09/2004 11.2 13.2 9.7 3.4 8.7
25/09/2004 9.5 11.3 7.9 2.3 3.4
26/09/2004 11.7 13.2 10.0 4.1 4.6
27/09/2004 10.5 12.6 8.6 1.7 7.2
28/09/2004 9.2 11.5 8.1 3.6 6.5
29/09/2004 9.8 14.7 5.4 -0.2 11.8
30/09/2004 11.3 15.8 7.2 0.0 11.5
01/10/2004 11.2 14.4 8.9 -0.1 10.5
02/10/2004 11.0 13.4 8.5 20.7 2.9
03/10/2004 10.6 13.2 8.6 3.6 7.2
04/10/2004 11.2 13.3 8.8 46.9 0.7
05/10/2004 11.1 12.9 9.2 10.5 5.7
06/10/2004 10.2 11.9 8.0 13.7 5.0
07/10/2004 9.3 10.9 7.9 19.8 3.3
08/10/2004 8.3 11.1 6.0 0.1 9.2
09/10/2004 7.0 10.8 3.6 -0.0 9.2
10/10/2004 7.8 12.6 3.6 -0.1 9.3
11/10/2004 7.5 9.9 5.2 0.1 5.9
12/10/2004 7.8 10.1 6.1 -0.1 7.5
13/10/2004 8.9 10.2 7.2 0.0 5.2
14/10/2004 10.1 12.2 9.3 0.0 5.5
15/10/2004 9.4 10.7 8.1 0.3 2.7
16/10/2004 8.8 11.5 6.9 1.2 2.7
17/10/2004 9.6 11.7 7.9 0.0 3.7
18/10/2004 8.7 10.4 7.0 0.4 2.8
19/10/2004 8.6 11.2 6.2 -0.2 6.0
20/10/2004 9.6 10.7 8.1 -0.1 2.0
21/10/2004 10.1 11.8 8.2 5.9 1.8
22/10/2004 9.2 10.6 7.1 20.2 0.6
23/10/2004 9.4 10.8 7.6 3.0 2.5
24/10/2004 8.2 11.0 6.1 0.6 4.3
25/10/2004 10.2 11.7 8.9 28.9 2.2
26/10/2004 7.3 10.1 3.7 5.1 3.8
27/10/2004 5.4 9.3 2.0 -0.1 5.6
28/10/2004 7.3 8.4 4.8 -0.2 0.8
29/10/2004 8.3 10.5 7.3 0.0 3.3
30/10/2004 7.8 10.3 6.0 -0.0 4.9
31/10/2004 8.7 10.3 5.6 2.7 1.7
01/11/2004 8.7 10.3 6.7 2.3 1.6
02/11/2004 7.3 11.4 3.8 0.1 4.8
03/11/2004 8.6 10.0 5.5 4.6 0.5
04/11/2004 8.9 10.4 6.1 11.7 0.4
05/11/2004 6.1 7.7 4.4 7.2 2.1
06/11/2004 5.1 7.3 2.5 0.9 4.3
07/11/2004 5.5 7.9 2.6 3.9 1.1
08/11/2004 7.0 8.3 4.6 1.5 2.2
09/11/2004 7.6 9.5 3.5 1.7 1.2
10/11/2004 4.9 6.2 3.4 -0.1 1.4
11/11/2004 6.9 10.3 3.9 16.7 0.6
12/11/2004 7.0 10.5 2.4 9.3 1.5
13/11/2004 2.8 4.3 0.8 2.2 2.9
14/11/2004 7.2 10.1 1.9 7.9 0.4
15/11/2004 7.5 10.0 3.1 9.8 0.5
16/11/2004 2.2 4.1 0.4 1.5 2.0
17/11/2004 2.1 7.3 -1.1 7.1 0.5
18/11/2004 3.9 4.6 2.7 0.1 0.0
19/11/2004 NULL NULL NULL NULL NULL
20/11/2004 NULL NULL NULL NULL NULL
21/11/2004 NULL NULL NULL NULL NULL
22/11/2004 NULL NULL NULL NULL NULL
23/11/2004 1.4 3.8 -1.2 -0.6 2.1
24/11/2004 5.4 9.2 0.2 14.6 0.3
25/11/2004 8.7 9.2 7.9 8.5 0.3
26/11/2004 7.7 9.0 6.3 17.1 0.2
27/11/2004 6.2 7.9 4.6 5.5 1.3
28/11/2004 5.0 6.2 4.2 7.6 1.3
29/11/2004 3.9 5.1 2.4 0.2 1.3
30/11/2004 5.8 6.5 4.1 0.1 0.6
01/12/2004 6.2 7.1 4.6 3.3 0.4
02/12/2004 4.5 5.8 2.8 4.6 1.0
03/12/2004 4.1 7.3 1.4 10.1 0.8
04/12/2004 7.5 8.3 6.1 0.6 0.3
05/12/2004 7.6 8.7 6.4 2.3 0.5
06/12/2004 7.5 8.7 5.5 2.9 0.3
07/12/2004 7.5 8.0 5.6 1.5 1.2
08/12/2004 6.3 7.9 4.8 0.4 1.0
09/12/2004 7.7 8.1 6.7 0.0 0.3
10/12/2004 5.1 6.8 4.1 0.9 1.1
11/12/2004 6.0 7.6 4.2 0.3 1.0
12/12/2004 6.4 8.0 4.2 1.8 0.5
13/12/2004 7.4 8.0 6.7 2.7 0.1
14/12/2004 6.8 8.7 5.6 25.1 0.0
15/12/2004 6.8 9.0 5.0 11.4 1.0
16/12/2004 6.8 8.0 5.2 18.1 0.1
17/12/2004 4.9 6.7 2.8 6.2 0.7
18/12/2004 0.6 4.5 -2.3 6.7 0.7
19/12/2004 0.4 5.1 -2.8 4.0 0.9
20/12/2004 0.5 1.6 -0.8 1.1 0.4
21/12/2004 3.0 5.9 1.4 4.0 0.4
22/12/2004 5.9 8.1 2.5 20.1 0.5
23/12/2004 4.8 8.6 0.7 14.1 0.4
24/12/2004 0.5 2.0 -0.8 3.6 0.8
25/12/2004 2.0 3.5 0.4 1.2 0.4
26/12/2004 -0.0 1.6 -1.4 -0.1 1.0
27/12/2004 2.8 5.9 -0.8 3.9 0.7
28/12/2004 3.4 6.0 1.1 21.1 0.2
29/12/2004 2.8 7.0 0.9 19.5 0.7
30/12/2004 7.3 8.6 5.6 11.4 0.2
31/12/2004 3.8 5.7 1.9 0.5 1.5
01/01/2005 5.6 6.4 2.6 23.6 0.7
02/01/2005 3.2 4.8 0.7 6.9 0.5
03/01/2005 4.1 7.6 0.0 23.8 0.2
04/01/2005 6.6 7.8 2.9 10.4 0.2
05/01/2005 6.0 6.7 4.9 8.1 0.7
06/01/2005 6.1 8.9 3.2 11.1 0.6
07/01/2005 8.1 9.2 6.8 2.6 0.5
08/01/2005 5.9 7.9 1.6 16.3 0.5
09/01/2005 5.1 7.0 1.7 10.3 1.0
10/01/2005 8.0 9.7 6.1 15.9 0.3
11/01/2005 7.0 8.1 6.0 8.4 0.5
12/01/2005 6.1 7.8 3.8 2.7 0.2
13/01/2005 4.3 5.3 2.0 3.5 1.0
14/01/2005 2.6 5.3 0.8 0.1 1.5
15/01/2005 4.3 5.8 2.3 3.5 0.6
16/01/2005 6.9 7.6 5.8 10.7 0.8
17/01/2005 6.6 7.4 3.8 5.8 0.3
18/01/2005 1.6 4.5 -0.0 8.0 0.8
19/01/2005 1.3 3.0 0.0 6.7 1.1
20/01/2005 3.8 5.8 0.1 13.7 0.6
21/01/2005 0.7 2.5 -0.3 11.3 0.9
22/01/2005 0.7 2.2 -0.8 0.3 2.6
23/01/2005 0.2 2.9 -1.3 2.3 2.2
24/01/2005 -2.5 -0.5 -5.1 0.1 2.9
25/01/2005 -2.2 0.2 -5.8 -0.0 2.9
26/01/2005 -0.1 0.8 -1.4 0.7 1.7
27/01/2005 2.6 4.9 -0.4 -0.2 2.6
28/01/2005 2.1 4.2 -0.6 0.1 2.6
29/01/2005 1.7 3.9 -0.1 1.0 1.1
30/01/2005 5.8 7.1 3.6 2.8 1.0
31/01/2005 3.2 5.7 1.9 2.0 2.7
01/02/2005 3.0 4.2 1.6 0.5 1.6
02/02/2005 4.5 6.2 2.8 1.3 2.0
03/02/2005 5.4 7.0 3.2 0.1 2.3
04/02/2005 5.8 6.3 5.3 3.6 0.6
05/02/2005 5.3 6.0 3.5 2.7 0.5
06/02/2005 2.1 3.8 1.3 -0.6 0.6
07/02/2005 0.8 1.6 -0.3 0.0 3.2
08/02/2005 0.6 1.5 -0.7 0.1 1.0
09/02/2005 3.8 6.1 -0.5 24.8 0.4
10/02/2005 3.1 6.2 0.1 11.8 1.8
11/02/2005 2.2 4.7 0.2 3.2 3.7
12/02/2005 1.7 2.6 0.9 0.1 1.3
13/02/2005 1.7 4.6 -0.2 0.0 5.7
14/02/2005 0.3 2.5 -2.2 0.1 6.3
15/02/2005 -1.7 2.4 -4.6 0.0 6.2
16/02/2005 -1.9 0.1 -3.8 0.0 3.6
17/02/2005 2.3 5.1 -1.3 0.5 3.2
18/02/2005 3.2 4.8 0.3 10.4 3.0
19/02/2005 0.5 2.2 -0.9 0.4 4.9
20/02/2005 -0.2 4.0 -2.9 0.0 7.4
21/02/2005 0.2 3.1 -2.1 0.0 4.7
22/02/2005 -1.4 1.2 -3.8 0.1 5.7
23/02/2005 -3.9 0.0 -7.3 0.0 7.9
24/02/2005 -0.2 4.8 -4.6 0.0 7.0
25/02/2005 0.9 4.5 -1.5 0.0 8.6
26/02/2005 -0.1 3.9 -3.0 0.0 6.2
27/02/2005 -2.5 0.5 -6.6 0.0 9.3
28/02/2005 -0.3 1.8 -2.8 5.2 1.9
01/03/2005 -3.1 -0.4 -7.1 0.1 6.6
02/03/2005 -6.0 -1.9 -8.8 0.0 10.1
03/03/2005 -3.2 1.5 -9.3 3.1 4.8
04/03/2005 0.5 1.6 -1.6 21.7 3.0
05/03/2005 -0.2 1.9 -1.5 0.1 9.0
06/03/2005 1.6 4.0 -1.4 0.0 10.1
07/03/2005 3.1 5.4 1.5 0.0 10.9
08/03/2005 2.8 5.9 0.3 0.0 9.7
09/03/2005 1.8 4.4 -0.7 0.1 8.4
10/03/2005 2.9 4.8 0.2 11.4 4.4
11/03/2005 2.3 4.6 0.9 2.5 8.5
12/03/2005 0.9 3.3 -0.6 0.6 8.2
13/03/2005 -0.3 0.9 -1.8 7.1 4.6
14/03/2005 -1.5 2.5 -3.5 10.8 6.1
15/03/2005 1.2 3.9 -2.4 0.6 9.7
16/03/2005 4.3 6.7 1.9 14.3 0.9
17/03/2005 5.0 6.9 1.7 7.7 2.9
18/03/2005 1.5 3.4 0.4 3.1 4.0
19/03/2005 1.1 2.1 -0.4 -0.1 8.3
20/03/2005 0.6 1.8 -0.1 0.3 3.7
21/03/2005 2.3 6.1 -0.8 0.0 12.4
22/03/2005 7.1 11.2 2.6 -0.1 12.7
23/03/2005 6.7 11.4 2.5 1.1 11.5
24/03/2005 7.4 13.4 1.6 -0.1 13.9
25/03/2005 6.7 11.6 3.9 2.8 3.3
26/03/2005 8.1 13.5 4.6 1.6 7.3
27/03/2005 7.9 12.8 4.4 0.0 13.8
28/03/2005 6.0 10.7 2.3 0.0 12.9
29/03/2005 6.5 11.2 2.1 -0.1 15.8
30/03/2005 6.0 10.3 2.5 0.1 16.8
31/03/2005 5.1 9.9 0.6 -0.1 17.4
01/04/2005 6.6 11.7 2.7 0.0 17.1
02/04/2005 8.8 13.6 4.6 0.0 15.5
03/04/2005 10.3 15.9 5.1 0.0 16.9
04/04/2005 7.6 10.8 3.8 13.3 2.4
05/04/2005 4.7 6.9 2.3 3.4 9.8
06/04/2005 4.9 6.6 2.3 12.6 2.2
07/04/2005 4.1 5.6 2.7 8.7 5.3
08/04/2005 2.4 4.1 0.4 2.7 9.0
09/04/2005 1.9 4.1 0.1 0.7 16.1
10/04/2005 5.4 7.6 2.1 15.1 11.9
11/04/2005 7.3 9.6 6.1 14.9 8.7
12/04/2005 6.6 8.2 5.3 8.3 16.3
13/04/2005 5.6 8.9 2.8 0.0 16.2
14/04/2005 5.5 8.4 1.8 0.0 20.0
15/04/2005 5.9 8.2 3.9 1.6 3.6
16/04/2005 9.5 17.1 5.3 -0.1 17.3
17/04/2005 12.0 16.3 8.2 -0.1 14.2
18/04/2005 11.1 14.3 7.8 0.1 21.3
19/04/2005 7.8 11.2 4.5 0.1 21.4
20/04/2005 6.0 9.3 2.8 -0.1 21.6
21/04/2005 4.5 5.9 2.5 0.1 7.4
22/04/2005 5.7 9.6 1.9 0.0 22.4
23/04/2005 6.3 10.1 2.8 0.0 14.3
24/04/2005 6.8 11.2 1.8 0.0 18.7
25/04/2005 8.3 12.8 3.0 -0.1 22.4
26/04/2005 9.4 14.5 4.9 0.0 23.2
27/04/2005 10.3 15.2 5.9 -0.1 22.5
28/04/2005 9.9 13.8 6.0 0.0 19.0
29/04/2005 9.2 12.5 6.3 4.2 10.0
30/04/2005 9.1 13.0 6.5 0.0 20.4
01/05/2005 9.5 13.2 6.6 0.9 17.6
02/05/2005 11.5 14.2 9.0 4.1 16.8
03/05/2005 11.0 15.4 8.2 2.9 11.5
04/05/2005 7.1 9.1 3.8 1.3 22.1
05/05/2005 6.6 8.5 3.5 4.6 7.8
06/05/2005 6.3 8.2 4.4 3.3 19.9
07/05/2005 5.4 7.8 3.8 3.2 18.8
08/05/2005 4.8 7.5 3.1 16.6 6.9
09/05/2005 7.6 11.1 3.6 -0.2 24.8
10/05/2005 7.9 11.3 5.2 0.0 25.0
11/05/2005 7.3 9.5 5.2 0.0 25.0
12/05/2005 7.4 10.4 4.7 -0.0 23.9
13/05/2005 7.4 11.0 3.2 -0.1 26.8
14/05/2005 8.4 13.0 3.8 0.0 27.1
15/05/2005 7.6 10.0 5.7 2.2 9.0
16/05/2005 5.8 8.1 3.8 0.1 22.5
17/05/2005 5.5 7.6 2.6 2.2 24.8
18/05/2005 5.2 8.0 2.0 4.9 22.0
19/05/2005 6.8 10.3 3.5 2.8 14.3
20/05/2005 10.5 14.4 6.4 5.1 10.9
21/05/2005 10.7 13.6 8.1 9.1 19.7
22/05/2005 10.8 14.6 8.6 4.8 16.6
23/05/2005 10.2 15.0 7.2 0.2 14.6
24/05/2005 9.4 11.6 7.1 0.1 9.7
25/05/2005 9.6 11.0 8.8 5.9 3.9
26/05/2005 10.9 12.3 7.7 9.9 6.6
27/05/2005 9.6 11.7 7.8 -0.2 18.7
28/05/2005 12.0 19.8 7.5 3.3 16.4
29/05/2005 9.7 11.2 7.9 0.3 9.0
30/05/2005 9.1 10.8 7.9 0.8 7.8
31/05/2005 10.0 12.8 7.9 0.9 23.8
01/06/2005 8.2 10.2 6.4 0.0 18.0
02/06/2005 8.7 11.5 6.2 0.0 7.8
03/06/2005 11.7 15.1 9.1 2.9 12.7
04/06/2005 10.5 13.6 8.5 0.1 12.3
05/06/2005 8.6 10.3 6.3 0.4 15.6
06/06/2005 7.8 10.2 5.1 0.0 28.5
07/06/2005 8.0 10.2 5.1 0.0 24.2
08/06/2005 10.7 15.5 6.6 -0.1 22.3
09/06/2005 11.5 15.5 8.0 2.5 11.0
10/06/2005 8.6 10.6 7.0 0.2 24.6
11/06/2005 8.6 11.2 5.5 0.8 28.6
12/06/2005 10.1 13.5 7.5 0.7 19.9
13/06/2005 10.5 13.2 8.4 0.2 12.7
14/06/2005 11.1 13.0 9.7 5.1 8.7
15/06/2005 13.5 17.0 10.1 3.2 17.3
16/06/2005 13.4 16.5 11.9 0.6 7.0
17/06/2005 11.7 13.2 8.9 2.2 17.9
18/06/2005 11.5 13.8 8.7 -0.1 8.3
19/06/2005 16.0 20.6 10.7 -0.2 16.4
20/06/2005 16.5 22.3 11.9 3.7 11.0
21/06/2005 12.4 16.3 10.7 5.9 15.3
22/06/2005 12.4 15.8 10.3 0.5 17.5
23/06/2005 15.8 19.2 12.8 -0.1 27.1
24/06/2005 12.6 15.3 9.8 0.1 12.9
25/06/2005 11.2 14.9 8.2 0.0 30.6
26/06/2005 11.1 13.8 8.4 0.0 25.4
27/06/2005 11.4 13.3 9.8 5.0 17.0
28/06/2005 11.5 13.7 9.2 -0.1 23.2
29/06/2005 14.0 17.0 11.1 -0.0 28.0
30/06/2005 17.5 22.2 10.5 -0.2 29.8
01/07/2005 18.0 21.3 14.1 0.8 21.8
02/07/2005 14.4 16.8 11.8 0.7 14.6
03/07/2005 15.3 17.5 10.4 1.7 8.5
04/07/2005 17.0 20.8 13.9 2.0 8.7
05/07/2005 15.4 20.0 11.7 0.1 7.3
06/07/2005 13.6 17.4 11.2 0.1 10.8
07/07/2005 15.9 21.4 11.9 0.7 22.2
08/07/2005 17.8 21.2 14.4 -0.1 28.2
09/07/2005 18.6 22.7 14.4 -0.0 27.8
10/07/2005 15.4 18.0 13.5 0.4 11.5
11/07/2005 16.1 18.6 13.4 0.0 25.9
12/07/2005 15.0 18.5 12.9 8.7 17.0
13/07/2005 13.8 16.1 11.9 0.5 21.0
14/07/2005 14.1 16.0 11.4 0.1 8.2
15/07/2005 14.8 17.0 13.4 8.7 17.6
16/07/2005 12.9 14.3 10.9 0.0 9.5
17/07/2005 13.6 17.0 10.0 0.0 14.3
18/07/2005 17.6 22.6 13.7 -0.2 24.3
19/07/2005 15.1 17.3 12.4 9.0 11.6
20/07/2005 13.2 14.7 11.5 1.1 9.2
21/07/2005 14.7 18.7 12.3 0.1 19.2
22/07/2005 15.0 20.2 11.8 -0.1 19.7
23/07/2005 12.6 15.8 11.4 0.1 14.3
24/07/2005 12.0 13.5 10.9 0.0 9.4
25/07/2005 12.0 14.9 10.7 0.0 12.3
26/07/2005 12.4 15.2 9.8 -0.1 19.8
27/07/2005 12.7 15.2 10.8 0.0 22.5
28/07/2005 12.8 15.0 10.9 0.1 14.7
29/07/2005 14.1 17.7 10.3 -0.1 16.5
30/07/2005 16.7 21.5 11.8 0.0 18.9
31/07/2005 15.2 16.9 14.2 12.9 4.8
01/08/2005 13.2 14.2 12.4 0.0 7.0
02/08/2005 12.1 14.7 9.3 -0.2 19.6
03/08/2005 13.4 15.8 11.4 9.8 9.9
04/08/2005 12.9 14.6 11.0 15.7 13.6
05/08/2005 13.1 15.1 11.1 3.9 16.8
06/08/2005 12.5 14.7 10.5 0.0 22.0
07/08/2005 15.0 19.8 10.9 -0.1 20.4
08/08/2005 13.9 16.5 12.2 3.4 19.8
09/08/2005 14.7 19.2 11.7 0.6 22.7
10/08/2005 12.1 13.8 11.2 0.9 4.3
11/08/2005 11.4 11.9 10.9 0.7 3.8
12/08/2005 11.6 14.3 10.2 0.0 18.3
13/08/2005 11.7 14.3 9.8 -0.0 18.7
14/08/2005 12.2 17.1 9.2 -0.0 15.4
15/08/2005 12.2 14.9 9.2 1.9 13.6
16/08/2005 12.5 14.8 10.6 0.0 19.0
17/08/2005 14.7 18.2 11.6 0.0 8.6
18/08/2005 15.6 19.1 13.5 -0.0 12.6
19/08/2005 18.8 23.5 14.6 11.3 15.5
20/08/2005 17.7 20.8 15.1 0.6 5.5
21/08/2005 16.2 20.2 13.9 -0.1 16.9
22/08/2005 15.1 16.9 14.3 0.0 4.9
23/08/2005 13.2 15.5 10.6 6.5 14.6
24/08/2005 13.3 14.9 10.8 52.1 2.6
25/08/2005 12.2 15.3 9.7 1.7 16.0
26/08/2005 11.0 14.6 8.8 3.4 11.2
27/08/2005 11.6 14.7 8.7 2.4 13.6
28/08/2005 13.0 14.9 7.0 14.7 5.8
29/08/2005 14.5 15.9 11.9 3.6 11.5
30/08/2005 13.6 17.0 10.4 0.1 17.7
31/08/2005 14.9 18.5 10.0 -0.2 16.9
01/09/2005 18.6 21.5 15.7 -0.1 10.8
02/09/2005 13.0 18.1 10.2 1.6 10.6
03/09/2005 13.0 16.9 9.4 0.1 17.1
04/09/2005 14.2 17.6 11.0 0.0 13.9
05/09/2005 15.4 19.8 11.6 0.0 14.0
06/09/2005 18.2 23.1 14.9 0.0 15.3
07/09/2005 14.9 16.2 13.6 0.8 3.5
08/09/2005 13.4 15.3 10.0 9.3 6.1
09/09/2005 11.0 13.2 8.8 0.1 10.8
10/09/2005 12.4 17.1 8.4 0.1 16.5
11/09/2005 13.4 16.9 10.1 0.1 5.5
12/09/2005 11.2 13.1 8.7 0.8 9.1
13/09/2005 12.4 15.6 8.6 32.2 2.6
14/09/2005 12.6 14.6 10.2 22.9 5.7
15/09/2005 9.8 11.7 6.9 1.9 13.3
16/09/2005 8.0 10.6 5.5 0.2 14.7
17/09/2005 8.7 11.5 5.5 12.8 9.5
18/09/2005 12.2 13.2 11.5 23.9 4.6
19/09/2005 12.9 14.7 11.7 1.0 4.4
20/09/2005 12.7 14.2 10.9 8.4 7.0
21/09/2005 12.1 15.2 9.1 0.0 9.3
22/09/2005 13.8 16.2 12.6 1.9 5.0
23/09/2005 14.5 17.3 12.5 9.2 10.7
24/09/2005 10.4 12.7 6.8 -0.2 11.7
25/09/2005 11.7 14.6 6.6 0.0 6.4
26/09/2005 13.6 15.6 12.1 0.5 8.5
27/09/2005 13.4 15.3 11.2 19.4 7.4
28/09/2005 11.0 12.5 9.6 3.6 8.3
29/09/2005 9.7 12.3 6.8 24.8 5.8
30/09/2005 9.4 13.9 5.9 15.9 3.0
01/10/2005 11.0 13.9 9.1 15.9 6.4
02/10/2005 9.9 12.1 8.5 4.1 7.1
03/10/2005 11.7 13.3 10.0 1.7 4.6
04/10/2005 10.8 14.2 8.3 0.1 8.6
05/10/2005 11.4 13.9 9.2 0.0 5.3
06/10/2005 12.2 15.1 9.6 0.0 6.9
07/10/2005 14.8 18.2 12.1 0.0 8.2
08/10/2005 13.5 14.2 12.6 1.4 1.8
09/10/2005 10.2 13.5 7.6 18.1 6.7
10/10/2005 12.7 14.5 11.3 -0.1 4.5
11/10/2005 15.8 19.5 13.2 0.0 8.3
12/10/2005 14.3 16.8 12.3 -0.1 7.5
13/10/2005 12.7 16.0 7.3 16.4 2.1
14/10/2005 8.1 11.4 5.6 -0.1 7.1
15/10/2005 9.0 13.9 5.2 -0.0 7.7
16/10/2005 9.3 14.4 5.1 -0.1 7.7
17/10/2005 8.3 12.8 5.3 -0.1 7.5
18/10/2005 6.2 10.1 3.2 0.0 6.9
19/10/2005 8.4 14.3 3.1 -0.1 7.2
20/10/2005 9.5 10.7 7.7 21.0 0.9
21/10/2005 10.3 12.1 8.4 1.2 3.4
22/10/2005 8.4 10.6 6.2 4.3 3.6
23/10/2005 5.7 7.8 3.0 2.3 3.2
24/10/2005 3.6 6.1 0.9 -0.2 5.0
25/10/2005 7.8 10.3 4.3 14.4 1.8
26/10/2005 8.0 9.9 4.9 1.7 4.1
27/10/2005 11.8 15.2 5.8 0.1 3.5
28/10/2005 13.9 15.4 12.5 15.8 3.1
29/10/2005 12.2 13.3 11.0 1.6 1.0
30/10/2005 14.6 16.2 12.6 0.3 2.1
31/10/2005 12.9 14.3 10.7 9.4 1.7
01/11/2005 11.6 13.3 8.5 8.8 1.3
02/11/2005 9.5 11.4 7.4 0.7 2.2
03/11/2005 12.1 13.0 11.2 23.2 0.8
04/11/2005 11.1 12.5 9.5 10.0 0.3
05/11/2005 9.5 10.5 8.2 4.6 1.1
06/11/2005 9.8 11.9 7.4 11.4 0.9
07/11/2005 9.2 10.6 7.7 3.9 1.6
08/11/2005 11.0 12.5 8.1 14.7 0.4
09/11/2005 9.3 12.4 6.4 14.1 1.0
10/11/2005 9.2 11.1 7.4 18.0 1.3
11/11/2005 8.8 11.4 6.6 3.4 0.6
12/11/2005 8.6 10.8 6.2 13.8 1.4
13/11/2005 7.0 9.0 5.1 1.6 2.1
14/11/2005 9.3 13.5 6.2 30.8 0.2
15/11/2005 3.8 9.9 -0.2 4.1 1.9
16/11/2005 0.9 3.1 -0.8 2.8 2.8
17/11/2005 0.5 2.2 -1.1 0.1 3.4
18/11/2005 -0.5 1.4 -2.5 -0.1 3.0
19/11/2005 0.8 2.4 -0.4 0.0 1.4
20/11/2005 4.8 7.6 0.5 8.5 0.3
21/11/2005 6.4 8.0 5.0 0.8 0.8
22/11/2005 7.6 8.8 5.7 -1.0 0.9
23/11/2005 5.8 8.0 2.2 2.3 0.7
24/11/2005 4.9 8.2 0.3 16.1 1.2
25/11/2005 2.7 5.3 0.4 0.2 1.2
26/11/2005 1.5 3.3 -0.3 0.0 1.4
27/11/2005 0.4 1.8 -0.9 0.0 0.9
28/11/2005 1.8 3.2 0.6 0.4 1.4
29/11/2005 0.1 1.4 -1.8 3.8 1.1
30/11/2005 -0.5 1.3 -2.7 2.5 0.6
01/12/2005 4.7 7.1 1.2 7.5 0.7
02/12/2005 4.3 6.5 2.5 -0.1 1.4
03/12/2005 4.4 5.1 3.4 0.0 1.1
04/12/2005 4.7 5.7 3.7 0.0 1.6
05/12/2005 5.0 6.1 3.2 0.1 0.5
06/12/2005 3.9 4.6 3.0 2.1 0.6
07/12/2005 3.1 4.5 1.6 0.6 0.4
08/12/2005 3.4 4.8 0.5 -0.1 0.7
09/12/2005 2.1 4.8 0.1 -0.1 0.7
10/12/2005 7.6 9.1 4.8 15.9 0.1
11/12/2005 8.4 9.7 6.2 1.2 0.3
12/12/2005 5.6 6.9 3.7 2.4 0.8
13/12/2005 6.9 8.0 5.2 6.4 0.5
14/12/2005 6.3 8.9 4.6 3.4 0.7
15/12/2005 4.5 8.5 0.7 5.1 0.5
16/12/2005 0.2 1.6 -2.6 1.8 0.6
17/12/2005 -0.3 2.7 -3.1 1.0 0.7
18/12/2005 1.8 2.8 0.4 0.7 1.0
19/12/2005 3.8 6.3 0.8 13.3 0.6
20/12/2005 3.9 6.3 1.9 0.9 1.1
21/12/2005 5.6 7.4 3.6 10.0 0.2
22/12/2005 5.0 6.9 2.1 0.5 0.8
23/12/2005 6.4 8.0 3.2 5.9 0.2
24/12/2005 4.4 8.0 1.5 0.1 1.0
25/12/2005 2.2 3.4 0.5 0.0 1.0
26/12/2005 -0.5 1.1 -3.1 0.0 1.0
27/12/2005 -3.4 -1.9 -5.5 0.0 1.0
28/12/2005 -2.8 -1.2 -3.9 0.0 1.0
29/12/2005 -2.9 -1.7 -4.6 0.0 1.0
30/12/2005 -1.4 2.5 -3.4 0.2 0.8
31/12/2005 0.9 1.7 -0.3 0.1 0.4
