Day	Temperature	r1LossRate	e1LossRate	r2LossRate
1	11.7	0	0	0
2	8.3	0	0	0
3	10	0	0	0
4	15	0	0	0
5	19.45	0	0	0
6	21.35	0	0	0
7	25	0	0	0
8	24.7	0	0	1.24E-08
9	16.7	0	0	0.003280451
10	18.05	0	0	0.060464892
11	15.3	0	0	0.198513395
12	18.6	0	0	0.337270734
13	13.05	0	0	0.805028732
14	13.85	0	0	0.402429417
15	15.3	0	0	0.23075912
16	15.85	0	0	0.095134026
17	11.4	0	0	0.028779271
18	5.85	0	0	0.00546743
19	8.35	0	0	0.001322036
20	10.8	0.8	0.5	0.000902032
21	20	0.623040627	0.389400392	0.000251132
22	19.15	0.485224528	0.30326533	8.00E-05
23	15	0.377893242	0.236183276	3.35E-06
24	8.9	0.294303553	0.183939721	1.74E-07
25	7.5	0.229203838	0.143252398	1.77E-08
26	11.4	0.178504128	0.11156508	5.16E-09
27	16.7	0.139019155	0.086886972	2.80E-09
28	21.7	0.108268227	0.067667642	1.50E-09
29	23.35	0.08431938	0.052699612	4.95E-10
30	16.95	0.065667999	0.041042499	1.90E-11
31	16.95	0.051142289	0.031963931	1.01E-13
32	11.65	0.039829655	0.024893534	6.87E-15
33	18.05	0.031019366	0.019387104	6.15E-16
34	22.5	0.024157907	0.015098692	2.04E-16
35	25.25	0.018814197	0.011758873	1.42E-17
36	23.65	0.014652511	0.009157819	8.05E-20
37	14.75	0.011411387	0.007132117	3.58E-23
38	16.95	0.008887197	0.005554498	1.23E-26
39	20	0.006921356	0.004325848	5.82E-28
40	21.4	0.005390358	0.003368974	2.65E-29
41	21.65	0.004198015	0.002623759	2.97E-31
42	22.5	0.003269417	0.002043386	1.04E-33
43	21.1	0.002546225	0.00159139	1.65E-33
44	13.1	0.001983002	0.001239376	2.26E-30
45	18.05	0.001544363	0.000965227	8.22E-29
46	23.6	0.001202751	0.00075172	3.87E-27
47	24.15	0.000936704	0.00058544	1.61E-24
48	20	0.000729506	0.000455941	1.24E-21
49	16.7	0.00056814	0.000355087	1.21E-19
50	18.3	0.000442467	0.000276542	8.98E-18
51	24.2	0.000344594	0.000215371	1.20E-16
52	26.4	0.00026837	0.000167731	4.40E-15
53	22.2	0.000209007	0.000130629	9.40E-14
54	24.7	0.000162775	0.000101734	3.23E-12
55	24.45	0.000126769	7.92E-05	2.70E-10
56	26.65	9.87E-05	6.17E-05	2.98E-09
57	18.35	7.69E-05	4.81E-05	3.33E-08
58	12.75	5.99E-05	3.74E-05	8.18E-08
59	16.95	4.66E-05	2.91E-05	1.14E-07
60	23.9	3.63E-05	2.27E-05	7.05E-07
61	23.35	2.83E-05	1.77E-05	3.28E-06
62	23.85	2.20E-05	1.38E-05	7.36E-06
63	21.95	1.72E-05	1.07E-05	3.31E-05
64	14.2	1.34E-05	8.35E-06	8.60E-05
65	17.25	1.04E-05	6.50E-06	9.43E-05
66	21.65	8.10E-06	5.07E-06	0.000367634
67	13.9	6.31E-06	3.94E-06	0.001031002
68	16.1	4.92E-06	3.07E-06	0.000598349
69	20	3.83E-06	2.39E-06	0.000685745
70	21.9	2.98E-06	1.86E-06	0.001111325
71	15.55	2.32E-06	1.45E-06	0.00256221
72	16.65	1.81E-06	1.13E-06	0.001800108
73	23.6	1.41E-06	8.80E-07	0.002826067
74	27.8	1.10E-06	6.85E-07	0.012700405
75	27.5	8.54E-07	5.34E-07	0.034265381
76	26.1	6.65E-07	4.16E-07	0.056974159
77	27.75	5.18E-07	3.24E-07	0.066549072
78	25	4.03E-07	2.52E-07	0.084139542
79	19.75	3.14E-07	1.96E-07	0.043131165
80	16.15	2.45E-07	1.53E-07	0.024467115
81	18.3	1.91E-07	1.19E-07	0.017559974
82	18.6	1.48E-07	9.28E-08	0.020654883
83	18.35	1.16E-07	7.22E-08	0.019820886
84	18.05	9.00E-08	5.63E-08	0.016118005
85	19.45	7.01E-08	4.38E-08	0.012369954
86	25	5.46E-08	3.41E-08	0.012399153
87	25.3	4.25E-08	2.66E-08	0.018611733
88	25.25	3.31E-08	2.07E-08	0.020066151
89	25.85	2.58E-08	1.61E-08	0.029138882
90	27.5	2.01E-08	1.26E-08	0.02418232
91	27.25	1.56E-08	9.78E-09	0.013118598
92	27.25	1.22E-08	7.61E-09	0.005373001
93	27.5	9.49E-09	5.93E-09	0.003568826
94	27.5	7.39E-09	4.62E-09	0.002550576
95	26.95	5.76E-09	3.60E-09	0.001553163
96	21.7	4.48E-09	2.80E-09	0.000894389
97	23.6	3.49E-09	2.18E-09	0.000381997
98	26.65	2.72E-09	1.70E-09	0.000303462
99	28.05	2.12E-09	1.32E-09	0.000220268
100	28.6	1.65E-09	1.03E-09	0.000122981
101	31.1	1.28E-09	8.03E-10	8.00E-05
102	27.2	1.00E-09	6.25E-10	5.37E-05
103	21.7	7.79E-10	4.87E-10	1.80E-05
104	20	6.07E-10	3.79E-10	6.15E-06
105	18.65	4.72E-10	2.95E-10	4.26E-06
106	18.3	3.68E-10	2.30E-10	3.16E-06
107	23.35	2.87E-10	1.79E-10	2.77E-06
108	25.6	2.23E-10	1.39E-10	4.03E-06
109	20	1.74E-10	1.09E-10	5.12E-06
110	20	1.35E-10	8.46E-11	4.95E-06
111	26.4	1.05E-10	6.59E-11	1.15E-05
112	26.7	8.21E-11	5.13E-11	6.24E-05
113	28.3	6.39E-11	4.00E-11	0.000167201
114	29.15	4.98E-11	3.11E-11	0.000431162
115	28.9	3.88E-11	2.42E-11	0.001511916
116	27.25	3.02E-11	1.89E-11	0.003078509
117	25.85	2.35E-11	1.47E-11	0.004050578
118	24.2	1.83E-11	1.14E-11	0.00525941
119	19.2	1.43E-11	8.92E-12	0.0055561
120	19.15	1.11E-11	6.94E-12	0.003848185
121	23.05	8.65E-12	5.41E-12	0.003885272
122	28.05	6.74E-12	4.21E-12	0.005442077
123	29.4	5.25E-12	3.28E-12	0.007158267
124	27.5	4.09E-12	2.55E-12	0.011554032
125	27.25	3.18E-12	1.99E-12	0.019539241
126	28.3	2.48E-12	1.55E-12	0.026776837
127	28.6	1.93E-12	1.21E-12	0.021755888
128	28.85	1.50E-12	9.40E-13	0.019744821
129	28.35	1.17E-12	7.32E-13	0.018429782
130	28.6	9.12E-13	5.70E-13	0.016032815
131	30	7.10E-13	4.44E-13	0.013943457
132	28.3	5.53E-13	3.46E-13	0.012089177
133	26.95	4.31E-13	2.69E-13	0.008720468
134	30.3	3.36E-13	2.10E-13	0.006228106
135	29.7	2.61E-13	1.63E-13	0.005669327
136	29.4	2.03E-13	1.27E-13	0.003856186
137	23.6	1.58E-13	9.91E-14	0.0026634
138	23.9	1.23E-13	7.71E-14	0.001412244
139	25.3	9.61E-14	6.01E-14	0.001091357
140	26.65	7.49E-14	4.68E-14	0.00086794
141	29.15	5.83E-14	3.64E-14	0.000581776
142	29.45	4.54E-14	2.84E-14	0.000467044
143	30.55	3.54E-14	2.21E-14	0.000391864
144	30.85	2.75E-14	1.72E-14	0.000288702
145	30.3	2.14E-14	1.34E-14	0.00017979
146	30.3	1.67E-14	1.04E-14	0.000103331
147	30	1.30E-14	8.13E-15	5.99E-05
148	28.9	1.01E-14	6.33E-15	3.41E-05
149	27.5	7.89E-15	4.93E-15	1.82E-05
150	26.95	6.14E-15	3.84E-15	1.06E-05
151	27.5	4.79E-15	2.99E-15	8.18E-06
152	28.05	3.73E-15	2.33E-15	8.20E-06
153	28.35	2.90E-15	1.81E-15	9.90E-06
154	29.2	2.26E-15	1.41E-15	1.47E-05
155	29.45	1.76E-15	1.10E-15	2.60E-05
156	30.6	1.37E-15	8.57E-16	4.45E-05
157	30.85	1.07E-15	6.67E-16	7.28E-05
158	30.85	8.32E-16	5.20E-16	0.00010515
159	28.35	6.48E-16	4.05E-16	0.000133851
160	29.7	5.04E-16	3.15E-16	0.000141662
161	29.15	3.93E-16	2.46E-16	0.000169297
162	29.7	3.06E-16	1.91E-16	0.000172012
163	29.2	2.38E-16	1.49E-16	0.000164148
164	29.15	1.86E-16	1.16E-16	0.000153121
165	29.75	1.45E-16	9.03E-17	0.000153819
166	29.45	1.13E-16	7.03E-17	0.00015379
167	30	8.77E-17	5.48E-17	0.000140533
168	29.7	6.83E-17	4.27E-17	0.000126635
169	29.75	5.32E-17	3.32E-17	0.000108956
170	29.7	4.14E-17	2.59E-17	9.10E-05
171	30	3.22E-17	2.02E-17	7.33E-05
172	28.9	2.51E-17	1.57E-17	5.80E-05
173	28.6	1.96E-17	1.22E-17	4.21E-05
174	28.9	1.52E-17	9.52E-18	3.16E-05
175	28.35	1.19E-17	7.41E-18	2.48E-05
176	27.5	9.24E-18	5.77E-18	1.83E-05
177	29.7	7.20E-18	4.50E-18	1.33E-05
178	29.75	5.60E-18	3.50E-18	1.18E-05
179	29.7	4.36E-18	2.73E-18	9.25E-06
180	29.15	3.40E-18	2.12E-18	7.37E-06
181	29.75	2.65E-18	1.65E-18	5.80E-06
182	28.9	2.06E-18	1.29E-18	4.51E-06
183	28.35	1.61E-18	1.00E-18	3.06E-06
184	28.3	1.25E-18	7.81E-19	2.03E-06
185	28.05	9.74E-19	6.09E-19	1.40E-06
186	24.45	7.58E-19	4.74E-19	9.47E-07
187	24.45	5.91E-19	3.69E-19	5.26E-07
188	26.7	4.60E-19	2.87E-19	3.95E-07
189	25	3.58E-19	2.24E-19	3.44E-07
190	26.65	2.79E-19	1.74E-19	2.34E-07
191	28.3	2.17E-19	1.36E-19	2.48E-07
192	28.05	1.69E-19	1.06E-19	3.36E-07
193	28.9	1.32E-19	8.24E-20	5.13E-07
194	28.35	1.03E-19	6.41E-20	9.20E-07
195	28.9	7.99E-20	5.00E-20	1.54E-06
196	29.15	6.22E-20	3.89E-20	2.31E-06
197	29.15	4.85E-20	3.03E-20	3.20E-06
198	29.15	3.78E-20	2.36E-20	4.02E-06
199	28.6	2.94E-20	1.84E-20	4.77E-06
200	28.3	2.29E-20	1.43E-20	5.26E-06
