Day	Eggs	Larvae1	Larvae2	Larvae3	Larvae4	Larvae5	Pupae	Adults
1	100	0	0	0	0	0	0	0
2	100	0	0	0	0	0	0	0
3	100	0	0	0	0	0	0	0
4	100	0	0	0	0	0	0	0
5	100	0	0	0	0	0	0	0
6	100	0	0	0	0	0	0	0
7	100	2.034297705e-13	0	0	0	0	0	0
8	99.89492029	0.1050797072	4.103053075e-20	0	0	0	0	0
9	99.79464771	0.2053522889	1.851998185e-16	5.38352108e-24	0	0	0	0
10	99.42507934	0.5749198388	8.192984231e-07	3.65849747e-21	1.09319744e-31	0	0	0
11	99.25935969	0.7403434096	0.0002969041848	1.026387943e-15	2.45804793e-26	0	0	0
12	98.01512719	1.974702654	0.01017015055	8.174596616e-09	5.636434261e-23	4.052329785e-37	0	0
13	97.89364647	2.072761109	0.033591915	5.11178766e-07	1.062486061e-18	7.542990358e-35	0	0
14	97.69180829	2.231183617	0.07697160196	3.648727537e-05	2.068644688e-12	2.874287855e-31	0	0
15	97.21748793	2.619400556	0.1620781442	0.001033373021	5.729043101e-10	5.474998636e-28	0	0
16	96.46727111	3.19991945	0.3253338988	0.007475514356	3.093312808e-08	3.880994562e-25	6.762147049e-47	0
17	96.40191308	3.091939879	0.4859425378	0.02020345993	1.043252782e-06	2.999070033e-20	3.447313837e-44	0
18	96.40084127	2.946233456	0.6183748261	0.03454449191	5.95236829e-06	1.002905311e-18	3.689151967e-43	0
19	96.39304295	2.709467866	0.8372426495	0.06020235474	4.417589411e-05	3.715072507e-17	4.065830375e-42	0
20	96.34844218	0.5104881343	0.8660079781	0.1071889681	0.0002984495018	2.123506499e-15	6.325105807e-41	0
21	88.98432919	7.50335976	0.7461341392	0.2755683521	0.004979421285	4.401653379e-11	8.088329063e-35	0
22	80.02269673	12.8040943	0.02008372502	0.2513808406	0.02916687339	5.941542415e-08	1.091915706e-28	0
23	78.44001234	9.537120333	0.01107764203	0.2038323422	0.07671065089	4.78031726e-06	5.312889912e-25	0
24	78.40539025	6.760500801	0.004433229594	0.1584516219	0.1220766371	1.951449819e-05	2.520870969e-23	0
25	78.39338608	5.22009657	0.0028756676	0.1092419441	0.1712527384	5.309092319e-05	6.214013257e-21	0
26	78.19793154	4.471166641	0.01257568376	0.0431356578	0.23718949	0.0002226256939	2.981764177e-18	0
27	74.27777595	7.629337177	0.140407251	0.002787743237	0.2761599348	0.001600095453	3.5372477e-15	6.375170036e-60
28	43.09296219	37.11216699	0.8759691396	3.570269267e-06	0.2618001065	0.01874409667	2.473205312e-11	4.199013303e-54
29	9.07236033	66.50302558	1.500468368	1.597579041e-10	0.09964091085	0.1809067716	9.081899415e-08	5.945751524e-45
30	7.456904926	63.26072078	0.4906395911	1.725561993e-13	0.02754351745	0.2530017186	2.537389371e-06	9.283459089e-40
31	6.089386315	60.34491901	1.213378652	9.551477822e-10	0.004799148193	0.2757090211	3.960415495e-05	3.467634503e-36
32	6.025584977	55.43801122	3.294819285	4.958454348e-05	0.002000855894	0.2784211751	0.0001257424254	2.104026496e-34
33	4.260042444	44.9093621	12.47052865	0.01028612233	0.000188449593	0.2792419022	0.001117421687	8.760607248e-29
34	0.5825614696	24.94705186	30.4287242	0.1690750982	6.57043856e-06	0.2648465743	0.01570046081	2.14779275e-22
35	0.004824639771	8.62916655	38.31840122	3.5165748	0.01312484747	0.1475004379	0.133047547	6.049252538e-17
36	8.652918579e-05	5.647561951	25.44655318	16.84694561	0.3214520077	0.03456895305	0.2467309136	2.043652282e-13
37	7.6909588e-05	4.475154031	16.98148528	24.97972812	1.316205221	0.01871269532	0.2645888806	1.813385052e-12
38	5.320941427e-05	2.667876072	9.724718112	31.57469258	3.579263658	0.01241019358	0.2756138492	2.406377188e-11
39	1.338314329e-05	0.8438567605	6.089779447	28.78158048	11.7100575	0.06586453205	0.2798892896	7.515363964e-10
40	1.283621734e-06	0.1390749313	4.528104927	17.63504457	24.71068604	0.4572260533	0.2805114266	2.968187416e-08
41	2.467845574e-07	0.01048492128	2.471048033	8.550030218	32.72715476	3.70226755	0.2807303679	1.019536558e-06
42	5.252641439e-06	0.0003467362415	0.7343956458	5.220228137	27.05208656	14.44943957	0.2827094808	2.33471942e-05
43	0.0001219862119	3.725509171e-05	0.1460325289	3.58738053	17.29196601	26.41152566	0.3018473242	0.0001993482886
44	0.001118727642	1.737961692e-05	0.04767932868	2.665073936	14.65706029	30.0413488	0.3273376822	0.0003623350029
45	0.00293040253	4.998332256e-06	0.006734973763	1.397558348	10.06807631	35.79525027	0.4697489585	0.001251800543
46	0.009189405124	4.604256338e-07	0.0002394032144	0.2960210391	5.275679586	39.90102813	2.256492826	0.007495628612
47	0.04666754476	2.710355661e-08	1.488393349e-05	0.02461907506	2.133465744	35.25099236	10.2938679	0.02479459786
48	0.1706405152	2.424349984e-08	3.748471255e-06	0.003553805398	0.9926336514	27.86511896	18.81076455	0.03447119434
49	0.3429964731	3.642642561e-08	1.013947235e-06	0.0006310583447	0.5458678879	22.22008306	24.87900158	0.03698042252
50	0.5278985251	9.670513477e-08	1.853277429e-07	8.044072844e-05	0.2344903459	15.9139426	31.46179797	0.04347572254
51	0.7451963258	8.090701418e-05	9.551175852e-09	4.797365654e-06	0.0199625145	7.603372873	39.92132376	0.06218374285
52	1.050018419	0.006177491415	1.654944108e-08	3.231002851e-07	0.0001965183826	2.530943697	44.9580362	0.04853198506
53	1.278922982	0.01993044834	1.129760159e-06	4.295092959e-08	1.900864031e-05	0.9876484021	46.48080509	0.02370972849
54	1.178708996	0.23856834	0.0001226070707	1.867627216e-08	1.528196649e-06	0.2183083988	47.19764669	0.04842626355
55	1.032822799	0.6240754396	0.002600228942	2.56426604e-06	1.022299573e-07	0.0321676	47.06153329	0.2973259584
56	2.136910113	0.9882807437	0.02069986227	0.0001781461165	3.47782779e-07	0.001430832789	45.03076612	1.766516284
57	10.92994133	0.9622426632	0.0850891826	0.00129160671	3.382140363e-06	0.0002765040876	43.05262643	2.365702742
58	22.75587629	0.8832959115	0.1640898917	0.003431228365	2.36804362e-05	0.0001171401502	41.70185028	2.523034923
59	35.34887225	0.7406812295	0.3203681772	0.01119307269	9.764708195e-05	2.589102706e-05	38.93686948	3.469250113
60	52.46297071	0.6220740205	0.6098960737	0.05851952216	0.001064475651	2.150262919e-06	31.03734409	7.507918441
61	88.50966628	0.4988807347	0.7231525921	0.2091968334	0.009092104981	6.773990775e-05	22.47740403	8.457963789
62	128.2897377	0.7037214565	0.5337086871	0.4609682656	0.04997476067	0.0009107249484	14.25872161	7.999798428
63	165.8655975	1.294882922	0.3338906725	0.6219857092	0.1587028489	0.005543222414	9.035266646	5.738881973
64	194.1315348	1.273933292	0.2873536245	0.6518834416	0.2527587464	0.009444553235	7.373196502	3.878677831
65	213.1592187	1.495701831	0.309049378	0.5758264774	0.4079669652	0.02169711259	5.376082666	2.737646538
66	222.1376293	6.026279903	0.4038706774	0.3978549887	0.6230695921	0.06741068179	3.011450255	2.558818468
67	234.6452914	6.163225086	0.495466748	0.3227928602	0.7230407971	0.09949153962	2.347005623	1.715847312
68	242.2587052	6.861367386	0.6703560225	0.2947171339	0.7794434391	0.1636326614	1.65888923	1.05036601
69	241.1279467	12.83407405	0.9339957827	0.3426026398	0.6874697704	0.3527922096	0.9230646973	0.8829474714
70	229.3948981	28.07437402	1.619718484	0.4624172326	0.5064599741	0.6309265761	0.4220704011	0.5642800993
71	230.8808576	27.76362266	3.037443318	0.6058012004	0.4590020869	0.7571728933	0.2885313616	0.3221153668
72	230.1815741	28.12540976	4.667630139	0.8119005647	0.4345091501	0.8788428762	0.1940309422	0.1676336977
73	201.2436351	54.54984327	7.125650823	1.453907037	0.5047330906	0.9904704466	0.1387529075	0.116578542
74	107.1509056	135.2046199	18.04057631	3.887697565	0.8551707259	0.9739153638	0.4119641162	0.03893823506
75	11.12812514	219.0950629	25.22283611	7.2594062	2.030832042	1.00657932	0.853442223	0.005864917102
76	0.9855351024	195.3346435	47.31161771	15.71105938	4.314879559	1.618519861	1.12122387	0.0007702010272
77	0.2183952978	111.2223997	117.3087274	23.10785879	8.702368654	3.581615971	1.462776675	0.0003630789097
78	0.07498201717	35.9490478	158.4829267	41.72603117	15.92725131	6.722801196	1.882482751	0.00188633025
79	0.06535522222	9.976173778	134.5137446	74.80809212	21.25437065	9.130512475	2.253818456	0.004441246479
80	0.08418503324	3.345608831	98.41374134	101.950466	28.48317051	10.82152426	2.574234602	0.007032790379
81	0.1111543821	0.9156002478	55.26720923	126.6870312	41.96127489	14.1852566	3.147793383	0.01466899671
82	0.1766366399	0.3004788355	22.89213874	129.1845249	66.33792633	18.42751706	3.917919845	0.02751127363
83	0.3082683402	0.1192663067	7.33354407	105.0558982	99.98907403	23.46580763	4.876654232	0.04500381521
84	0.5288528353	0.05581850051	2.204854157	69.13231513	132.1648385	31.11154445	6.101297265	0.06599248021
85	0.8524092068	0.03759653044	0.5874580593	32.99489661	151.499515	47.61467207	7.952256856	0.1007672611
86	1.341777786	0.03837294422	0.1157924328	6.132256769	109.1349227	112.0559025	13.0010176	0.2033222979
87	2.354226726	0.03151545947	0.03554340308	0.8341997704	35.73100516	181.1693878	22.40342354	0.2520901355
88	3.472859045	0.1643520155	0.02362829589	0.1562846088	7.460870497	188.9200069	43.33255608	0.2641334381
89	3.985446849	0.9600713698	0.02386242626	0.03877385581	1.008938881	137.4826159	101.0110601	0.3030206769
90	4.294865244	2.145908295	0.03290934955	0.02118576598	0.1243620493	51.41119902	187.4061048	0.4911049389
91	5.142506164	3.554119602	0.21923701	0.02160576883	0.03064239913	10.27464429	227.5274396	0.9431179349
92	8.278928962	4.353844567	0.9640301024	0.04485923627	0.0194495066	1.36384464	234.1883892	1.910047212
93	15.97895735	4.986778551	1.946717464	0.2599675219	0.02592523524	0.1795947324	230.6949272	3.905929656
94	32.19105184	6.713433326	2.741359621	0.9333148496	0.1002227606	0.05078815033	220.4726654	8.630567228
95	67.03889651	11.04525284	3.163907652	1.746051342	0.4085046255	0.07015317054	197.0762628	19.89812381
96	135.4350381	12.5366778	3.355589554	2.308877913	0.8690129307	0.1238448583	173.1433001	25.15788662
97	208.3364515	16.75918235	4.1508213	2.73746453	1.521481506	0.3324228662	134.4680205	37.4458338
98	280.2594735	31.76266552	6.76791397	2.970943744	2.221582338	1.017851784	78.13429408	48.56025558
99	303.1147202	101.1244338	9.639025181	3.831982046	2.561488464	2.316444865	31.16248761	38.52025358
100	242.2332701	244.0243562	14.98824849	6.267100677	2.96542596	3.567428694	8.934690378	18.22627857
101	192.3646109	318.6864553	51.14211658	9.347033767	4.696759501	4.396915768	3.113717908	5.260542777
102	135.2259709	309.212514	129.0083564	18.48378986	6.901414567	5.64874966	3.608148765	0.8222932645
103	116.1159223	243.5273129	187.8976715	38.98784439	9.369665436	6.66383852	4.355917834	0.2069974204
104	105.06493	188.6621238	204.0323243	71.41299402	14.62154751	7.94179487	5.063509388	0.0707051461
105	98.64178804	142.4101897	194.9357412	109.9016024	22.96839312	9.164023949	5.712031959	0.03507245691
106	93.18375613	100.631303	175.014493	145.8738896	39.53755437	10.6689601	6.439081261	0.02386077825
107	65.16609146	75.8126957	148.0615113	165.7467946	81.55934243	16.59945253	8.094814815	0.03709660588
108	29.63392516	82.37706032	101.5647195	148.2206173	137.7437575	43.10218349	10.7565237	0.09547463087
109	24.50816354	77.90691867	65.7194363	134.4885495	163.2310192	71.51989006	12.58269947	0.1308631636
110	20.17120231	73.10447454	42.19276357	117.021856	174.7548187	106.6853895	14.85334889	0.1984844004
111	4.937916653	59.89429287	45.69130304	72.84379619	147.3412831	193.0047708	24.79159156	0.4938904921
112	4.756950135	31.79084525	60.18345848	37.83540658	100.4611067	257.9815155	56.19478589	0.7871047123
113	7.302004105	19.48408518	43.89192554	39.95496041	54.78146469	248.1909346	136.5916951	1.140942512
114	10.78425298	7.480831298	27.48390012	47.40950637	34.02402442	172.7486627	253.2228728	1.489722632
115	14.51589488	7.105392229	16.45290708	32.86219598	39.03703555	101.6752566	346.0574378	2.019009554
116	20.31563808	9.798865187	6.297393481	22.17271731	38.46164193	72.78102349	394.3582419	2.934640652
117	30.61487155	12.18776952	4.097114636	14.17319592	28.62941685	66.02215285	417.0653887	5.357076255
118	53.36271787	13.36619024	4.978623243	6.809610019	21.76880649	64.96724498	423.1142984	10.29874435
119	99.38785193	12.06554419	6.006349679	4.68461539	18.80684236	61.90703862	421.6248027	12.69403996
120	153.0345062	10.56242954	7.024616293	4.059349963	15.3412213	57.89784677	416.1430573	17.40136233
121	215.396991	11.00553012	8.122070547	4.786903741	8.946502224	50.26964745	398.9011995	32.33364786
122	287.1666412	21.80530152	8.766809673	6.054094779	4.071349936	33.13636515	346.5974691	62.72728305
123	275.2362252	133.9948816	6.872308436	7.04753876	4.818174469	17.45355156	264.7172911	78.14901468
124	252.315555	256.8498894	9.806778459	7.250491917	5.813835809	10.23357648	199.0172297	63.38269464
125	271.7632774	307.1630033	40.20734823	6.219727375	6.494034603	8.489314125	149.708607	46.06355183
126	264.980544	306.7508655	133.7750651	11.90045172	6.224499245	9.772247879	112.7787261	32.37245915
127	234.3347865	299.6397693	213.1413111	47.48051997	7.550144524	10.66850919	86.61523352	23.7126973
128	202.790135	307.7688824	206.6225247	122.4649642	24.34360638	11.50127854	64.63253575	20.75655511
129	185.4778584	291.7245186	195.0653572	170.1224881	70.69399987	21.21902857	47.35319195	17.4179345
130	171.3126844	258.2847607	206.9134791	163.7192507	128.7122265	58.6391368	35.61321406	13.12897519
131	146.6521424	227.432917	204.0949932	158.0892663	149.860202	136.8558679	35.40302531	8.586899466
132	120.0545485	207.4808729	180.6359595	165.6901953	144.0018298	206.8791383	59.59097982	4.510750596
133	93.66443291	184.1719734	157.0940675	163.9085642	146.2318299	241.5520435	109.5671823	2.977155111
134	57.38539398	154.718429	144.6309144	141.6044835	149.159416	248.3886292	205.4398985	3.271168601
135	38.51081949	121.5585294	131.8296333	123.6765084	135.812588	246.6248832	310.4921061	3.534900889
136	37.91833785	85.86936881	110.1932777	115.1703939	117.8452172	241.810171	407.6540538	4.590273163
137	54.25805624	60.33232	91.93325242	110.6083496	116.3928695	234.9308725	462.3983353	5.649310885
138	74.84443903	41.9348253	74.86508556	100.2180441	117.1557599	221.9914466	515.6333168	9.788049331
139	109.6626595	33.2634608	55.47351226	83.66409816	109.6454094	212.7679243	565.0484331	19.00676744
140	161.6116188	38.53168999	36.2336633	65.33184116	92.29097101	203.4758096	600.3908437	34.84232999
141	196.479902	82.45064238	23.10251279	44.55640823	68.90801432	185.6857064	610.5719546	58.84685485
142	217.7223564	148.4869983	23.61328569	27.46325349	48.90633548	151.1744032	599.9448256	74.63420386
143	230.1359759	206.9011626	46.96801481	19.17654915	31.36802982	109.5010871	567.9181798	83.1863104
144	235.7110969	238.6204947	97.10469418	25.87947275	20.31680385	73.34277333	514.4506697	84.29527213
145	238.2709129	256.2297583	141.2138319	52.3665769	20.56636486	48.34155057	447.5311604	80.97684181
146	238.8261957	267.3054675	163.5131615	92.0938827	36.43621934	36.50813752	373.2454401	76.11487061
147	238.2338329	273.8037158	175.4455096	121.6640541	66.45222011	44.24806042	298.7297419	70.03183052
148	241.9603137	276.840868	181.7542799	137.1537495	95.39898453	73.6614672	234.659418	61.78937729
149	255.5759114	274.060442	182.8510655	146.9046857	115.1838954	113.4113504	190.9721923	50.8559232
150	269.4942662	268.866107	182.9532898	152.6322333	128.1269591	154.1875909	168.9421137	41.13214411
151	267.3761441	271.8355572	183.8108895	153.5174622	135.7506269	190.611147	171.8831906	33.28092259
152	245.9213128	288.6077064	181.7284495	152.9830834	138.2438279	216.7853477	203.1777476	25.37625848
153	216.6064172	303.2946239	179.9377869	152.8398251	137.6493631	231.2509551	258.4261906	18.51422366
154	183.6704913	297.261851	190.1398517	150.0968089	136.5233303	235.3752924	333.1252755	14.4437679
155	153.487604	270.1710996	206.2083062	150.1813226	135.0157057	233.5317322	414.1822757	14.30485518
156	135.951955	228.9956285	209.1271348	159.3316792	134.9186666	227.0838285	492.2323559	21.6141665
157	145.8006083	188.7184287	192.2921902	168.5383811	140.8937667	221.1753362	550.0579463	36.12181765
158	175.737439	162.0973736	164.5384587	165.1586152	149.6104328	223.0499491	580.6306539	53.45771134
159	212.3436548	162.7649877	135.5267595	153.1179468	150.4446363	237.1770493	590.6074616	60.96961934
160	231.677648	186.5832993	114.2573245	130.7925515	142.3474691	249.5768856	593.002529	72.40427211
161	238.9509693	226.1830627	109.0240877	108.0379977	126.6670306	249.9226075	598.5137572	74.67020795
162	240.7384896	257.3912693	122.5149512	93.94067217	106.1470347	233.7843513	607.7772285	76.86302222
163	243.3070749	274.7106495	147.7026746	93.70529067	89.81409722	207.6924084	615.5918943	74.32623578
164	245.3024501	280.1001342	172.3156795	107.4934287	83.43107642	178.3802327	616.7749865	72.69820253
165	242.54673	283.1277795	187.1632402	128.2494067	89.7115535	154.0244672	605.6648314	73.81449751
166	240.7410414	285.3805519	192.2543148	146.3972666	105.337999	146.9513056	579.9713288	74.59703512
167	239.2298001	283.7045012	195.0792737	155.8931145	123.2642895	158.515595	539.0399059	79.93304432
168	239.8820152	281.7652871	196.7808294	159.4915451	135.2996927	183.003088	495.9872341	81.81660993
169	241.645471	279.4983906	196.5830963	161.7365306	140.7650876	208.7137167	462.5805567	80.5676713
170	242.3879129	279.8446837	194.522353	162.7948325	143.2951575	226.8385242	449.0940753	74.49067936
171	239.9971641	280.4632283	193.6849762	162.0038259	144.9803043	235.7014934	457.7133699	66.35200841
172	241.1961126	281.8546464	192.0199585	161.5655431	145.0018478	241.8332833	482.3825053	55.21206386
173	242.3852449	280.7468549	190.6761791	161.8502218	144.5837782	246.3928784	515.2717471	49.19759578
174	237.5595453	281.1007419	191.4985809	160.3493701	144.3718041	247.9883346	552.2341636	48.95488485
175	236.4387601	280.8774373	191.217631	160.0632916	144.3668744	248.2294513	585.3725065	51.26560294
176	247.0752026	275.4500354	188.7192432	161.7885183	144.9159441	249.2318481	609.5942577	54.88019174
177	242.9221059	272.9112213	191.3594145	159.4302437	144.2001069	247.2987318	628.4771787	67.45554163
178	234.951659	280.3102525	192.2405331	157.024735	143.2765544	244.1120533	640.101346	73.80036705
179	235.8645993	283.2366339	187.9932327	159.2439375	140.981981	241.9910177	645.0337784	77.53874809
180	242.2443393	279.5524593	190.0237275	159.2803476	140.8904985	241.0233851	645.7937654	78.20733102
181	243.4601805	275.7939016	196.2503579	156.6644729	142.1033888	238.8107753	643.6364951	81.65080263
182	247.1223744	279.4900784	193.0065049	159.9770111	140.9750533	239.6121971	640.7575259	79.66551559
183	255.2715189	281.9131342	187.2989279	164.5124229	141.402358	241.6897735	637.0966058	77.8613849
184	261.4261287	284.3982676	187.6987913	161.7252445	145.2287592	243.2126909	634.0674184	77.60060804
185	265.7060949	288.5129328	190.3937033	158.3027232	147.1142506	245.8035294	632.9719736	76.29695565
186	312.5238939	270.0944277	187.4573299	162.0029997	152.3705344	249.5741882	632.6008554	63.03888051
187	355.8366816	250.8435495	184.858501	166.662198	156.9422673	253.6579615	632.7562646	62.26737055
188	368.0868126	248.7895034	188.356804	163.2011343	155.0261325	262.2242592	635.1565278	70.00521608
189	388.9719837	260.8492767	178.9170147	160.8151911	158.0511588	268.0613034	638.9741805	63.80846417
190	347.1346383	335.0376534	159.055569	162.4223768	154.127887	271.938402	645.789422	69.36754863
191	309.2152796	384.2179476	165.8785336	150.4803024	146.4335974	271.8038431	657.9962465	75.10582722
192	273.3229564	415.5900075	197.5351434	135.5747701	142.2011732	264.56054	670.5150065	74.60383017
193	258.805527	382.2433573	253.7968965	145.172265	128.7035211	253.7135511	682.109062	77.95550981
194	258.0898329	344.8922533	280.9206648	175.0331902	124.5945769	239.4257111	689.4189901	76.78353516
195	255.4937068	313.0996136	271.0652259	217.8479984	141.4104935	224.4492444	689.7345962	79.95360597
196	251.7485209	302.7608145	243.6835759	231.9341007	174.122295	224.6273697	681.12266	83.04589408
197	249.6855963	300.1307417	217.6714771	220.6700059	200.9781388	253.4372417	662.2792904	85.84053126
198	250.417632	296.8435941	208.1010706	197.8948085	201.9728276	299.1989246	644.0930884	87.77386232
199	255.3641566	293.3017076	205.2958564	180.880084	188.1176818	332.2110544	642.2744072	85.86315934
200	261.9836567	290.8485396	202.5847864	175.1525813	170.832507	338.3022112	661.0843108	83.0717167
