  1  1  0.1
  1  2  0.1
  1  3 -0.0
  1  4 -0.1
  1  5 -0.1
  1  6 -0.2
  1  7 -0.2
  1  8 -0.3
  1  9 -0.3
  1 10 -0.4
  1 11 -0.4
  1 12 -0.4
  1 13 -0.5
  1 14 -0.5
  1 15 -0.6
  1 16 -0.6
  1 17 -0.6
  1 18 -0.6
  1 19 -0.7
  1 20 -0.7
  1 21 -0.7
  1 22 -0.7
  1 23 -0.7
  1 24 -0.8
  1 25 -0.8
  1 26 -0.8
  1 27 -0.8
  1 28 -0.8
  1 29 -0.8
  1 30 -0.8
  1 31 -0.8
  2  1 -0.8
  2  2 -0.8
  2  3 -0.7
  2  4 -0.7
  2  5 -0.7
  2  6 -0.7
  2  7 -0.7
  2  8 -0.6
  2  9 -0.6
  2 10 -0.6
  2 11 -0.6
  2 12 -0.5
  2 13 -0.5
  2 14 -0.4
  2 15 -0.4
  2 16 -0.4
  2 17 -0.3
  2 18 -0.3
  2 19 -0.2
  2 20 -0.2
  2 21 -0.1
  2 22 -0.0
  2 23  0.0
  2 24  0.1
  2 25  0.2
  2 26  0.2
  2 27  0.3
  2 28  0.4
  3  1  0.5
  3  2  0.5
  3  3  0.6
  3  4  0.7
  3  5  0.8
  3  6  0.9
  3  7  1.0
  3  8  1.1
  3  9  1.1
  3 10  1.2
  3 11  1.3
  3 12  1.4
  3 13  1.5
  3 14  1.7
  3 15  1.8
  3 16  1.9
  3 17  2.0
  3 18  2.1
  3 19  2.2
  3 20  2.3
  3 21  2.4
  3 22  2.6
  3 23  2.7
  3 24  2.8
  3 25  2.9
  3 26  3.1
  3 27  3.2
  3 28  3.3
  3 29  3.5
  3 30  3.6
  3 31  3.7
  4  1  3.9
  4  2  4.0
  4  3  4.1
  4  4  4.3
  4  5  4.4
  4  6  4.6
  4  7  4.7
  4  8  4.9
  4  9  5.0
  4 10  5.2
  4 11  5.3
  4 12  5.5
  4 13  5.6
  4 14  5.8
  4 15  5.9
  4 16  6.1
  4 17  6.2
  4 18  6.4
  4 19  6.5
  4 20  6.7
  4 21  6.8
  4 22  7.0
  4 23  7.1
  4 24  7.3
  4 25  7.5
  4 26  7.6
  4 27  7.8
  4 28  7.9
  4 29  8.1
  4 30  8.2
  5  1  8.4
  5  2  8.5
  5  3  8.7
  5  4  8.9
  5  5  9.0
  5  6  9.2
  5  7  9.3
  5  8  9.5
  5  9  9.6
  5 10  9.8
  5 11  9.9
  5 12 10.1
  5 13 10.2
  5 14 10.4
  5 15 10.5
  5 16 10.7
  5 17 10.8
  5 18 11.0
  5 19 11.1
  5 20 11.3
  5 21 11.4
  5 22 11.6
  5 23 11.7
  5 24 11.8
  5 25 12.0
  5 26 12.1
  5 27 12.3
  5 28 12.4
  5 29 12.5
  5 30 12.7
  5 31 12.8
  6  1 12.9
  6  2 13.0
  6  3 13.2
  6  4 13.3
  6  5 13.4
  6  6 13.5
  6  7 13.6
  6  8 13.8
  6  9 13.9
  6 10 14.0
  6 11 14.1
  6 12 14.2
  6 13 14.3
  6 14 14.4
  6 15 14.5
  6 16 14.6
  6 17 14.7
  6 18 14.8
  6 19 14.9
  6 20 15.0
  6 21 15.1
  6 22 15.2
  6 23 15.2
  6 24 15.3
  6 25 15.4
  6 26 15.5
  6 27 15.5
  6 28 15.6
  6 29 15.7
  6 30 15.7
  7  1 15.8
  7  2 15.9
  7  3 15.9
  7  4 16.0
  7  5 16.0
  7  6 16.1
  7  7 16.1
  7  8 16.2
  7  9 16.2
  7 10 16.2
  7 11 16.3
  7 12 16.3
  7 13 16.3
  7 14 16.4
  7 15 16.4
  7 16 16.4
  7 17 16.4
  7 18 16.4
  7 19 16.5
  7 20 16.5
  7 21 16.5
  7 22 16.5
  7 23 16.5
  7 24 16.5
  7 25 16.5
  7 26 16.5
  7 27 16.5
  7 28 16.5
  7 29 16.5
  7 30 16.4
  7 31 16.4
  8  1 16.4
  8  2 16.4
  8  3 16.3
  8  4 16.3
  8  5 16.3
  8  6 16.3
  8  7 16.2
  8  8 16.2
  8  9 16.1
  8 10 16.1
  8 11 16.1
  8 12 16.0
  8 13 16.0
  8 14 15.9
  8 15 15.8
  8 16 15.8
  8 17 15.7
  8 18 15.7
  8 19 15.6
  8 20 15.5
  8 21 15.5
  8 22 15.4
  8 23 15.3
  8 24 15.2
  8 25 15.2
  8 26 15.1
  8 27 15.0
  8 28 14.9
  8 29 14.8
  8 30 14.7
  8 31 14.7
  9  1 14.6
  9  2 14.5
  9  3 14.4
  9  4 14.3
  9  5 14.2
  9  6 14.1
  9  7 14.0
  9  8 13.9
  9  9 13.8
  9 10 13.7
  9 11 13.6
  9 12 13.4
  9 13 13.3
  9 14 13.2
  9 15 13.1
  9 16 13.0
  9 17 12.9
  9 18 12.8
  9 19 12.6
  9 20 12.5
  9 21 12.4
  9 22 12.3
  9 23 12.2
  9 24 12.0
  9 25 11.9
  9 26 11.8
  9 27 11.6
  9 28 11.5
  9 29 11.4
  9 30 11.3
 10  1 11.1
 10  2 11.0
 10  3 10.9
 10  4 10.7
 10  5 10.6
 10  6 10.5
 10  7 10.3
 10  8 10.2
 10  9 10.0
 10 10  9.9
 10 11  9.8
 10 12  9.6
 10 13  9.5
 10 14  9.4
 10 15  9.2
 10 16  9.1
 10 17  8.9
 10 18  8.8
 10 19  8.7
 10 20  8.5
 10 21  8.4
 10 22  8.2
 10 23  8.1
 10 24  8.0
 10 25  7.8
 10 26  7.7
 10 27  7.5
 10 28  7.4
 10 29  7.3
 10 30  7.1
 10 31  7.0
 11  1  6.8
 11  2  6.7
 11  3  6.6
 11  4  6.4
 11  5  6.3
 11  6  6.2
 11  7  6.0
 11  8  5.9
 11  9  5.7
 11 10  5.6
 11 11  5.5
 11 12  5.3
 11 13  5.2
 11 14  5.1
 11 15  4.9
 11 16  4.8
 11 17  4.7
 11 18  4.5
 11 19  4.4
 11 20  4.3
 11 21  4.2
 11 22  4.0
 11 23  3.9
 11 24  3.8
 11 25  3.7
 11 26  3.5
 11 27  3.4
 11 28  3.3
 11 29  3.2
 11 30  3.1
 12  1  3.0
 12  2  2.8
 12  3  2.7
 12  4  2.6
 12  5  2.5
 12  6  2.4
 12  7  2.3
 12  8  2.2
 12  9  2.1
 12 10  2.0
 12 11  1.9
 12 12  1.8
 12 13  1.7
 12 14  1.6
 12 15  1.5
 12 16  1.4
 12 17  1.3
 12 18  1.2
 12 19  1.1
 12 20  1.0
 12 21  0.9
 12 22  0.9
 12 23  0.8
 12 24  0.7
 12 25  0.6
 12 26  0.5
 12 27  0.5
 12 28  0.4
 12 29  0.3
 12 30  0.3
 12 31  0.2

