date	smin	smax	smean	tmean
01/01/2009 	18.608532  	19.25570   	19.121352  	 1.83556096
02/01/2009 	18.461992  	19.16566   	18.840278  	 1.87887035
03/01/2009 	15.343626  	18.94923   	17.844575  	 1.57713537
04/01/2009 	11.061519  	17.65315   	15.141515  	 1.64288396
05/01/2009 	15.410990  	17.92894   	17.411816  	 1.50226193
06/01/2009 	17.667913  	20.45261   	19.550928  	 0.91961264
07/01/2009 	19.362411  	19.98917   	19.693203  	 0.67907716
08/01/2009 	19.180424  	19.90769   	19.695662  	 0.72172835
09/01/2009 	18.559505  	20.05527   	18.958497  	 0.34007205
10/01/2009 	19.835514  	20.13383   	19.982579  	 0.28408680
11/01/2009 	19.098291  	20.65399   	19.977315  	-0.07100989
12/01/2009 	16.093496  	21.18862   	19.585357  	 0.11748772
13/01/2009 	21.204641  	22.54906   	21.952407  	 1.25349722
14/01/2009 	22.041479  	23.37883   	22.911486  	 1.68139266
15/01/2009 	22.069269  	22.77922   	22.476680  	 1.54661527
16/01/2009 	22.537140  	22.97397   	22.866190  	 1.52594293
17/01/2009 	21.426445  	23.18710   	22.863751  	 1.79597553
18/01/2009 	16.802612  	22.28942   	21.402964  	 2.52702098
19/01/2009 	19.070473  	23.87753   	23.053639  	 2.84097021
20/01/2009 	22.317497  	25.72110   	23.551432  	 3.03408744
21/01/2009 	25.528585  	26.31057   	25.913094  	 2.85737248
22/01/2009 	25.334929  	26.25916   	25.628122  	 2.59405186
23/01/2009 	25.401411  	27.49936   	26.833896  	 2.71611675
24/01/2009 	22.652878  	27.03424   	24.441490  	 3.00702187
25/01/2009 	24.632380  	26.00445   	25.399884  	 2.87772937
26/01/2009 	25.843967  	26.39185   	26.110434  	 2.60725613
27/01/2009 	26.126783  	26.41859   	26.315585  	 2.27534876
28/01/2009 	25.839813  	26.44363   	26.190115  	 2.01714785
29/01/2009 	25.865145  	26.34612   	26.193211  	 1.76929226
30/01/2009 	25.672857  	26.33150   	26.061322  	 1.47101257
31/01/2009 	24.411581  	25.78740   	24.991206  	 1.02593094
01/02/2009 	23.709286  	24.38923   	24.048564  	 0.57694226
02/02/2009 	23.662207  	23.85161   	23.746859  	 0.30953358
03/02/2009 	23.580938  	23.74386   	23.657851  	 0.49370765
04/02/2009 	23.544369  	23.62963   	23.574618  	 0.63074168
05/02/2009 	23.581882  	23.72749   	23.623660  	 0.76285398
06/02/2009 	23.264294  	23.71317   	23.467272  	 1.06525660
07/02/2009 	21.917881  	23.53503   	22.767873  	 1.27627903
08/02/2009 	17.370325  	23.05717   	21.037619  	 1.22729316
09/02/2009 	20.266365  	21.54769   	20.889733  	 1.34392026
10/02/2009 	21.441309  	21.84284   	21.610702  	 1.42214705
11/02/2009 	20.799564  	21.82221   	21.614592  	 1.60768682
12/02/2009 	19.927223  	21.52462   	20.863219  	 1.72677454
13/02/2009 	17.935503  	20.77255   	19.232513  	 1.79611818
14/02/2009 	18.451563  	19.56083   	19.088452  	 1.67470607
15/02/2009 	14.846568  	19.05878   	17.760112  	 1.75635122
16/02/2009 	10.156079  	17.56983   	16.103299  	 2.24739171
17/02/2009 	12.220242  	20.55455   	16.951895  	 2.57302312
18/02/2009 	19.250605  	20.41430   	19.592612  	 2.42102905
19/02/2009 	15.630980  	19.44907   	18.038148  	 2.39588397
20/02/2009 	11.782159  	16.75272   	14.691530  	 2.71091554
21/02/2009 	13.123689  	16.06598   	14.829080  	 2.92881497
22/02/2009 	10.077388  	14.81015   	12.052060  	 3.30651803
23/02/2009 	11.114269  	14.18236   	13.038195  	 3.67136723
24/02/2009 	13.498624  	15.90733   	14.290292  	 3.69088119
25/02/2009 	11.276515  	16.54532   	13.908720  	 3.90077180
26/02/2009 	 6.049795  	14.70769   	10.516193  	 4.31286089
27/02/2009 	10.546878  	13.55369   	12.054210  	 4.59021911
28/02/2009 	11.733922  	14.15854   	13.263494  	 4.80902520
01/03/2009 	13.514976  	16.42069   	15.982873  	 4.78110505
02/03/2009 	14.072294  	16.75336   	15.911919  	 4.84930143
03/03/2009 	14.948009  	18.22446   	16.655706  	 4.95976776
04/03/2009 	18.146721  	19.89887   	18.751165  	 4.89635936
05/03/2009 	18.570362  	19.56281   	19.212155  	 4.81711588
06/03/2009 	17.532686  	19.16804   	18.772332  	 4.80802412
07/03/2009 	14.535773  	18.77454   	17.296370  	 4.64604415
08/03/2009 	13.279322  	16.85375   	16.046871  	 5.08673818
09/03/2009 	10.024699  	16.34001   	13.148910  	 5.11149950
10/03/2009 	13.191725  	15.59900   	14.659739  	 5.07978711
11/03/2009 	15.449788  	16.74755   	16.109383  	 5.11383405
12/03/2009 	12.378893  	16.64577   	15.572594  	 5.44856547
13/03/2009 	13.562133  	16.35081   	15.608425  	 5.51421955
14/03/2009 	11.630024  	16.98726   	15.945171  	 5.66266562
15/03/2009 	 8.805455  	15.25099   	13.115173  	 5.87850864
16/03/2009 	12.781878  	16.14809   	14.966755  	 5.90741654
17/03/2009 	14.053703  	15.85903   	15.198211  	 6.17790096
18/03/2009 	13.968444  	15.68633   	15.102718  	 6.17507892
19/03/2009 	13.957849  	15.32405   	14.771262  	 6.32885906
20/03/2009 	15.120938  	15.54621   	15.326565  	 6.31393919
21/03/2009 	12.393270  	15.15492   	13.991606  	 6.36808263
22/03/2009 	 9.663106  	12.95103   	11.645829  	 6.58398539
23/03/2009 	 1.509556  	12.37493   	 7.357541  	 6.94656791
24/03/2009 	 5.588482  	10.82358   	 8.395686  	 6.88026123
25/03/2009 	 8.512879  	14.12863   	10.804651  	 6.77073038
26/03/2009 	 8.964510  	14.85641   	11.889002  	 6.70235577
27/03/2009 	 7.796739  	13.24406   	10.334741  	 6.65921566
28/03/2009 	13.723324  	15.17791   	14.833582  	 6.59219849
29/03/2009 	14.706385  	15.81562   	15.528159  	 6.49136772
30/03/2009 	14.047462  	15.69662   	15.282861  	 6.47423034
31/03/2009 	14.138113  	16.12371   	15.195976  	 6.62547113
01/04/2009 	15.648377  	16.07590   	15.940014  	 6.91057423
02/04/2009 	15.846850  	15.99793   	15.890602  	 7.18353859
03/04/2009 	15.705655  	16.58337   	16.167401  	 7.57769843
04/04/2009 	16.205162  	17.25516   	16.698179  	 7.86046650
05/04/2009 	16.401705  	17.07810   	16.789484  	 8.22857723
06/04/2009 	17.009100  	18.42303   	17.549595  	 8.52563192
07/04/2009 	17.874229  	18.61636   	18.360662  	 8.84937843
08/04/2009 	17.796488  	18.71565   	18.358941  	 8.92005163
09/04/2009 	18.259266  	19.83309   	19.035204  	 8.84048418
10/04/2009 	19.576073  	19.90739   	19.727374  	 9.20403403
11/04/2009 	19.652081  	20.35135   	20.027541  	 9.51308322
12/04/2009 	20.138212  	20.31279   	20.230284  	 9.77224086
13/04/2009 	20.106749  	20.21070   	20.173072  	 9.94276079
14/04/2009 	19.763943  	20.21441   	20.060567  	10.10103335
15/04/2009 	19.950132  	20.13130   	20.090821  	10.40804023
16/04/2009 	19.970566  	20.11727   	20.094927  	10.81297853
17/04/2009 	19.982203  	20.36695   	20.208127  	10.94632862
18/04/2009 	20.097851  	20.38235   	20.226935  	10.81576318
19/04/2009 	20.155874  	20.39033   	20.231385  	11.11096925
20/04/2009 	19.519350  	20.44398   	20.057302  	11.72020286
21/04/2009 	19.792526  	20.57570   	20.211889  	12.26536191
22/04/2009 	20.400528  	20.71464   	20.580840  	12.40796220
23/04/2009 	20.619373  	20.72989   	20.694748  	12.45921622
24/04/2009 	20.301466  	20.61437   	20.475559  	12.81244067
25/04/2009 	20.321505  	21.22382   	20.794391  	12.73132108
26/04/2009 	21.150139  	21.58199   	21.426421  	12.85619177
27/04/2009 	21.254217  	21.54327   	21.439834  	12.91891434
28/04/2009 	21.362667  	22.48863   	21.872016  	12.79238965
29/04/2009 	22.000195  	22.43767   	22.235763  	12.73837946
30/04/2009 	22.126848  	22.27595   	22.218912  	12.93982712
01/05/2009 	22.003660  	22.37912   	22.228416  	13.35255675
02/05/2009 	19.478777  	22.12474   	21.432637  	13.55984437
03/05/2009 	19.340496  	21.75882   	21.069245  	13.50664999
04/05/2009 	16.070488  	20.67895   	18.463396  	12.99380376
05/05/2009 	12.402686  	18.05777   	15.064612  	12.65657485
06/05/2009 	12.782400  	18.86783   	15.166189  	12.73672599
07/05/2009 	17.111855  	18.80297   	17.956540  	12.95113351
08/05/2009 	14.100620  	18.97474   	17.686128  	13.02203123
09/05/2009 	16.575928  	19.68454   	18.486318  	12.89195697
10/05/2009 	19.665638  	20.49474   	20.166648  	13.15984863
11/05/2009 	20.506998  	20.82979   	20.640943  	13.06331531
12/05/2009 	20.836536  	21.02493   	20.919409  	12.97526417
13/05/2009 	20.777819  	22.78589   	21.640133  	13.00415752
14/05/2009 	22.078413  	23.32410   	22.698353  	12.97416635
15/05/2009 	23.152121  	23.88910   	23.475685  	13.06779053
16/05/2009 	23.685110  	24.19076   	23.990433  	13.17085379
17/05/2009 	23.789696  	24.26365   	24.044382  	13.45370865
18/05/2009 	22.760920  	24.50406   	23.768375  	13.52802098
19/05/2009 	21.874805  	23.59386   	22.771329  	13.69501597
20/05/2009 	20.878090  	22.50564   	21.629017  	13.94066379
21/05/2009 	22.144381  	23.49036   	23.112209  	14.21395812
22/05/2009 	21.905846  	23.50393   	22.605136  	14.59424678
23/05/2009 	21.913765  	22.85733   	22.474291  	14.99085267
24/05/2009 	22.575590  	23.40737   	23.034477  	15.64615875
25/05/2009 	23.368467  	23.69621   	23.592219  	16.07944274
26/05/2009 	22.952549  	23.69569   	23.541607  	16.45753868
27/05/2009 	14.269646  	23.64093   	20.331945  	15.77420493
28/05/2009 	14.847175  	21.17790   	18.863482  	15.58345324
29/05/2009 	20.943865  	22.12030   	21.380332  	16.00993770
30/05/2009 	21.856644  	23.10063   	22.815613  	16.20223584
31/05/2009 	22.859980  	23.10080   	22.995507  	16.52066100
01/06/2009 	22.428465  	22.92119   	22.738813  	17.02020582
02/06/2009 	22.162868  	22.65100   	22.417488  	16.98157068
03/06/2009 	20.819092  	22.30057   	21.885467  	16.28755597
04/06/2009 	19.855104  	21.88756   	20.963799  	15.39423672
05/06/2009 	19.745733  	21.69176   	20.215191  	15.03330594
06/06/2009 	21.494005  	22.79020   	22.097002  	14.79180564
07/06/2009 	22.670691  	25.37647   	23.917544  	14.56573407
08/06/2009 	23.511547  	25.13742   	24.523160  	14.86775080
09/06/2009 	24.935837  	25.37169   	25.244691  	15.21794512
10/06/2009 	25.302416  	25.74814   	25.556324  	15.42733236
11/06/2009 	25.601725  	25.79071   	25.659564  	15.44243803
12/06/2009 	23.355181  	25.83562   	24.831873  	15.35241890
13/06/2009 	23.614235  	24.96476   	24.255813  	15.51750090
14/06/2009 	22.934135  	24.11544   	23.730660  	16.09293234
15/06/2009 	23.351856  	23.96362   	23.530316  	16.77244687
16/06/2009 	23.483557  	23.91299   	23.725399  	16.72013823
17/06/2009 	23.741274  	23.85741   	23.767873  	16.94748104
18/06/2009 	23.726139  	23.92934   	23.794993  	17.16732419
19/06/2009 	22.168304  	23.95899   	23.517090  	17.13390803
20/06/2009 	21.781128  	23.80689   	22.879545  	16.82900278
21/06/2009 	22.853521  	23.65559   	23.357143  	16.98475130
22/06/2009 	22.533251  	23.27357   	22.840467  	17.18694524
23/06/2009 	22.508945  	23.12641   	22.792098  	17.40846129
24/06/2009 	23.029144  	23.23817   	23.176193  	17.61387718
25/06/2009 	23.208229  	24.88678   	23.837646  	17.69572222
26/06/2009 	23.827398  	24.36873   	24.064794  	18.17276029
27/06/2009 	24.365749  	24.98647   	24.807034  	18.58145380
28/06/2009 	24.883760  	25.23525   	25.102411  	18.92866667
29/06/2009 	24.974838  	25.31614   	25.171736  	19.54889266
30/06/2009 	25.120468  	25.54364   	25.394540  	20.15088491
01/07/2009 	25.363739  	25.53519   	25.490542  	20.49909516
02/07/2009 	25.154797  	25.48154   	25.315572  	20.91927087
03/07/2009 	25.111212  	25.30527   	25.216933  	21.55321797
04/07/2009 	25.243649  	25.73387   	25.461975  	22.07011433
05/07/2009 	25.384558  	25.85828   	25.650335  	22.40510766
06/07/2009 	20.215860  	25.84918   	22.898269  	22.08212423
07/07/2009 	21.251265  	24.59864   	23.496644  	21.24060893
08/07/2009 	20.537182  	23.85478   	22.806897  	20.59007192
09/07/2009 	18.020714  	22.95835   	20.738769  	19.07683007
10/07/2009 	13.735124  	21.99793   	18.352890  	17.44240189
11/07/2009 	19.719954  	24.71924   	22.610164  	17.70200360
12/07/2009 	19.223455  	23.98556   	22.905864  	18.07067680
13/07/2009 	19.647413  	23.58265   	22.219939  	18.07580046
14/07/2009 	22.638256  	23.19916   	22.798760  	18.55305588
15/07/2009 	17.896898  	22.94252   	21.823042  	19.09041897
16/07/2009 	18.143486  	22.39765   	20.233316  	19.25831175
17/07/2009 	20.510422  	22.42697   	21.998868  	19.31635769
18/07/2009 	20.236629  	22.54906   	21.742494  	19.10253310
19/07/2009 	18.889603  	21.23182   	20.006340  	18.93485395
20/07/2009 	16.216581  	20.15449   	18.202433  	19.06325412
21/07/2009 	19.210587  	22.29652   	20.947589  	19.18861953
22/07/2009 	20.282473  	22.84451   	21.781257  	19.48289382
23/07/2009 	20.845533  	22.43160   	21.697483  	19.49064688
24/07/2009 	19.315310  	22.61512   	21.080476  	19.28700550
25/07/2009 	17.407385  	21.16575   	19.830307  	18.97648879
26/07/2009 	20.257517  	21.86354   	21.131317  	19.17702369
27/07/2009 	18.280090  	21.62425   	20.485435  	19.54060022
28/07/2009 	17.661428  	20.52927   	19.455246  	19.53200408
29/07/2009 	19.371861  	20.78029   	20.277539  	19.73233247
30/07/2009 	13.756028  	20.26697   	17.405817  	19.41920622
31/07/2009 	13.085811  	19.56893   	17.273730  	18.95511413
01/08/2009 	19.294037  	21.24336   	20.410969  	19.21463037
02/08/2009 	19.085335  	21.34300   	20.567401  	19.45311403
03/08/2009 	18.341274  	21.17264   	20.329052  	19.45193422
04/08/2009 	20.614180  	21.12071   	20.882601  	19.94173857
05/08/2009 	21.071342  	21.63861   	21.389565  	20.24424191
06/08/2009 	21.569170  	21.96088   	21.791820  	20.58531411
07/08/2009 	22.039156  	22.35195   	22.242080  	20.62663579
08/08/2009 	22.256676  	22.45769   	22.332646  	20.55749166
09/08/2009 	22.444824  	22.79403   	22.657731  	20.41775942
10/08/2009 	22.654018  	22.76141   	22.705975  	20.54480815
11/08/2009 	20.800114  	22.68744   	21.749024  	20.50132847
12/08/2009 	19.556511  	22.11858   	21.102856  	20.28222930
13/08/2009 	19.686237  	21.57979   	20.825665  	20.27364759
14/08/2009 	20.382835  	22.11450   	21.513617  	20.36989645
15/08/2009 	19.756996  	22.06535   	20.730925  	20.20733090
16/08/2009 	17.082788  	21.49687   	19.801249  	20.39693785
17/08/2009 	19.822657  	21.31584   	20.560502  	20.41427608
18/08/2009 	20.343660  	21.97710   	21.229777  	20.38250101
19/08/2009 	21.584230  	22.49272   	22.115319  	20.62892183
20/08/2009 	22.282293  	23.27444   	22.825480  	20.66343236
21/08/2009 	23.082239  	23.39574   	23.255602  	20.39006468
22/08/2009 	23.337523  	23.45510   	23.393011  	20.16208406
23/08/2009 	23.426105  	23.85324   	23.678520  	20.18415626
24/08/2009 	23.797583  	24.04479   	23.915310  	20.10317894
25/08/2009 	22.221861  	24.52461   	24.025910  	20.40437138
26/08/2009 	22.506384  	24.00909   	23.488078  	19.95484463
27/08/2009 	18.121876  	23.52320   	22.342151  	19.70830301
28/08/2009 	16.420593  	22.69893   	20.436986  	19.13188259
29/08/2009 	15.780273  	19.88844   	17.442871  	17.97238894
30/08/2009 	17.291918  	20.59889   	18.662077  	17.69486292
31/08/2009 	18.404615  	22.72003   	21.309251  	17.64597988
01/09/2009 	21.257374  	24.15360   	22.745786  	17.75767930
02/09/2009 	19.267246  	22.81291   	21.453108  	17.41203014
03/09/2009 	11.357271  	23.36375   	20.812999  	17.05515862
04/09/2009 	19.086981  	28.38870   	24.789010  	15.42077335
05/09/2009 	22.741606  	29.06533   	25.690914  	15.48758358
06/09/2009 	22.058725  	25.72256   	23.475342  	15.81806691
07/09/2009 	23.261627  	24.17558   	23.765017  	16.07078944
08/09/2009 	24.076775  	24.88796   	24.477774  	16.44728311
09/09/2009 	23.451801  	25.33603   	24.748184  	16.77562646
10/09/2009 	25.142071  	25.92104   	25.752636  	16.59329593
11/09/2009 	25.427561  	25.91632   	25.722355  	16.32393344
12/09/2009 	24.859430  	25.67291   	25.227987  	16.34863027
13/09/2009 	24.531603  	25.31767   	24.776621  	16.24324648
14/09/2009 	24.515575  	24.80597   	24.578756  	16.09218800
15/09/2009 	24.717915  	25.52440   	25.262206  	15.96273009
16/09/2009 	25.517401  	26.12732   	25.769511  	16.15818409
17/09/2009 	26.065836  	26.88161   	26.569278  	15.92874420
18/09/2009 	26.772501  	26.86875   	26.817113  	15.92816689
19/09/2009 	26.760506  	26.93175   	26.827122  	16.05356729
20/09/2009 	26.906591  	27.20273   	27.044314  	16.25933437
21/09/2009 	26.089170  	27.52862   	27.165467  	16.05203919
22/09/2009 	24.520794  	27.26639   	26.435352  	16.10826838
23/09/2009 	23.442652  	26.22958   	25.070469  	16.10845129
24/09/2009 	25.575104  	27.16218   	26.495710  	15.91675951
25/09/2009 	25.864759  	27.28210   	26.594168  	15.80963163
26/09/2009 	26.250784  	27.06231   	26.737055  	15.92679775
27/09/2009 	26.180185  	27.26036   	26.856357  	16.07154536
28/09/2009 	23.728113  	26.81470   	25.288786  	16.23482994
29/09/2009 	18.903799  	26.04324   	23.222092  	16.27520442
30/09/2009 	22.872210  	26.04528   	24.503104  	16.37153427
01/10/2009 	19.265604  	24.73463   	22.815481  	16.03455830
02/10/2009 	21.226713  	24.66860   	23.276509  	15.06238151
03/10/2009 	 5.334538  	23.27600   	15.361713  	14.34607818
04/10/2009 	11.004911  	23.19328   	15.981449  	13.49888454
05/10/2009 	18.862408  	24.78833   	22.895935  	13.66665135
06/10/2009 	21.006178  	24.46649   	23.926176  	13.56377369
07/10/2009 	15.240356  	23.86724   	21.838953  	13.89640599
08/10/2009 	22.583984  	23.80310   	23.450048  	13.70164210
09/10/2009 	23.219742  	24.76085   	24.111188  	13.27265451
10/10/2009 	18.670752  	24.98714   	24.026001  	12.76652219
11/10/2009 	14.043017  	24.29276   	20.406932  	12.75258176
12/10/2009 	14.630885  	23.11323   	20.678223  	12.41767563
13/10/2009 	21.100512  	23.23431   	22.484367  	11.87486428
14/10/2009 	22.198404  	25.29623   	23.804341  	11.59002000
15/10/2009 	23.177694  	23.96432   	23.643160  	11.08213180
16/10/2009 	21.258427  	23.60164   	22.946970  	11.06334307
17/10/2009 	19.757492  	22.63791   	20.359324  	10.49735274
18/10/2009 	21.795887  	26.66597   	24.609236  	10.44271229
19/10/2009 	24.415585  	26.14150   	25.203738  	10.36625757
20/10/2009 	26.072777  	26.60778   	26.476535  	 9.80602274
21/10/2009 	26.621006  	27.89088   	27.316503  	 9.42979948
22/10/2009 	27.485369  	27.83396   	27.738838  	 9.21099095
23/10/2009 	27.782478  	27.88173   	27.855847  	 9.37922953
24/10/2009 	27.817949  	27.91357   	27.887271  	 9.68107998
25/10/2009 	22.571297  	27.68788   	24.625877  	10.25159220
26/10/2009 	23.096230  	25.37927   	24.130872  	10.65188313
27/10/2009 	23.339684  	25.52781   	24.901245  	10.79555563
28/10/2009 	24.919806  	25.89493   	25.253556  	10.90194350
29/10/2009 	25.412458  	26.05020   	25.746881  	11.06860544
30/10/2009 	25.873234  	26.51140   	26.213656  	11.13677329
31/10/2009 	26.368361  	26.82538   	26.552880  	10.88885425
01/11/2009 	26.564058  	27.29018   	26.954205  	11.18285052
02/11/2009 	23.682056  	27.14583   	25.703725  	11.32196917
03/11/2009 	24.449551  	26.27694   	25.529226  	10.96380488
04/11/2009 	22.007170  	26.07203   	24.993259  	10.64333216
05/11/2009 	25.479570  	26.47167   	26.039576  	10.63522567
06/11/2009 	24.584497  	26.41609   	25.682087  	10.29746648
07/11/2009 	22.131699  	26.31161   	25.034279  	10.13677428
08/11/2009 	25.469610  	26.07203   	25.723894  	10.04284738
09/11/2009 	25.726597  	26.07971   	25.842332  	 9.61641206
10/11/2009 	24.210167  	26.15773   	25.800636  	 9.41466608
11/11/2009 	24.017761  	25.16852   	24.638647  	 9.34392716
12/11/2009 	23.548956  	25.19794   	24.398717  	 9.18095217
13/11/2009 	22.720955  	25.47784   	24.007685  	 9.46890436
14/11/2009 	23.179491  	25.33845   	24.357404  	10.01814580
15/11/2009 	15.808902  	24.92944   	22.346965  	10.12086938
16/11/2009 	23.176142  	25.22789   	24.736683  	10.25843954
17/11/2009 	20.720455  	25.32160   	23.173315  	10.22432802
18/11/2009 	13.451717  	26.66231   	21.822381  	10.04517452
19/11/2009 	23.380020  	26.81082   	25.749181  	10.17928747
20/11/2009 	21.618057  	26.51036   	25.309900  	 9.84807845
21/11/2009 	24.365742  	26.02438   	25.282388  	10.18439094
22/11/2009 	18.542171  	26.46778   	24.425078  	10.47796033
23/11/2009 	17.756058  	25.41134   	21.992709  	10.12952165
24/11/2009 	23.634329  	29.36552   	25.657516  	 9.92019663
25/11/2009 	24.890724  	29.82324   	27.986914  	10.02071752
26/11/2009 	26.096390  	28.89331   	27.814746  	 9.65291421
27/11/2009 	26.787275  	29.45772   	28.439804  	 8.76642925
28/11/2009 	22.296673  	28.62408   	26.620459  	 8.44443812
29/11/2009 	25.731230  	27.34750   	26.839606  	 8.35850781
30/11/2009 	25.270353  	27.21911   	26.076243  	 8.18347830
01/12/2009 	26.128839  	26.80124   	26.424562  	 7.82617901
02/12/2009 	26.624285  	27.18267   	26.918273  	 7.27337921
03/12/2009 	23.392815  	27.09328   	26.002747  	 7.21504618
04/12/2009 	23.174088  	25.13429   	24.114906  	 7.48798874
05/12/2009 	20.880131  	23.97920   	22.935204  	 7.25023042
06/12/2009 	21.744574  	23.88563   	23.437310  	 7.82203671
07/12/2009 	21.648092  	23.04102   	22.366272  	 7.89257581
08/12/2009 	22.356646  	24.84138   	24.093015  	 7.97377511
09/12/2009 	20.775688  	24.05964   	23.476175  	 7.82062048
10/12/2009 	16.956120  	22.81930   	19.901836  	 7.99265101
11/12/2009 	18.311636  	21.37799   	20.354789  	 7.97261076
12/12/2009 	20.187773  	21.15089   	20.768977  	 7.44057611
13/12/2009 	19.851080  	20.76349   	20.256873  	 6.67353911
14/12/2009 	19.754169  	20.27193   	19.885614  	 6.02082882
15/12/2009 	19.536596  	19.81867   	19.715149  	 5.33408854
16/12/2009 	16.574774  	19.64981   	18.401348  	 4.66554887
17/12/2009 	16.792168  	18.45805   	17.562669  	 4.28902290
18/12/2009 	18.744730  	19.58429   	19.308342  	 4.05967624
19/12/2009 	17.608150  	19.07428   	18.749854  	 2.97781692
20/12/2009 	14.750183  	18.74151   	17.217969  	 2.15414932
21/12/2009 	13.623045  	17.27159   	16.133294  	 2.15889204
22/12/2009 	15.882284  	19.83325   	18.408172  	 2.58213423
23/12/2009 	16.387674  	19.77192   	18.710999  	 2.63738858
24/12/2009 	18.687332  	22.62554   	22.000647  	 3.25809832
25/12/2009 	20.418819  	22.58780   	22.359293  	 3.22281312
26/12/2009 	19.965117  	21.44631   	20.938337  	 3.33880218
27/12/2009 	19.999622  	22.54599   	21.477999  	 3.66051515
28/12/2009 	19.880604  	22.35574   	21.414261  	 3.71941694
29/12/2009 	22.319965  	23.79201   	22.891572  	 3.62811068
30/12/2009 	23.485828  	24.13285   	23.827083  	 3.28205580
31/12/2009 	23.355829  	23.67494   	23.503371  	 2.81230556
01/01/2010 	22.580368  	23.63989   	23.181314  	 2.51352854
02/01/2010 	21.199160  	22.57482   	21.771264  	 2.11467039
03/01/2010 	21.179911  	21.35240   	21.290801  	 1.78661878
04/01/2010 	18.524788  	21.14454   	19.643176  	 1.48466788
05/01/2010 	16.382544  	18.75619   	17.787202  	 1.48785714
06/01/2010 	16.935987  	18.50916   	17.763829  	 1.52977839
07/01/2010 	17.004395  	18.45488   	17.966983  	 1.41118694
08/01/2010 	17.601690  	18.87543   	18.347277  	 1.10318098
09/01/2010 	17.742435  	18.93902   	18.622859  	 0.65243048
10/01/2010 	14.812170  	17.70590   	16.081417  	 0.44203017
11/01/2010 	16.135164  	18.73053   	17.603807  	 0.55348350
12/01/2010 	17.285288  	20.00869   	18.385959  	 0.49828645
13/01/2010 	19.020185  	21.88165   	19.947947  	-0.06162719
14/01/2010 	21.733353  	22.24168   	21.926567  	 0.40456105
15/01/2010 	21.872999  	22.50060   	22.351029  	 0.62214677
16/01/2010 	21.805965  	22.27470   	21.886475  	 0.57651904
17/01/2010 	20.597303  	21.93712   	21.616421  	 0.70156807
18/01/2010 	20.181597  	22.09335   	21.204256  	 1.04544202
19/01/2010 	20.086557  	21.07422   	20.423618  	 1.23580923
20/01/2010 	20.340368  	21.98819   	21.621614  	 1.16233077
21/01/2010 	21.837746  	22.01301   	21.975822  	 1.01205934
22/01/2010 	21.310369  	21.98529   	21.659069  	 0.78096757
23/01/2010 	21.408844  	21.81070   	21.574290  	 0.84608045
24/01/2010 	21.780075  	22.08240   	21.948999  	 0.94996340
25/01/2010 	21.883976  	22.05308   	21.980948  	 0.65261101
26/01/2010 	21.751316  	21.97734   	21.847430  	-0.20962076
27/01/2010 	16.120644  	21.87044   	19.276938  	-0.53395720
28/01/2010 	15.014811  	18.92844   	17.215724  	 0.01572688
29/01/2010 	15.833943  	18.30820   	17.276705  	 0.45034956
30/01/2010 	16.596336  	17.59026   	17.293106  	 0.45311509
31/01/2010 	13.698026  	17.34547   	15.642288  	 0.49314748
01/02/2010 	14.296707  	17.23080   	16.241182  	 0.63023967
02/02/2010 	11.340117  	18.16237   	16.287269  	 0.86466694
03/02/2010 	13.387953  	17.84470   	16.193848  	 0.98995551
04/02/2010 	16.686394  	18.42540   	17.966981  	 1.15255152
05/02/2010 	17.877764  	20.41390   	19.839322  	 1.39516449
06/02/2010 	19.654585  	20.10679   	19.873776  	 1.54656941
07/02/2010 	19.547213  	19.84181   	19.755744  	 1.44712066
08/02/2010 	19.512871  	19.80232   	19.684337  	 0.99109518
09/02/2010 	19.274729  	19.53653   	19.461558  	 0.34696769
10/02/2010 	18.481821  	19.33045   	19.178750  	 0.14566867
11/02/2010 	17.273575  	18.43403   	18.144981  	 0.31602817
12/02/2010 	16.652821  	17.75545   	17.081887  	 0.06035045
13/02/2010 	16.289391  	17.03086   	16.489830  	-0.01656903
14/02/2010 	16.908878  	18.15323   	17.469234  	-0.12853437
15/02/2010 	18.836418  	19.87723   	19.478067  	-0.33827150
16/02/2010 	19.049564  	19.77644   	19.510077  	-0.41567767
17/02/2010 	20.006771  	21.34487   	21.164472  	-0.33242234
18/02/2010 	20.062286  	21.26331   	20.845374  	-0.21941297
19/02/2010 	19.463387  	20.88980   	20.352982  	 0.26076387
20/02/2010 	14.970542  	20.39693   	18.348922  	 0.48356639
21/02/2010 	18.174175  	20.30182   	19.353149  	 0.55256873
22/02/2010 	19.064316  	21.80574   	20.812197  	 1.04763927
23/02/2010 	20.746128  	21.37880   	20.943073  	 1.09991218
24/02/2010 	21.238249  	22.57135   	21.790819  	 1.24817675
25/02/2010 	22.364601  	23.73830   	23.235902  	 1.88702002
26/02/2010 	16.939098  	23.67808   	22.049763  	 2.45419848
27/02/2010 	 9.278415  	23.26702   	17.358413  	 2.66654831
28/02/2010 	22.041225  	23.25758   	22.663022  	 2.80275250
01/03/2010 	19.758844  	22.31727   	21.180813  	 2.98304028
02/03/2010 	18.959888  	21.08074   	20.319589  	 2.92381829
03/03/2010 	19.626516  	21.08422   	20.283753  	 2.86128118
04/03/2010 	20.063095  	21.04890   	20.578275  	 2.91872204
05/03/2010 	10.087362  	20.69234   	17.265263  	 2.79901842
06/03/2010 	10.358768  	16.78473   	15.936748  	 2.64925652
07/03/2010 	16.538321  	18.53176   	17.407680  	 2.39304585
08/03/2010 	16.475428  	17.46739   	16.810083  	 2.30151991
09/03/2010 	15.338183  	17.46059   	16.131309  	 2.23021256
10/03/2010 	16.226460  	17.80906   	17.027278  	 2.38722048
11/03/2010 	15.185670  	16.95120   	16.187700  	 2.39759507
12/03/2010 	10.099964  	16.36741   	13.666273  	 2.56839217
13/03/2010 	 9.432001  	16.73652   	12.994598  	 2.83813875
14/03/2010 	 7.598305  	13.03871   	10.258461  	 3.37991190
15/03/2010 	 6.299361  	12.59724   	10.629502  	 3.74567083
16/03/2010 	11.883978  	14.81351   	12.971172  	 3.77717311
17/03/2010 	15.141657  	16.30573   	15.751448  	 3.93133063
18/03/2010 	15.400010  	17.03427   	16.452722  	 4.25804908
19/03/2010 	16.044689  	17.59977   	17.038610  	 4.82304246
20/03/2010 	16.325571  	18.69863   	17.845694  	 5.32735620
21/03/2010 	18.090965  	19.07592   	18.851862  	 5.66021574
22/03/2010 	17.576061  	18.72224   	18.512428  	 5.77282617
23/03/2010 	15.307411  	19.62220   	17.991323  	 5.90430639
24/03/2010 	19.143188  	19.91648   	19.442196  	 6.05623959
25/03/2010 	19.948463  	20.74973   	20.316480  	 6.46200791
26/03/2010 	20.775881  	21.05964   	20.896250  	 6.82914768
27/03/2010 	20.344793  	21.06825   	20.831731  	 6.95878238
28/03/2010 	14.807807  	20.87664   	18.103585  	 7.33901735
29/03/2010 	17.866915  	20.12860   	18.782033  	 7.52979873
30/03/2010 	20.152197  	20.78469   	20.387364  	 7.50298570
31/03/2010 	19.830986  	21.53424   	20.699569  	 7.25214408
01/04/2010 	19.284897  	21.76104   	20.646034  	 6.81368696
02/04/2010 	19.409021  	22.13682   	21.099611  	 6.67777894
03/04/2010 	22.398489  	23.62892   	23.124713  	 6.85865315
04/04/2010 	23.304567  	23.63015   	23.519583  	 7.04146643
05/04/2010 	23.117128  	23.60346   	23.441174  	 7.10818981
06/04/2010 	22.550465  	23.32301   	22.965074  	 7.34523786
07/04/2010 	23.034307  	23.78062   	23.453774  	 7.61036351
08/04/2010 	22.352028  	23.78559   	23.196473  	 8.11424899
09/04/2010 	21.614590  	22.57174   	22.206179  	 8.61840634
10/04/2010 	21.029945  	21.96128   	21.456264  	 8.99281303
11/04/2010 	20.994877  	21.13629   	21.054406  	 8.94443194
12/04/2010 	19.892811  	20.97892   	20.425194  	 9.04404507
13/04/2010 	19.073832  	19.84970   	19.493250  	 9.19909151
14/04/2010 	18.418489  	19.03192   	18.675578  	 9.25289667
15/04/2010 	18.632536  	18.79981   	18.721673  	 9.19730496
16/04/2010 	18.763334  	19.07225   	18.982328  	 9.16965499
17/04/2010 	18.563787  	19.14504   	18.988701  	 9.39725119
18/04/2010 	18.873718  	20.17252   	19.697231  	 9.63543224
19/04/2010 	20.254763  	20.78117   	20.607850  	 9.63186149
20/04/2010 	20.416601  	20.75005   	20.504798  	 9.60193590
21/04/2010 	20.535786  	20.73071   	20.600654  	 9.06933477
22/04/2010 	19.698776  	20.60723   	20.294060  	 9.08670513
23/04/2010 	20.036114  	21.99781   	20.925447  	 9.59370091
24/04/2010 	21.912813  	22.73818   	22.384091  	 9.92718856
25/04/2010 	22.506773  	23.11787   	22.857515  	10.12778852
26/04/2010 	22.927259  	23.17920   	23.061043  	10.48623353
27/04/2010 	23.009789  	23.15101   	23.056091  	10.88005497
28/04/2010 	23.048328  	23.26663   	23.186541  	11.20342418
29/04/2010 	23.245462  	23.80217   	23.498144  	11.50298693
30/04/2010 	22.126568  	23.84169   	23.453694  	11.85330333
01/05/2010 	23.001019  	23.73555   	23.459850  	11.96442487
02/05/2010 	23.640757  	23.97564   	23.799061  	11.65511382
03/05/2010 	20.614372  	23.96622   	23.300697  	10.87560914
04/05/2010 	18.076435  	22.47480   	18.883220  	10.63983136
05/05/2010 	18.350615  	21.97955   	19.490320  	10.68283039
06/05/2010 	20.588684  	21.99191   	21.090080  	10.28141139
07/05/2010 	20.933744  	22.49488   	21.564376  	10.04547532
08/05/2010 	21.838570  	24.22654   	22.449022  	10.21938348
09/05/2010 	23.364628  	23.76090   	23.578305  	10.38344512
10/05/2010 	23.209328  	23.56972   	23.376480  	10.63277445
11/05/2010 	23.161020  	23.23505   	23.200518  	10.55281492
12/05/2010 	22.557613  	23.14845   	22.873545  	10.05204056
13/05/2010 	20.772930  	22.71047   	21.828085  	 9.94853389
14/05/2010 	22.176826  	23.48085   	22.526524  	10.10015742
15/05/2010 	21.966919  	23.61336   	23.037208  	10.35527535
16/05/2010 	19.633991  	22.34795   	21.466760  	10.49540710
17/05/2010 	21.225761  	23.23857   	22.441140  	10.68286878
18/05/2010 	23.152483  	23.46697   	23.252102  	11.09532309
19/05/2010 	21.673199  	23.22075   	22.810077  	11.50696812
20/05/2010 	21.461655  	23.87156   	22.494939  	12.10392507
21/05/2010 	22.042999  	23.45500   	22.804028  	12.88282271
22/05/2010 	21.164598  	22.64216   	21.696184  	13.53695208
23/05/2010 	20.146183  	21.71466   	21.143608  	14.37848616
24/05/2010 	18.356113  	23.21879   	20.531761  	15.12943170
25/05/2010 	22.542349  	23.22538   	22.709605  	15.14106599
26/05/2010 	22.403994  	22.68918   	22.564510  	15.03033572
27/05/2010 	22.562817  	23.36796   	22.861128  	14.96984490
28/05/2010 	23.281534  	23.93411   	23.672187  	15.19545720
29/05/2010 	23.876720  	24.11962   	24.004993  	15.09551088
30/05/2010 	24.167803  	24.70581   	24.500352  	15.12374387
31/05/2010 	24.398647  	24.90096   	24.689765  	14.97361704
01/06/2010 	24.649517  	24.89295   	24.731578  	15.15790302
02/06/2010 	24.477531  	24.70642   	24.561823  	15.39552240
03/06/2010 	24.518562  	24.56122   	24.544456  	15.64594362
04/06/2010 	24.236240  	24.56155   	24.382427  	16.00761396
05/06/2010 	24.191133  	24.36579   	24.285014  	16.38827479
06/06/2010 	24.349159  	24.74074   	24.532808  	16.81756155
07/06/2010 	19.459146  	24.74236   	23.024452  	16.98080850
08/06/2010 	23.899632  	24.73150   	24.275759  	17.26484088
09/06/2010 	24.101961  	24.73659   	24.415088  	17.59298980
10/06/2010 	24.388910  	24.60413   	24.484125  	17.84006015
11/06/2010 	24.482872  	24.58959   	24.524430  	18.22833582
12/06/2010 	22.418867  	24.58954   	23.496386  	17.79432015
13/06/2010 	23.731173  	24.19923   	23.962978  	17.71276883
14/06/2010 	22.833839  	23.82016   	23.276239  	17.93230490
15/06/2010 	22.553432  	22.92777   	22.741324  	17.46490065
16/06/2010 	20.765808  	22.61824   	21.496906  	17.12095630
17/06/2010 	20.761679  	22.69761   	21.444258  	16.93254451
18/06/2010 	21.990433  	22.37077   	22.089891  	16.57271612
19/06/2010 	22.050339  	22.31228   	22.226788  	15.66281261
20/06/2010 	22.199800  	22.33075   	22.256999  	14.99715451
21/06/2010 	22.273451  	24.46135   	23.121682  	14.99263585
22/06/2010 	24.467241  	25.83882   	25.346534  	15.31152095
23/06/2010 	25.338062  	26.72205   	26.150446  	15.97748222
24/06/2010 	26.265047  	27.44731   	26.827153  	16.71463823
25/06/2010 	26.541893  	27.35594   	26.893074  	17.01245073
26/06/2010 	26.636204  	27.44433   	27.096971  	17.51613625
27/06/2010 	27.396034  	27.85079   	27.677378  	17.89185242
28/06/2010 	27.821247  	27.90858   	27.879414  	18.67092439
29/06/2010 	27.895817  	28.12755   	27.989136  	19.06918967
30/06/2010 	27.797403  	28.29585   	28.138700  	19.34030314
01/07/2010 	28.240244  	28.31699   	28.295222  	19.68983869
02/07/2010 	27.771967  	28.31940   	28.186967  	20.23163843
03/07/2010 	27.583683  	27.99013   	27.761730  	20.80304952
04/07/2010 	27.730383  	28.24796   	28.019466  	21.06748199
05/07/2010 	27.952974  	28.32792   	28.168222  	21.18752277
06/07/2010 	28.082199  	28.39448   	28.263819  	21.14227951
07/07/2010 	28.228329  	28.40147   	28.335656  	20.63662676
08/07/2010 	28.169245  	28.40919   	28.314877  	20.64433082
09/07/2010 	28.311382  	28.47454   	28.409728  	21.16094931
10/07/2010 	28.418594  	28.50793   	28.471683  	21.98672434
11/07/2010 	28.344944  	28.39683   	28.366832  	22.58344734
12/07/2010 	28.391409  	28.47834   	28.432794  	22.58777825
13/07/2010 	28.456902  	28.55198   	28.508967  	22.24072655
14/07/2010 	28.370478  	28.59918   	28.519538  	22.38114158
15/07/2010 	27.584728  	28.44519   	28.170277  	21.59556472
16/07/2010 	27.645298  	28.45229   	28.169231  	20.48431698
17/07/2010 	26.764778  	28.32177   	27.520493  	20.01997725
18/07/2010 	26.413399  	27.62824   	27.000595  	19.86061100
19/07/2010 	26.949879  	28.09484   	27.740686  	20.35522437
20/07/2010 	27.849638  	28.14983   	28.066434  	20.93631872
21/07/2010 	28.120604  	28.15524   	28.145600  	21.20911860
22/07/2010 	28.103498  	28.14455   	28.128857  	21.17402828
23/07/2010 	28.092266  	28.12787   	28.106766  	21.31819646
24/07/2010 	28.108309  	28.14578   	28.128961  	21.15473783
25/07/2010 	28.029415  	28.16055   	28.121216  	21.10961151
26/07/2010 	27.549759  	28.08137   	27.838683  	21.01246281
27/07/2010 	27.130203  	27.56794   	27.304793  	20.90859079
28/07/2010 	26.265371  	27.17897   	26.838510  	20.91816119
29/07/2010 	25.872316  	26.51452   	26.170102  	20.58803809
30/07/2010 	25.162407  	26.07416   	25.668628  	20.32601511
31/07/2010 	24.690773  	25.45646   	25.107939  	20.22013311
01/08/2010 	25.273556  	25.91034   	25.701255  	20.38070460
02/08/2010 	25.393530  	26.10136   	25.744209  	20.55557799
03/08/2010 	24.380989  	25.83875   	25.445161  	20.56294886
04/08/2010 	24.634472  	25.49943   	25.064785  	20.42175686
05/08/2010 	22.995207  	25.79711   	24.797167  	19.93881241
06/08/2010 	22.967234  	25.41933   	24.687844  	20.12613352
07/08/2010 	24.371731  	25.64332   	24.848023  	20.18239391
08/08/2010 	24.418930  	25.81938   	25.150313  	20.07427116
09/08/2010 	25.156696  	25.68295   	25.490543  	20.25934438
10/08/2010 	24.449141  	25.45988   	25.040932  	20.17827682
11/08/2010 	23.798706  	24.97367   	24.429786  	20.06424399
12/08/2010 	23.223583  	24.56854   	24.134296  	20.03017676
13/08/2010 	23.204027  	24.14011   	23.730120  	19.81115083
14/08/2010 	23.969286  	24.57779   	24.391710  	19.81799563
15/08/2010 	23.927736  	24.60284   	24.443898  	19.50055448
16/08/2010 	22.560274  	24.31466   	23.358958  	19.42124732
17/08/2010 	15.944937  	23.11677   	20.302110  	19.35894692
18/08/2010 	14.465736  	21.08005   	17.906444  	19.09992079
19/08/2010 	13.462280  	19.56441   	17.754026  	18.92231584
20/08/2010 	17.290232  	21.70383   	20.355979  	19.13281743
21/08/2010 	17.189503  	21.05659   	18.880300  	19.38256435
22/08/2010 	15.717324  	19.70691   	18.020789  	19.47177521
23/08/2010 	16.135693  	20.95141   	19.019549  	19.46612724
24/08/2010 	 9.206565  	17.83025   	14.567415  	18.71808207
25/08/2010 	15.008162  	18.11961   	16.395442  	18.04612044
26/08/2010 	18.303864  	21.51768   	19.972657  	17.96282128
27/08/2010 	20.827192  	21.25933   	21.053890  	17.49741749
28/08/2010 	17.033274  	21.50628   	20.177978  	17.00586998
29/08/2010 	 8.872249  	19.79963   	14.650709  	16.38562393
30/08/2010 	11.362023  	18.94974   	16.009166  	15.96828894
31/08/2010 	17.554003  	19.54615   	18.355314  	15.85882425
01/09/2010 	16.670279  	20.45420   	18.392467  	15.76691125
02/09/2010 	17.580345  	18.60681   	18.117741  	15.80552638
03/09/2010 	16.167353  	18.31235   	17.655071  	15.91202625
04/09/2010 	16.370829  	17.11728   	16.706753  	16.11790286
05/09/2010 	16.511335  	18.48143   	17.362370  	16.29626050
06/09/2010 	17.236101  	17.89644   	17.509553  	16.20205106
07/09/2010 	17.520811  	19.27275   	18.444924  	15.45051207
08/09/2010 	19.341610  	19.78830   	19.640492  	15.33139676
09/09/2010 	19.757172  	20.21809   	19.975872  	15.78870523
10/09/2010 	17.445086  	19.75254   	18.888581  	15.96371347
11/09/2010 	17.481415  	18.87877   	18.127310  	16.16371195
12/09/2010 	17.364487  	19.23466   	18.288074  	16.46933297
13/09/2010 	15.679994  	19.29626   	18.088160  	16.25317860
14/09/2010 	 8.320764  	16.97049   	13.313172  	16.25056239
15/09/2010 	 7.278960  	17.10361   	 9.675019  	15.75077132
16/09/2010 	11.712012  	19.40752   	16.059121  	15.09895142
17/09/2010 	14.107238  	15.14569   	14.693781  	14.62764772
18/09/2010 	14.855348  	15.88869   	15.162361  	14.11140142
19/09/2010 	14.086016  	18.38563   	16.303217  	13.91544855
20/09/2010 	12.844324  	17.38117   	15.314833  	14.15520730
21/09/2010 	14.465641  	18.54604   	16.998592  	14.51237615
22/09/2010 	16.962446  	18.12889   	17.527339  	14.85168713
23/09/2010 	17.247755  	18.30831   	17.793358  	15.09661291
24/09/2010 	16.109638  	17.85494   	17.045591  	15.26476997
25/09/2010 	17.056593  	17.80047   	17.483796  	14.44289923
26/09/2010 	17.634378  	17.85032   	17.788466  	14.16734195
27/09/2010 	15.979676  	17.74661   	16.919330  	14.18956467
28/09/2010 	16.672579  	17.97309   	17.561431  	14.39517313
29/09/2010 	17.699116  	18.03407   	17.892626  	14.05858497
30/09/2010 	17.850004  	18.26903   	18.024599  	13.51881142
01/10/2010 	17.783100  	18.40221   	18.182659  	13.63395260
02/10/2010 	17.902321  	20.11324   	18.651169  	13.76273799
03/10/2010 	19.763079  	21.58944   	20.319253  	14.49978318
04/10/2010 	21.114552  	22.16940   	21.509721  	15.12651338
05/10/2010 	21.534420  	22.16887   	21.844452  	15.49391216
06/10/2010 	20.915400  	21.80361   	21.400706  	15.69525852
07/10/2010 	20.957350  	22.01595   	21.467685  	15.63489099
08/10/2010 	21.599564  	21.82134   	21.713480  	15.63680261
09/10/2010 	21.776728  	21.83624   	21.814456  	15.17528725
10/10/2010 	21.346521  	21.78752   	21.563946  	14.54086540
11/10/2010 	20.748795  	21.41209   	20.993436  	13.99253241
12/10/2010 	19.843678  	20.86015   	20.404738  	13.77921190
13/10/2010 	18.634676  	20.31519   	19.334731  	13.61466378
14/10/2010 	18.031059  	19.36514   	18.540213  	13.46496962
15/10/2010 	17.304100  	18.53377   	17.928397  	13.25745694
16/10/2010 	15.847420  	18.13372   	16.844724  	12.52119758
17/10/2010 	15.998569  	21.08316   	17.766406  	11.96706061
18/10/2010 	16.119558  	19.66739   	18.571817  	11.52222657
19/10/2010 	13.330449  	18.83381   	15.558006  	11.08007636
20/10/2010 	14.967784  	18.23716   	16.717799  	10.62580142
21/10/2010 	 9.855698  	18.44021   	14.553651  	 9.68374383
22/10/2010 	11.099108  	16.20161   	13.804515  	 9.31495452
23/10/2010 	12.161874  	17.65248   	15.564286  	 9.16513050
24/10/2010 	13.235605  	17.34593   	15.823708  	 8.94498517
25/10/2010 	17.277887  	18.40987   	17.754120  	 8.81249549
26/10/2010 	15.073380  	18.49242   	17.330181  	 8.50220656
27/10/2010 	12.973864  	19.46046   	16.424041  	 8.49234974
28/10/2010 	15.845674  	19.57745   	18.321872  	 8.95841006
29/10/2010 	16.055857  	19.27131   	18.386665  	 9.22837410
30/10/2010 	18.128651  	20.71370   	19.771080  	 9.59493816
31/10/2010 	19.700497  	22.38755   	21.769915  	10.05025810
01/11/2010 	21.899940  	22.82356   	22.596325  	10.21009217
02/11/2010 	19.875357  	22.26930   	21.325713  	10.27079882
03/11/2010 	15.847307  	19.62504   	17.628492  	10.51118775
04/11/2010 	15.248469  	18.93202   	17.061034  	11.09482793
05/11/2010 	16.879353  	21.91890   	20.334229  	12.02827557
06/11/2010 	18.240587  	20.78382   	19.662674  	11.60932553
07/11/2010 	20.018373  	21.12579   	20.386722  	10.86405144
08/11/2010 	21.290134  	21.57275   	21.406627  	 9.99334381
09/11/2010 	21.442490  	23.66972   	22.734905  	 9.30610271
10/11/2010 	21.755947  	23.49408   	22.907403  	 8.78661571
11/11/2010 	 7.575930  	23.00005   	19.457765  	 7.79571685
12/11/2010 	 2.359440  	20.42182   	12.335865  	 7.80497877
13/11/2010 	15.085848  	18.53239   	16.768858  	 8.15215511
14/11/2010 	17.148891  	23.67898   	22.294548  	 8.76497887
15/11/2010 	18.210234  	20.89155   	20.213468  	 8.65077515
16/11/2010 	20.118469  	21.75720   	20.822276  	 8.43589586
17/11/2010 	20.894770  	23.15100   	22.339099  	 8.13682082
18/11/2010 	21.672356  	23.00486   	22.679834  	 7.70557770
19/11/2010 	20.874758  	22.85231   	21.817895  	 7.61679088
20/11/2010 	19.792557  	21.13845   	20.207775  	 7.57608006
21/11/2010 	19.852173  	20.83767   	20.521748  	 7.46945234
22/11/2010 	20.349154  	20.84042   	20.668416  	 7.13418487
23/11/2010 	17.822355  	20.18926   	19.308343  	 6.75867635
24/11/2010 	16.588343  	18.76661   	17.390805  	 6.32347337
25/11/2010 	17.115761  	18.43283   	17.854635  	 6.12526684
26/11/2010 	18.421837  	18.98346   	18.739069  	 5.70376665
27/11/2010 	18.887770  	19.75250   	19.225660  	 5.20825982
28/11/2010 	19.471209  	19.97576   	19.808776  	 4.54221518
29/11/2010 	19.399906  	19.92488   	19.579542  	 3.71475166
30/11/2010 	19.313080  	19.55985   	19.409041  	 3.11637488
01/12/2010 	19.295469  	19.81482   	19.525247  	 1.90784546
02/12/2010 	19.537163  	20.79999   	20.395318  	 1.32831408
03/12/2010 	20.161535  	20.71231   	20.569817  	 1.30025797
04/12/2010 	19.401770  	21.51196   	20.420057  	 0.74899444
05/12/2010 	20.001637  	21.54385   	20.892144  	 1.16530333
06/12/2010 	21.334650  	21.73669   	21.628841  	 1.55499606
07/12/2010 	21.732250  	22.03674   	21.886595  	 1.47351110
08/12/2010 	22.077715  	22.25298   	22.184237  	 1.45976330
09/12/2010 	21.751051  	22.21403   	22.146163  	 1.65564995
10/12/2010 	14.796902  	22.14113   	20.158472  	 1.81244494
11/12/2010 	12.725534  	18.66482   	16.127263  	 2.46008583
12/12/2010 	14.939243  	18.62720   	17.955544  	 2.56029138
13/12/2010 	18.235762  	24.44555   	21.076436  	 2.72240083
14/12/2010 	20.977699  	22.63557   	22.144294  	 2.55988945
15/12/2010 	19.451385  	22.35868   	21.664262  	 2.40886720
16/12/2010 	12.780380  	20.75900   	17.409502  	 2.22941591
17/12/2010 	16.698261  	17.90822   	17.230229  	 2.04583729
18/12/2010 	17.809378  	22.24568   	20.812695  	 1.93277012
19/12/2010 	21.962309  	22.66745   	22.435099  	 1.23546209
20/12/2010 	21.788368  	22.65997   	22.443554  	 0.69339926
21/12/2010 	21.338840  	22.07788   	21.595288  	 0.32604827
22/12/2010 	21.565233  	21.84725   	21.679642  	-0.02544684
23/12/2010 	21.750111  	21.94610   	21.882533  	 0.13872265
24/12/2010 	18.256905  	21.68427   	19.925415  	-0.05415864
25/12/2010 	17.274942  	18.70310   	17.840898  	-0.48218937
26/12/2010 	17.212473  	22.12714   	20.122883  	-0.31000340
27/12/2010 	16.818693  	19.24362   	18.533410  	-0.15104231
28/12/2010 	18.010477  	21.38283   	20.688613  	-0.09001858
29/12/2010 	21.091520  	21.25082   	21.151813  	-0.05662332
30/12/2010 	19.520559  	21.14112   	20.691272  	-0.01386459
31/12/2010 	17.655804  	19.15401   	18.583746  	 0.16612147
