date	smin	smax	smean	tmean
01/01/2009 	22.584549  	27.30838   	26.30080   	-0.39625364
02/01/2009 	22.412075  	28.10214   	26.63562   	 0.73156021
03/01/2009 	22.549585  	28.79920   	27.03834   	 0.80314747
04/01/2009 	21.470640  	30.16116   	25.92715   	 1.88175775
05/01/2009 	21.532248  	30.93306   	28.46834   	 1.27932660
06/01/2009 	24.731091  	31.29653   	29.71292   	-0.58226263
07/01/2009 	23.223845  	30.55112   	27.26308   	-0.06636184
08/01/2009 	23.590628  	30.60712   	28.18666   	-0.42036078
09/01/2009 	23.184315  	29.97883   	26.63167   	-0.37120864
10/01/2009 	22.853136  	30.36932   	27.62380   	-1.11572760
11/01/2009 	22.751432  	30.20137   	24.65697   	-0.18638595
12/01/2009 	23.469296  	27.40207   	24.71309   	 1.50726031
13/01/2009 	26.082882  	28.19874   	27.13065   	 2.76707448
14/01/2009 	25.480585  	27.74615   	26.50285   	 3.19342413
15/01/2009 	24.584259  	26.70879   	25.96142   	 2.80230807
16/01/2009 	23.372755  	24.99183   	24.12361   	 1.94235304
17/01/2009 	22.194151  	23.88770   	23.17890   	 2.18339402
18/01/2009 	23.731895  	27.09408   	24.74929   	 3.07491690
19/01/2009 	25.626030  	29.12377   	27.20676   	 2.97429340
20/01/2009 	27.415203  	29.98470   	28.83702   	 3.01127721
21/01/2009 	28.887142  	30.11111   	29.64900   	 2.56274342
22/01/2009 	28.010965  	29.94017   	28.76373   	 2.50386039
23/01/2009 	27.046740  	29.67445   	28.76738   	 2.77582540
24/01/2009 	27.705591  	29.77232   	29.22850   	 3.03479785
25/01/2009 	27.934893  	29.77748   	29.12558   	 2.78964279
26/01/2009 	26.641298  	29.38707   	27.69729   	 2.46061085
27/01/2009 	26.443676  	28.79381   	27.30933   	 1.47015437
28/01/2009 	25.026066  	27.63868   	26.88724   	 0.99739587
29/01/2009 	24.950005  	27.64539   	26.80529   	 0.82624746
30/01/2009 	22.301437  	27.38040   	25.51078   	 0.25171666
31/01/2009 	17.648333  	24.11773   	20.67221   	-0.51212686
01/02/2009 	16.152315  	24.52944   	20.21797   	-0.95561760
02/02/2009 	18.118946  	27.09720   	23.40420   	-0.53612225
03/02/2009 	19.303408  	26.79073   	22.19974   	-0.13797708
04/02/2009 	19.312256  	25.79211   	22.18978   	 0.28709611
05/02/2009 	19.364868  	24.30663   	21.19341   	 0.51025270
06/02/2009 	19.379198  	24.47978   	21.28240   	 1.15084229
07/02/2009 	19.315899  	24.81675   	20.93456   	 1.55405575
08/02/2009 	19.915989  	24.59846   	23.13401   	 1.66269541
09/02/2009 	20.485788  	24.55969   	23.27123   	 1.65263060
10/02/2009 	19.715895  	26.74604   	21.88815   	 1.58512808
11/02/2009 	24.076065  	28.73162   	26.69723   	 1.93067254
12/02/2009 	25.433086  	29.90852   	27.82838   	 2.14283084
13/02/2009 	25.195150  	29.79282   	28.63209   	 2.45867433
14/02/2009 	24.055996  	29.98938   	28.93450   	 1.62762294
15/02/2009 	23.588272  	30.21920   	28.06251   	 1.94067855
16/02/2009 	23.512697  	30.22059   	28.40769   	 3.00432413
17/02/2009 	23.602921  	29.83405   	28.54168   	 4.02768215
18/02/2009 	22.455492  	29.69823   	27.81006   	 3.26157238
19/02/2009 	20.790720  	28.09230   	24.14960   	 2.73115695
20/02/2009 	20.769293  	29.14219   	23.38986   	 3.45245499
21/02/2009 	20.958073  	28.73930   	23.97976   	 3.87928296
22/02/2009 	20.985113  	28.37297   	23.11121   	 4.02102248
23/02/2009 	21.259710  	29.69014   	26.95374   	 4.43611860
24/02/2009 	20.870033  	29.26868   	26.85578   	 4.56235931
25/02/2009 	20.600752  	29.27531   	25.62276   	 4.68466899
26/02/2009 	20.385340  	30.29891   	24.70638   	 4.76684547
27/02/2009 	19.082722  	30.22867   	25.65393   	 5.34824765
28/02/2009 	19.336605  	30.15643   	27.35145   	 5.78218182
01/03/2009 	20.192280  	29.98928   	27.49003   	 5.59209225
02/03/2009 	21.495033  	29.57277   	26.57700   	 5.54751443
03/03/2009 	21.376753  	29.03082   	25.19857   	 5.47268037
04/03/2009 	18.602327  	21.34048   	20.55413   	 4.92676975
05/03/2009 	18.612366  	21.38787   	20.34115   	 4.90951076
06/03/2009 	19.025894  	22.08953   	20.74755   	 4.71506824
07/03/2009 	20.514709  	22.38193   	21.43096   	 4.40554840
08/03/2009 	20.741940  	23.09229   	21.63323   	 5.12380787
09/03/2009 	22.285530  	24.86920   	23.68136   	 4.77441238
10/03/2009 	21.392380  	25.09272   	23.94824   	 4.80842284
11/03/2009 	22.545218  	28.35209   	26.22916   	 4.75289108
12/03/2009 	20.348127  	29.11348   	25.39365   	 5.39723654
13/03/2009 	20.822939  	29.15289   	26.70628   	 5.84131504
14/03/2009 	20.412621  	27.99258   	24.86103   	 5.94233683
15/03/2009 	21.082401  	29.48531   	26.44941   	 6.07373183
16/03/2009 	20.591675  	29.09490   	26.05631   	 6.34629453
17/03/2009 	20.998964  	28.30739   	25.79194   	 6.72420457
18/03/2009 	20.530365  	26.70284   	25.19302   	 6.47650751
19/03/2009 	19.576580  	26.34075   	24.73058   	 6.42834450
20/03/2009 	20.289597  	26.51761   	24.71572   	 6.34271465
21/03/2009 	18.022320  	25.71401   	22.74846   	 6.50238749
22/03/2009 	18.788059  	25.78236   	22.20345   	 6.32765516
23/03/2009 	19.619875  	27.28066   	22.00606   	 6.52002756
24/03/2009 	21.037271  	27.87745   	26.01371   	 5.98314569
25/03/2009 	19.222155  	28.13776   	23.95131   	 6.26897699
26/03/2009 	19.195997  	28.13773   	23.28447   	 6.35758122
27/03/2009 	19.355597  	21.78266   	20.30794   	 6.31231266
28/03/2009 	18.092501  	21.09126   	20.10621   	 6.23185182
29/03/2009 	20.099308  	26.52335   	22.58811   	 5.98095973
30/03/2009 	19.861576  	26.12643   	23.53267   	 5.74803426
31/03/2009 	19.651857  	27.02297   	24.30130   	 6.34913387
01/04/2009 	21.558235  	26.58455   	24.32266   	 6.75592817
02/04/2009 	21.183178  	24.91162   	23.92837   	 7.48596035
03/04/2009 	20.611794  	25.69593   	24.03412   	 8.32643891
04/04/2009 	20.082901  	25.32374   	23.28774   	 8.66660961
05/04/2009 	20.118391  	24.66985   	22.56869   	 8.63440968
06/04/2009 	18.635855  	24.68739   	23.33126   	 8.92776737
07/04/2009 	18.244947  	24.17485   	21.10466   	 9.67128168
08/04/2009 	17.734776  	23.95487   	21.23030   	 9.18740938
09/04/2009 	20.240643  	22.43148   	21.43120   	 9.04848403
10/04/2009 	15.529633  	21.44706   	19.36200   	 9.89100957
11/04/2009 	14.885403  	21.66289   	17.19058   	10.94681354
12/04/2009 	14.886286  	22.71471   	19.49058   	11.17578067
13/04/2009 	19.834221  	23.93987   	22.08519   	10.76663240
14/04/2009 	21.631956  	24.82098   	23.25705   	10.75374613
15/04/2009 	22.850342  	25.38338   	24.35856   	10.71272178
16/04/2009 	23.537174  	25.97123   	24.96044   	11.51618441
17/04/2009 	24.075880  	26.56337   	25.52446   	11.21178353
18/04/2009 	22.913345  	27.91434   	25.69077   	10.14001928
19/04/2009 	19.331608  	27.11895   	22.96069   	10.61864275
20/04/2009 	19.333761  	26.09286   	22.09466   	11.65986756
21/04/2009 	19.350428  	26.21142   	22.12601   	12.06805966
22/04/2009 	19.550707  	27.34709   	25.51576   	11.80796576
23/04/2009 	23.728630  	28.13320   	26.65188   	11.50827356
24/04/2009 	24.375721  	28.34056   	27.35284   	11.54019262
25/04/2009 	24.782864  	28.91364   	27.69672   	11.93438449
26/04/2009 	25.008497  	29.07573   	28.23891   	11.97223826
27/04/2009 	25.748346  	29.17812   	28.27491   	12.24668497
28/04/2009 	25.066036  	29.03724   	28.14197   	12.03183921
29/04/2009 	25.764906  	29.22234   	28.44756   	11.77563151
30/04/2009 	25.537899  	29.44686   	28.63115   	12.07359592
01/05/2009 	25.806847  	29.34918   	28.46924   	12.85266578
02/05/2009 	25.188250  	29.36319   	28.22807   	13.45148828
03/05/2009 	24.875937  	29.77044   	28.40002   	13.15580209
04/05/2009 	24.976133  	30.10476   	27.57319   	12.42816351
05/05/2009 	24.580116  	29.38053   	25.42303   	12.22262118
06/05/2009 	24.255932  	25.12406   	24.77037   	12.61243153
07/05/2009 	24.016212  	25.24638   	24.61094   	12.78284858
08/05/2009 	23.878498  	25.21543   	24.38541   	12.81866866
09/05/2009 	24.252808  	25.62208   	24.77041   	12.44038131
10/05/2009 	24.146923  	25.98420   	24.52739   	12.60497355
11/05/2009 	24.070639  	29.02967   	26.32402   	11.40170040
12/05/2009 	25.561544  	30.14871   	28.88804   	10.90061077
13/05/2009 	25.300816  	30.29289   	29.34394   	12.17408041
14/05/2009 	26.250872  	30.26662   	29.42252   	12.59466869
15/05/2009 	26.371937  	30.20469   	29.26930   	13.00703037
16/05/2009 	26.132259  	29.83483   	27.43841   	13.10265249
17/05/2009 	25.852942  	27.97710   	26.19616   	13.59044059
18/05/2009 	25.729223  	26.50017   	26.11751   	13.36921515
19/05/2009 	26.330456  	26.91123   	26.53092   	13.23749304
20/05/2009 	26.353928  	27.39890   	26.70868   	13.76986253
21/05/2009 	26.385775  	27.43076   	26.75728   	14.42307711
22/05/2009 	26.308617  	27.28084   	26.73202   	14.60687359
23/05/2009 	25.524078  	26.94705   	26.25698   	15.09951480
24/05/2009 	25.573488  	26.99394   	26.40344   	15.82934523
25/05/2009 	26.286438  	27.54258   	27.03736   	16.54491254
26/05/2009 	26.066807  	27.79870   	27.01097   	16.70947623
27/05/2009 	26.106007  	28.56571   	26.95424   	15.37519471
28/05/2009 	24.345295  	29.13150   	26.62971   	15.12048014
29/05/2009 	25.275356  	29.41544   	28.38775   	14.70171585
30/05/2009 	26.119423  	29.41162   	28.35064   	14.14414616
31/05/2009 	26.635870  	30.01822   	28.69208   	15.03275299
01/06/2009 	26.232136  	30.23149   	28.98933   	16.15787957
02/06/2009 	26.342014  	30.35341   	29.33266   	15.86189147
03/06/2009 	26.546726  	31.00116   	30.01499   	14.46482058
04/06/2009 	26.851204  	31.89481   	30.60885   	12.81655061
05/06/2009 	27.499092  	32.02575   	30.93230   	12.38020867
06/06/2009 	27.350990  	32.20766   	31.39666   	12.22108553
07/06/2009 	28.086460  	31.99588   	31.07202   	13.04068643
08/06/2009 	28.396477  	31.65035   	30.99994   	14.72543508
09/06/2009 	27.655981  	31.51278   	30.12902   	15.70188485
10/06/2009 	26.924805  	31.63778   	30.05863   	15.65767890
11/06/2009 	28.350220  	31.63992   	30.82713   	14.99540281
12/06/2009 	28.489721  	31.56039   	30.77039   	15.13620033
13/06/2009 	28.965519  	31.56013   	30.92578   	15.13136460
14/06/2009 	27.273472  	31.46531   	30.38596   	16.14953095
15/06/2009 	27.738615  	31.37549   	30.74242   	16.61861312
16/06/2009 	28.070614  	31.29216   	30.67466   	15.85006789
17/06/2009 	27.776344  	31.22532   	30.31481   	16.20486188
18/06/2009 	27.063143  	31.17312   	29.47330   	16.67928463
19/06/2009 	27.074715  	31.26254   	28.49469   	16.53040272
20/06/2009 	27.101698  	31.43974   	28.83905   	16.05075866
21/06/2009 	27.444551  	31.45279   	30.57589   	15.89053202
22/06/2009 	28.346888  	31.58543   	30.82349   	15.63657862
23/06/2009 	28.626837  	31.58774   	30.66723   	16.56527485
24/06/2009 	28.700842  	32.02797   	30.95785   	16.74534843
25/06/2009 	28.693663  	32.56896   	31.64876   	16.66527402
26/06/2009 	28.555815  	32.52668   	31.61300   	17.79471119
27/06/2009 	28.932110  	32.32050   	31.67926   	18.92374007
28/06/2009 	29.114389  	32.19289   	31.42133   	19.57764570
29/06/2009 	29.219444  	32.02023   	31.26287   	20.71996597
30/06/2009 	29.287764  	32.01712   	31.22374   	21.19705264
01/07/2009 	29.412512  	31.93360   	31.36999   	20.62029068
02/07/2009 	29.773861  	32.14077   	31.60487   	20.19799987
03/07/2009 	29.310263  	32.52100   	31.46339   	20.64928257
04/07/2009 	29.253290  	32.39295   	31.18243   	21.58193493
05/07/2009 	29.057329  	32.54618   	31.85392   	21.94115154
06/07/2009 	28.903553  	32.56887   	30.79184   	21.57889283
07/07/2009 	28.335770  	30.53245   	28.93606   	20.41095722
08/07/2009 	28.166967  	31.41483   	29.07993   	19.17594453
09/07/2009 	28.284653  	32.21161   	30.56410   	17.45479516
10/07/2009 	27.865683  	31.13975   	29.54362   	17.15406211
11/07/2009 	27.814383  	31.28687   	30.62737   	16.81976602
12/07/2009 	26.256563  	31.29009   	29.21782   	17.40544883
13/07/2009 	26.546371  	31.06636   	28.80339   	18.31733978
14/07/2009 	23.209026  	31.13124   	29.02043   	19.53761685
15/07/2009 	25.148979  	31.13729   	27.48305   	19.72996827
16/07/2009 	25.195375  	27.11163   	26.10530   	19.43572664
17/07/2009 	24.267273  	27.11564   	25.35609   	19.44094805
18/07/2009 	25.107754  	26.81651   	26.02614   	19.10634430
19/07/2009 	26.229601  	27.09974   	26.56867   	18.84380372
20/07/2009 	26.288321  	28.12753   	27.25996   	18.84696647
21/07/2009 	23.545391  	28.19206   	27.16354   	18.84918245
22/07/2009 	24.334379  	27.79822   	26.67108   	18.96956205
23/07/2009 	25.656008  	28.49623   	27.32246   	18.65934666
24/07/2009 	26.185385  	29.02873   	27.52101   	18.40844993
25/07/2009 	25.944553  	29.44616   	28.25249   	18.24328025
26/07/2009 	25.759708  	29.39504   	27.45472   	18.70348608
27/07/2009 	24.699013  	29.53640   	27.19374   	19.05328961
28/07/2009 	25.544540  	29.35348   	27.76098   	18.95285062
29/07/2009 	23.520542  	29.07409   	27.60241   	19.15739163
30/07/2009 	24.719421  	29.41723   	26.01139   	19.46736948
31/07/2009 	24.757017  	25.68168   	25.10410   	18.54028289
01/08/2009 	23.354465  	25.57589   	24.88375   	18.53781724
02/08/2009 	22.739372  	25.25978   	24.19942   	18.89334389
03/08/2009 	23.389875  	26.87835   	24.88264   	18.75113050
04/08/2009 	24.143286  	28.93270   	25.93967   	19.14180326
05/08/2009 	23.863716  	28.89995   	26.00559   	19.97810721
06/08/2009 	24.636999  	28.50726   	26.50722   	21.15310907
07/08/2009 	24.650122  	28.51221   	27.23990   	21.04576600
08/08/2009 	25.592545  	28.43529   	27.67853   	20.46026699
09/08/2009 	26.200651  	29.23012   	28.35611   	19.89044933
10/08/2009 	26.347773  	29.49032   	28.61137   	19.91887554
11/08/2009 	26.596249  	29.94102   	29.07031   	20.21721768
12/08/2009 	26.714619  	30.52389   	29.49165   	19.79174256
13/08/2009 	26.897303  	30.71257   	30.00906   	19.37810020
14/08/2009 	27.136747  	31.00750   	30.22008   	19.07969511
15/08/2009 	25.950264  	30.65535   	27.93059   	19.97162739
16/08/2009 	25.521355  	26.42809   	26.02225   	20.33489227
17/08/2009 	25.548853  	29.37630   	26.50588   	19.99859993
18/08/2009 	25.481644  	30.56386   	28.00982   	19.28847619
19/08/2009 	25.830889  	30.70918   	28.96486   	19.21620846
20/08/2009 	25.155020  	30.30575   	26.77795   	20.04538019
21/08/2009 	25.267262  	30.74337   	28.80601   	19.61060754
22/08/2009 	26.158022  	30.72165   	29.76709   	18.50827281
23/08/2009 	26.034346  	30.54120   	29.54785   	18.37979603
24/08/2009 	26.717945  	30.22912   	28.99542   	18.47277339
25/08/2009 	26.944830  	29.97982   	29.05970   	19.10499700
26/08/2009 	27.003807  	30.15682   	28.85288   	19.05186097
27/08/2009 	25.998917  	30.22389   	27.83546   	19.29726966
28/08/2009 	25.971592  	28.27708   	26.41771   	19.13230952
29/08/2009 	26.916014  	28.59579   	27.80751   	18.34427361
30/08/2009 	26.254107  	28.53394   	27.56025   	17.75271396
31/08/2009 	26.338074  	27.00299   	26.64053   	18.32587032
01/09/2009 	26.286112  	27.92087   	26.94386   	18.47832588
02/09/2009 	27.396589  	28.90523   	28.59137   	17.97460854
03/09/2009 	27.841366  	29.82509   	29.17065   	17.89739196
04/09/2009 	28.608452  	29.65916   	29.44935   	17.67644199
05/09/2009 	28.356850  	29.48518   	28.85941   	16.36209188
06/09/2009 	28.285097  	29.55724   	28.88699   	15.85610497
07/09/2009 	28.053423  	29.73857   	29.08609   	15.95641569
08/09/2009 	27.134052  	29.57925   	28.98731   	16.69764195
09/09/2009 	27.445465  	29.45252   	28.93036   	16.97215315
10/09/2009 	28.665510  	29.55666   	29.01381   	16.00736014
11/09/2009 	28.869333  	29.52870   	29.20721   	15.15196331
12/09/2009 	28.910000  	29.48676   	29.23666   	15.49127601
13/09/2009 	29.223259  	29.78910   	29.47961   	15.38188177
14/09/2009 	29.457876  	30.74017   	30.29895   	15.27168208
15/09/2009 	29.956009  	30.66011   	30.50493   	15.88628415
16/09/2009 	29.774086  	30.63183   	30.16151   	15.94126117
17/09/2009 	29.863075  	30.79333   	30.34552   	14.56653651
18/09/2009 	29.892504  	31.19290   	30.72574   	14.58076396
19/09/2009 	30.350336  	31.19464   	30.89936   	14.86990001
20/09/2009 	30.506195  	31.16759   	31.00182   	16.14439243
21/09/2009 	30.601404  	31.76158   	31.18166   	15.94184573
22/09/2009 	29.792048  	32.54089   	31.41923   	16.13830254
23/09/2009 	30.087151  	33.16096   	32.13702   	16.15525639
24/09/2009 	30.426300  	32.40559   	31.78617   	15.74571961
25/09/2009 	30.935789  	32.16613   	31.87895   	15.53569200
26/09/2009 	30.756958  	32.32912   	31.99107   	15.39098332
27/09/2009 	30.462980  	32.39968   	32.01190   	15.67909894
28/09/2009 	29.804829  	32.19751   	31.39306   	16.35564663
29/09/2009 	29.710186  	32.14800   	30.52701   	16.24516308
30/09/2009 	25.686905  	32.16349   	30.13625   	15.89508561
01/10/2009 	26.609772  	32.34983   	30.73684   	14.92853630
02/10/2009 	29.224411  	32.58913   	31.86738   	13.21427288
03/10/2009 	28.089670  	32.58802   	29.49221   	14.37187797
04/10/2009 	27.977833  	30.44785   	29.57158   	14.00844222
05/10/2009 	25.821949  	31.40282   	28.94744   	12.20618776
06/10/2009 	26.153334  	31.81330   	28.59134   	12.52228737
07/10/2009 	26.253963  	30.68331   	27.22817   	14.06813625
08/10/2009 	26.765753  	31.60981   	29.73976   	13.17510158
09/10/2009 	28.340219  	31.74110   	31.14769   	11.39953085
10/10/2009 	27.490726  	31.71131   	30.48404   	11.48864647
11/10/2009 	27.354944  	32.21771   	30.57907   	11.39179995
12/10/2009 	27.383226  	32.06873   	31.40785   	10.91378109
13/10/2009 	31.088022  	33.25172   	32.34994   	 9.76420738
14/10/2009 	27.607222  	33.30839   	32.23488   	 9.23156040
15/10/2009 	27.511669  	33.32062   	32.41630   	 8.53780720
16/10/2009 	28.408354  	33.20496   	32.55363   	10.22514349
17/10/2009 	30.860363  	33.56483   	33.06535   	10.03784092
18/10/2009 	28.983381  	33.62897   	32.45987   	10.23401618
19/10/2009 	29.227236  	33.72619   	32.24045   	10.13406434
20/10/2009 	28.569683  	33.72311   	31.58743   	 9.49601356
21/10/2009 	29.038992  	33.38483   	31.29867   	 8.68538587
22/10/2009 	26.843685  	29.70236   	28.67959   	 7.94587237
23/10/2009 	26.516190  	29.55443   	28.08499   	 8.48798359
24/10/2009 	26.480116  	29.40512   	28.13228   	 9.29029240
25/10/2009 	28.025032  	28.80375   	28.31798   	10.48926278
26/10/2009 	28.767406  	30.56121   	29.54917   	11.34502753
27/10/2009 	29.380375  	30.60678   	29.97286   	11.67890402
28/10/2009 	29.385830  	30.53252   	30.14559   	11.72336465
29/10/2009 	29.005430  	30.54763   	29.88012   	11.84096424
30/10/2009 	28.810986  	30.55686   	29.79957   	11.82504869
31/10/2009 	28.664164  	30.06939   	29.15339   	11.17087160
01/11/2009 	28.359268  	29.85466   	28.85426   	11.48576756
02/11/2009 	28.288740  	30.30514   	29.02033   	11.53097105
03/11/2009 	28.345114  	30.25921   	28.85624   	10.61623975
04/11/2009 	28.414894  	28.69637   	28.55634   	10.34917595
05/11/2009 	28.424536  	28.73637   	28.57125   	 9.91820333
06/11/2009 	28.412893  	29.70071   	28.63750   	 9.37611636
07/11/2009 	28.891563  	29.66725   	29.18760   	10.39041799
08/11/2009 	28.643133  	29.26294   	28.88899   	 8.98858153
09/11/2009 	27.513710  	28.79820   	28.23736   	 7.55822338
10/11/2009 	27.473190  	28.51636   	27.85250   	 7.85788396
11/11/2009 	27.570078  	28.38659   	27.91236   	 8.29049833
12/11/2009 	27.494474  	28.52140   	28.04127   	 7.85443091
13/11/2009 	27.530212  	28.48760   	28.04918   	 9.66915150
14/11/2009 	27.248222  	28.95261   	27.89565   	10.26104327
15/11/2009 	29.010935  	30.36317   	29.96211   	10.43729049
16/11/2009 	27.876045  	30.25253   	29.37538   	10.30247468
17/11/2009 	27.965744  	30.29252   	29.22180   	10.35517921
18/11/2009 	29.571377  	30.39631   	29.96710   	10.67354943
19/11/2009 	29.899216  	30.27090   	30.16451   	10.74907829
20/11/2009 	29.999325  	30.31200   	30.19911   	10.23044451
21/11/2009 	28.419113  	30.21677   	29.91487   	10.60397063
22/11/2009 	28.032595  	30.14115   	29.44519   	10.69902982
23/11/2009 	29.628101  	30.30557   	29.89411   	10.48989757
24/11/2009 	30.076860  	30.71071   	30.46709   	10.50074444
25/11/2009 	30.088446  	30.64952   	30.53122   	10.46798807
26/11/2009 	29.268822  	30.59727   	30.00349   	10.06097615
27/11/2009 	29.295805  	29.67651   	29.46770   	 9.46383059
28/11/2009 	29.452183  	29.68639   	29.53595   	 9.27410434
29/11/2009 	29.360178  	29.65821   	29.50015   	 9.32215548
30/11/2009 	29.420984  	29.50249   	29.45030   	 8.95985542
01/12/2009 	29.324482  	29.69350   	29.55126   	 7.48566648
02/12/2009 	26.783386  	29.69684   	28.43933   	 6.77473662
03/12/2009 	25.533960  	29.29515   	26.75837   	 7.65504342
04/12/2009 	25.359907  	26.69565   	26.26771   	 7.55383118
05/12/2009 	23.904955  	26.67568   	25.13400   	 7.22147204
06/12/2009 	23.297358  	26.29723   	24.53928   	 7.92246969
07/12/2009 	23.837282  	26.66278   	25.56610   	 7.89307671
08/12/2009 	23.723728  	26.65944   	25.41413   	 7.86348375
09/12/2009 	23.038847  	26.13197   	24.82300   	 7.58399125
10/12/2009 	22.748695  	26.18328   	24.93126   	 7.92220899
11/12/2009 	23.510887  	26.02197   	24.43403   	 7.96152568
12/12/2009 	23.627018  	25.99655   	25.10798   	 6.44382585
13/12/2009 	24.832956  	26.81344   	25.74649   	 4.59482212
14/12/2009 	21.127037  	26.71099   	25.10546   	 3.59427598
15/12/2009 	19.965216  	26.59140   	24.03252   	 2.45501660
16/12/2009 	20.993807  	26.52494   	23.94045   	 1.93023707
17/12/2009 	19.216879  	26.21848   	23.56243   	 2.03075184
18/12/2009 	14.320129  	22.33236   	18.99502   	 1.13852627
19/12/2009 	14.121182  	23.76213   	20.17775   	 1.68009309
20/12/2009 	20.741468  	23.52072   	22.17681   	 2.86889955
21/12/2009 	20.644478  	23.37918   	22.79755   	 2.42700637
22/12/2009 	22.392469  	23.73446   	22.92152   	 2.53725359
23/12/2009 	22.096642  	24.02941   	22.81066   	 2.90555248
24/12/2009 	20.959303  	24.15225   	22.81204   	 2.87325468
25/12/2009 	20.346443  	26.02267   	22.30307   	 2.53311141
26/12/2009 	24.803701  	26.37265   	25.59501   	 4.31526119
27/12/2009 	25.347284  	28.09703   	26.92801   	 4.52755183
28/12/2009 	26.072109  	28.85152   	28.06011   	 4.50091280
29/12/2009 	23.783655  	28.20930   	26.82872   	 3.49800757
30/12/2009 	20.866407  	25.31536   	23.55332   	 2.36102009
31/12/2009 	18.337236  	24.99098   	22.43786   	 2.07271615
01/01/2010 	20.650114  	25.49742   	23.87712   	 1.64289585
02/01/2010 	22.019594  	25.60383   	24.02633   	 0.75318139
03/01/2010 	23.136257  	26.35935   	25.06465   	 0.81608347
04/01/2010 	22.686928  	26.59154   	25.12176   	 0.80482433
05/01/2010 	23.124943  	27.04930   	25.24621   	 1.31205555
06/01/2010 	22.515852  	27.91922   	25.27985   	 1.53714762
07/01/2010 	21.159973  	27.42293   	25.29403   	 1.18083301
08/01/2010 	21.135532  	26.25319   	24.97073   	 0.15196293
09/01/2010 	22.705090  	27.74257   	25.67939   	-0.08812529
10/01/2010 	18.005026  	27.79589   	25.15270   	 0.79945823
11/01/2010 	19.482422  	28.02345   	24.77353   	 0.76721419
12/01/2010 	18.828003  	28.02241   	22.71299   	 0.13863669
13/01/2010 	15.537333  	21.79326   	18.25153   	-1.05126414
14/01/2010 	15.706238  	21.84330   	17.44806   	-0.76203630
15/01/2010 	13.964409  	21.91212   	16.95491   	-0.57316998
16/01/2010 	14.332428  	20.92388   	16.65937   	-0.17301250
17/01/2010 	15.321991  	23.19269   	19.61538   	 0.58107390
18/01/2010 	14.182689  	22.66566   	17.21261   	 0.86393743
19/01/2010 	14.141792  	22.13544   	16.81014   	 1.82669976
20/01/2010 	15.008590  	25.85675   	19.22243   	 1.57816431
21/01/2010 	17.793974  	26.43114   	23.42665   	 0.94349978
22/01/2010 	18.430412  	25.66783   	21.51019   	 0.49344307
23/01/2010 	17.189735  	22.06351   	19.73983   	 0.78748397
24/01/2010 	16.817835  	20.83629   	19.32162   	 0.39893046
25/01/2010 	16.027416  	21.54845   	18.89963   	-0.18300992
26/01/2010 	13.133721  	20.51806   	16.86088   	-0.92125673
27/01/2010 	13.546988  	23.22836   	18.69934   	-0.31575896
28/01/2010 	17.265676  	30.39717   	24.09505   	 1.38532556
29/01/2010 	21.174171  	29.35624   	24.48881   	 1.58871158
30/01/2010 	22.843374  	29.11433   	26.33131   	 1.03723408
31/01/2010 	24.201462  	30.87269   	27.84734   	 1.21486395
01/02/2010 	23.878843  	30.95378   	28.96195   	 1.57589431
02/02/2010 	23.356133  	30.78298   	27.30560   	 1.57430870
03/02/2010 	23.100544  	30.31016   	27.72938   	 1.74992530
04/02/2010 	22.535736  	30.25188   	28.66534   	 1.83592142
05/02/2010 	21.672266  	29.97315   	26.75859   	 1.95806064
06/02/2010 	21.554680  	28.03527   	25.49611   	 2.27275511
07/02/2010 	21.613878  	28.00718   	25.68029   	 1.80824083
08/02/2010 	20.181263  	27.96872   	24.05156   	 0.69011927
09/02/2010 	18.170372  	23.24994   	20.88952   	-0.71219991
10/02/2010 	17.948992  	28.13228   	22.13632   	-0.90798672
11/02/2010 	20.610922  	29.16354   	26.90782   	-0.42740748
12/02/2010 	22.790884  	29.21324   	28.06443   	-1.21175626
13/02/2010 	22.311813  	29.62661   	28.31030   	-0.54306544
14/02/2010 	22.878962  	29.93911   	28.44621   	-0.89816283
15/02/2010 	22.635916  	30.15494   	28.15435   	-1.28433721
16/02/2010 	21.076353  	30.06633   	24.41607   	-0.86941632
17/02/2010 	20.517673  	21.95946   	21.30054   	-0.55101796
18/02/2010 	20.665916  	23.98074   	21.71542   	-0.34081346
19/02/2010 	20.843344  	24.29635   	21.83893   	 0.64064045
20/02/2010 	21.322742  	25.24104   	23.30619   	 1.10070013
21/02/2010 	21.214191  	24.61067   	22.87362   	 0.96824491
22/02/2010 	22.433432  	23.67552   	23.20941   	 1.57175955
23/02/2010 	20.848598  	24.47232   	22.44098   	 1.52341653
24/02/2010 	20.941235  	25.54234   	22.59640   	 1.40701997
25/02/2010 	21.010880  	24.04613   	22.21388   	 2.27715985
26/02/2010 	20.899191  	26.53066   	23.34479   	 2.73335534
27/02/2010 	24.899338  	29.16556   	26.15375   	 2.69310590
28/02/2010 	22.597866  	28.86104   	26.02109   	 3.40543379
01/03/2010 	24.618633  	31.25089   	26.70928   	 3.36840219
02/03/2010 	23.609816  	29.08889   	25.65173   	 3.22711278
03/03/2010 	23.355740  	27.88556   	25.06454   	 2.91187717
04/03/2010 	24.436052  	26.04957   	25.26988   	 2.84668392
05/03/2010 	24.735376  	29.44166   	26.77901   	 2.80453698
06/03/2010 	24.367018  	31.08723   	28.68395   	 1.97667530
07/03/2010 	23.057127  	31.11093   	29.45888   	 0.42119919
08/03/2010 	21.778702  	31.10049   	28.56146   	 0.51563638
09/03/2010 	21.967800  	29.55535   	27.97436   	 0.86825688
10/03/2010 	23.152426  	29.49907   	27.54392   	 1.60361081
11/03/2010 	19.274839  	28.96392   	27.22208   	 1.94438138
12/03/2010 	19.857048  	28.79048   	26.39014   	 2.43999195
13/03/2010 	20.026772  	28.89909   	26.38229   	 2.87567375
14/03/2010 	20.043732  	29.54806   	25.66177   	 3.65154220
15/03/2010 	20.129528  	30.87230   	26.45571   	 4.18981524
16/03/2010 	19.691013  	30.92921   	26.74900   	 4.68356961
17/03/2010 	20.222500  	30.57774   	26.92886   	 4.78711121
18/03/2010 	20.526167  	30.92996   	27.31227   	 5.29880749
19/03/2010 	20.647625  	30.72807   	25.24806   	 5.81736665
20/03/2010 	20.587811  	28.28722   	23.06635   	 6.36070562
21/03/2010 	20.475842  	28.40929   	22.33186   	 7.23504841
22/03/2010 	21.576408  	28.47176   	25.02769   	 7.72215988
23/03/2010 	21.150354  	29.07567   	24.17173   	 7.57992301
24/03/2010 	20.137423  	25.60469   	21.30251   	 7.56346204
25/03/2010 	20.286106  	23.23614   	21.36978   	 8.17135808
26/03/2010 	19.806063  	22.95385   	21.48055   	 8.29608924
27/03/2010 	19.806961  	23.67563   	22.32165   	 7.91428403
28/03/2010 	20.852451  	23.81713   	22.48552   	 7.49156341
29/03/2010 	21.142632  	23.43605   	22.31464   	 7.67626857
30/03/2010 	21.082115  	22.75019   	21.82546   	 8.31054896
31/03/2010 	21.293488  	25.36798   	23.47390   	 7.10600519
01/04/2010 	24.634262  	26.03325   	25.44665   	 6.34095604
02/04/2010 	25.452932  	26.03980   	25.76905   	 6.39994239
03/04/2010 	24.955334  	26.06584   	25.43903   	 6.87801792
04/04/2010 	24.479713  	25.83391   	25.12921   	 7.32080302
05/04/2010 	24.387054  	25.74279   	25.15660   	 7.17377364
06/04/2010 	24.535927  	26.01445   	25.31590   	 7.73183892
07/04/2010 	24.493000  	25.81477   	24.97867   	 8.38248607
08/04/2010 	23.186731  	25.76887   	24.59426   	 9.03171200
09/04/2010 	23.248329  	25.64309   	24.45282   	 9.75088871
10/04/2010 	23.016621  	25.49457   	24.01707   	 9.72628603
11/04/2010 	22.929554  	26.13480   	23.97360   	 8.25286834
12/04/2010 	24.122631  	26.52893   	25.68245   	 7.47484772
13/04/2010 	23.531713  	27.09213   	26.24006   	 7.90126148
14/04/2010 	24.761602  	27.74095   	26.83507   	 7.84403925
15/04/2010 	24.493471  	28.24065   	27.24877   	 7.98733161
16/04/2010 	24.776430  	28.34299   	27.57827   	 8.34264432
17/04/2010 	24.560480  	28.92689   	27.55690   	 8.90437537
18/04/2010 	25.006721  	29.44594   	28.11623   	 9.35656774
19/04/2010 	25.297741  	30.18587   	28.91069   	 8.69467591
20/04/2010 	25.676922  	30.51510   	28.80704   	 8.77371049
21/04/2010 	25.693899  	31.93814   	29.93652   	 8.28051022
22/04/2010 	24.807508  	31.98443   	30.16272   	 7.66969692
23/04/2010 	25.123728  	31.96169   	30.31299   	 7.87757598
24/04/2010 	25.944279  	31.56283   	30.46417   	 8.41791652
25/04/2010 	26.329720  	31.62307   	30.15154   	 9.11131800
26/04/2010 	26.701448  	31.62331   	30.43294   	10.37029735
27/04/2010 	27.163815  	31.53722   	30.39156   	11.39350696
28/04/2010 	27.522038  	31.21235   	29.83283   	12.22073072
29/04/2010 	27.577616  	30.97733   	29.70330   	12.53728976
30/04/2010 	27.983101  	30.68614   	29.61664   	12.65968792
01/05/2010 	28.031866  	30.75296   	29.93347   	11.96387575
02/05/2010 	28.087378  	30.87572   	30.06356   	10.26703030
03/05/2010 	28.619915  	31.39950   	30.10906   	 8.67001556
04/05/2010 	26.906006  	32.24089   	31.19314   	 8.27518442
05/05/2010 	26.145390  	32.23385   	31.16547   	 8.80101266
06/05/2010 	27.933929  	32.27990   	31.83587   	 8.32188743
07/05/2010 	27.680586  	32.12432   	31.49424   	 8.87560220
08/05/2010 	27.541513  	31.88812   	31.30856   	 9.53227882
09/05/2010 	27.544504  	31.92571   	31.33434   	 9.69100624
10/05/2010 	27.790823  	31.96582   	31.34369   	 9.49128584
11/05/2010 	28.636398  	32.19785   	31.63876   	 8.60223747
12/05/2010 	30.177702  	32.19962   	31.90281   	 8.11089622
13/05/2010 	27.135561  	32.33573   	31.30807   	 8.53701644
14/05/2010 	26.192181  	32.64397   	31.18253   	 9.39394591
15/05/2010 	27.754267  	32.57065   	31.42520   	10.39383888
16/05/2010 	28.421169  	32.73374   	31.64057   	10.42433149
17/05/2010 	27.886232  	32.72200   	31.71942   	10.94451012
18/05/2010 	28.175285  	32.79774   	31.99975   	11.56307159
19/05/2010 	28.607063  	32.86505   	32.10875   	12.26290683
20/05/2010 	27.990112  	32.89293   	32.09270   	13.11365918
21/05/2010 	27.761768  	32.91523   	32.07851   	14.15829861
22/05/2010 	27.866701  	33.04260   	32.35131   	14.52730956
23/05/2010 	26.982569  	33.12921   	31.92204   	15.34328139
24/05/2010 	26.884275  	33.18549   	31.52635   	16.15841985
25/05/2010 	27.415827  	33.25757   	32.05842   	15.46411467
26/05/2010 	28.535713  	33.29332   	32.38249   	13.77776126
27/05/2010 	28.027369  	33.13158   	31.91862   	12.55200841
28/05/2010 	28.093758  	33.00579   	31.71890   	13.75463955
29/05/2010 	28.782242  	32.98802   	31.91679   	13.52583683
30/05/2010 	28.600763  	32.84223   	31.48833   	13.79448503
31/05/2010 	29.677032  	32.73668   	32.17161   	13.55150568
01/06/2010 	29.029720  	32.69512   	32.01518   	14.07884900
02/06/2010 	29.430836  	32.61957   	31.56043   	14.66012392
03/06/2010 	29.483261  	32.45597   	30.86773   	15.07658176
04/06/2010 	28.936228  	32.23062   	31.08883   	15.16401509
05/06/2010 	29.081526  	32.02644   	31.26190   	15.59035967
06/06/2010 	28.726454  	32.17208   	31.25297   	16.99960927
07/06/2010 	27.916842  	32.09164   	30.62391   	16.97576628
08/06/2010 	27.727512  	32.08707   	30.28891   	17.13120649
09/06/2010 	26.462833  	32.11831   	30.48202   	17.75480751
10/06/2010 	27.752237  	32.05475   	30.49936   	17.73259060
11/06/2010 	27.847221  	31.39856   	29.07004   	18.04377246
12/06/2010 	27.972792  	31.21567   	29.69346   	17.36961913
13/06/2010 	27.714775  	31.01189   	29.81182   	16.55533876
14/06/2010 	27.269705  	32.06615   	30.55945   	16.33895107
15/06/2010 	27.934101  	31.75385   	30.96795   	15.50398403
16/06/2010 	26.671911  	32.87677   	31.87555   	14.01075786
17/06/2010 	27.439617  	32.91012   	32.19321   	14.64421628
18/06/2010 	28.046738  	32.90104   	32.28593   	14.64234143
19/06/2010 	29.324406  	33.00467   	32.43282   	13.80292314
20/06/2010 	30.144064  	33.19608   	32.71118   	12.48647304
21/06/2010 	29.869284  	33.24167   	32.69889   	13.02183239
22/06/2010 	30.358225  	33.23930   	32.76022   	15.00366682
23/06/2010 	30.199760  	33.20666   	32.66065   	16.65687642
24/06/2010 	30.732845  	33.18851   	32.68932   	18.12001284
25/06/2010 	31.021196  	33.14004   	32.76144   	18.52220349
26/06/2010 	30.897514  	33.09280   	32.82872   	18.84154439
27/06/2010 	30.939342  	33.17746   	32.85843   	18.17553256
28/06/2010 	31.218113  	33.15802   	32.83758   	19.71118788
29/06/2010 	31.585045  	33.11813   	32.88606   	20.34654752
30/06/2010 	31.589493  	33.23382   	32.98787   	20.00523802
01/07/2010 	31.307884  	33.27013   	33.01005   	19.35914361
02/07/2010 	31.140450  	33.26979   	32.87758   	20.09870843
03/07/2010 	30.766703  	33.27240   	32.77074   	20.93505104
04/07/2010 	31.064796  	33.23799   	32.83358   	21.14328913
05/07/2010 	30.190945  	33.28542   	32.53445   	21.33225950
06/07/2010 	30.889168  	33.34692   	32.76048   	20.01776961
07/07/2010 	30.737333  	33.42579   	32.49250   	19.04911085
08/07/2010 	30.146650  	33.45668   	31.77300   	19.50565434
09/07/2010 	30.563784  	33.60732   	32.56753   	19.71047374
10/07/2010 	30.625549  	33.55515   	32.91608   	21.66794550
11/07/2010 	31.175030  	32.87790   	32.08963   	22.63143988
12/07/2010 	30.206417  	32.22403   	31.49507   	21.79519347
13/07/2010 	31.349258  	32.24499   	31.85338   	20.93542139
14/07/2010 	31.088375  	31.95098   	31.55331   	20.89285882
15/07/2010 	30.459383  	31.48755   	30.79075   	20.80931715
16/07/2010 	29.830280  	30.82816   	30.34752   	19.74877334
17/07/2010 	29.202951  	30.83950   	29.89845   	19.67720489
18/07/2010 	29.135460  	31.41624   	30.45844   	18.62372482
19/07/2010 	29.097652  	31.53871   	30.86525   	18.45836838
20/07/2010 	29.167936  	31.53198   	30.89317   	18.97981417
21/07/2010 	29.522934  	31.23072   	30.64793   	19.74402094
22/07/2010 	29.190594  	31.30100   	30.61232   	20.20442315
23/07/2010 	29.224695  	31.38552   	30.73753   	19.92183109
24/07/2010 	30.408524  	31.33369   	30.70474   	18.92721999
25/07/2010 	30.108362  	30.78340   	30.61400   	19.12182033
26/07/2010 	30.149464  	30.80154   	30.58006   	19.23771469
27/07/2010 	30.190311  	31.22316   	30.86342   	19.34078590
28/07/2010 	29.967066  	31.38194   	30.98335   	19.73139838
29/07/2010 	30.455900  	31.40948   	31.19393   	19.32973675
30/07/2010 	30.255116  	31.77349   	31.37449   	19.05730661
31/07/2010 	29.721399  	31.74807   	30.96255   	19.08040686
01/08/2010 	29.629950  	31.94797   	31.25594   	19.39903605
02/08/2010 	29.571247  	32.24484   	31.56699   	19.44360296
03/08/2010 	29.644320  	32.26461   	31.71809   	19.34691187
04/08/2010 	29.227419  	32.31128   	30.99062   	19.54751432
05/08/2010 	28.731234  	31.89554   	30.54092   	19.05518639
06/08/2010 	28.814831  	31.97007   	30.86963   	18.53288607
07/08/2010 	28.349537  	31.86824   	30.39691   	19.14244628
08/08/2010 	28.246145  	32.10952   	30.70254   	18.97208265
09/08/2010 	28.342855  	32.18999   	30.62899   	18.80757217
10/08/2010 	28.030663  	31.01099   	29.51699   	19.05244362
11/08/2010 	28.057888  	31.06302   	29.91695   	18.84419111
12/08/2010 	28.400116  	30.17851   	29.22337   	18.62394083
13/08/2010 	27.491247  	29.50528   	28.59763   	18.01246730
14/08/2010 	27.498323  	29.30380   	28.40178   	17.76869148
15/08/2010 	27.130758  	28.51206   	27.97563   	18.20708704
16/08/2010 	25.149902  	30.32697   	28.50887   	18.73737033
17/08/2010 	25.170000  	30.09022   	27.97044   	18.99850166
18/08/2010 	25.541155  	29.20739   	27.21301   	18.63618533
19/08/2010 	25.743731  	27.52620   	26.16334   	18.24239671
20/08/2010 	24.453478  	26.31172   	25.89118   	18.36980283
21/08/2010 	22.528589  	26.10653   	24.11313   	18.93331913
22/08/2010 	24.294872  	24.93014   	24.63769   	19.30253422
23/08/2010 	21.505480  	25.81639   	23.97392   	19.31808452
24/08/2010 	24.541901  	28.17129   	26.70198   	18.56210975
25/08/2010 	26.767385  	28.77908   	27.92827   	17.27916034
26/08/2010 	22.783077  	28.07554   	26.39346   	15.40456152
27/08/2010 	24.172634  	25.95044   	25.16846   	15.85200797
28/08/2010 	24.896988  	27.03366   	25.91122   	15.35138514
29/08/2010 	24.988537  	28.37478   	26.69089   	15.50565171
30/08/2010 	27.840189  	30.98942   	29.04242   	14.66510338
31/08/2010 	24.933882  	29.75925   	28.50071   	15.27750544
01/09/2010 	23.423260  	29.57544   	28.30859   	15.35960037
02/09/2010 	23.503098  	29.66221   	28.44324   	15.39802245
03/09/2010 	25.596113  	29.69598   	28.52527   	15.49411619
04/09/2010 	26.649582  	29.30644   	28.47615   	15.44204088
05/09/2010 	25.574415  	28.70218   	27.61466   	15.87966986
06/09/2010 	16.821609  	28.14741   	23.65181   	15.38533709
07/09/2010 	10.713393  	22.03932   	15.28763   	14.16732399
08/09/2010 	 9.745263  	18.83323   	13.37865   	13.98802751
09/09/2010 	 9.723675  	21.71201   	14.31617   	15.50817009
10/09/2010 	 9.300708  	20.94573   	14.48949   	16.00086979
11/09/2010 	 9.325159  	21.58900   	17.49431   	16.45301984
12/09/2010 	17.697149  	23.54297   	19.96817   	16.82041303
13/09/2010 	14.258219  	25.47407   	20.50989   	16.39859058
14/09/2010 	22.086027  	25.11219   	22.95585   	16.82812929
15/09/2010 	23.490683  	27.92666   	24.74521   	16.27397092
16/09/2010 	23.682066  	28.46585   	25.84212   	15.45578738
17/09/2010 	22.604929  	28.88755   	26.20920   	14.02770295
18/09/2010 	22.494829  	29.55626   	27.00442   	13.34691244
19/09/2010 	21.105503  	29.22926   	22.76040   	13.80681827
20/09/2010 	21.106375  	24.13473   	22.83705   	14.92577875
21/09/2010 	20.938307  	24.22058   	22.94548   	15.43961998
22/09/2010 	18.199192  	23.08690   	21.73293   	15.52597404
23/09/2010 	19.728867  	22.90710   	21.69151   	15.87664582
24/09/2010 	20.095654  	23.57768   	21.64086   	15.94770521
25/09/2010 	21.193132  	27.11544   	23.84297   	13.77055542
26/09/2010 	21.847609  	25.54561   	24.13041   	13.03723460
27/09/2010 	22.242056  	27.00868   	24.91064   	12.87446868
28/09/2010 	22.510435  	26.88094   	24.59204   	14.07114331
29/09/2010 	20.801300  	26.45593   	23.71724   	13.11406000
30/09/2010 	19.192692  	24.67681   	21.56310   	12.58474894
01/10/2010 	18.046461  	21.22160   	19.64620   	12.94872085
02/10/2010 	17.219162  	20.04829   	18.41887   	13.63377760
03/10/2010 	19.852259  	21.39739   	20.70214   	14.85193775
04/10/2010 	19.675127  	21.50737   	20.52482   	15.47860297
05/10/2010 	19.677395  	21.91943   	20.27267   	15.86991835
06/10/2010 	19.895197  	22.71074   	21.54360   	15.79135293
07/10/2010 	19.946224  	22.58664   	21.03127   	15.59942170
08/10/2010 	19.541693  	23.02866   	20.90979   	15.45477192
09/10/2010 	21.541048  	24.08147   	22.52730   	14.19891038
10/10/2010 	21.308899  	24.99412   	23.13601   	12.88028171
11/10/2010 	21.722038  	25.95251   	23.74800   	11.40608108
12/10/2010 	22.196226  	26.46908   	24.66250   	11.60630747
13/10/2010 	21.610666  	27.55549   	25.52631   	12.16758740
14/10/2010 	22.944193  	27.53903   	26.44569   	12.20704720
15/10/2010 	23.045208  	28.21635   	27.11873   	12.24558528
16/10/2010 	22.999079  	29.94724   	28.64054   	10.70701491
17/10/2010 	27.526976  	29.60713   	28.53583   	 8.87769525
18/10/2010 	20.635202  	27.56540   	22.36273   	10.58784856
19/10/2010 	21.775604  	29.14106   	23.49646   	10.66335011
20/10/2010 	22.697813  	30.43303   	28.06216   	 9.15478201
21/10/2010 	23.152468  	30.25369   	26.19870   	 9.22309052
22/10/2010 	23.158396  	24.00715   	23.66523   	 9.72199472
23/10/2010 	22.318960  	24.88173   	23.54846   	 9.82414389
24/10/2010 	22.936323  	29.71979   	26.19782   	 9.33055270
25/10/2010 	24.066402  	31.30775   	29.24356   	 8.17097327
26/10/2010 	23.335760  	31.09388   	28.01769   	 8.15018824
27/10/2010 	23.002798  	24.08220   	23.37040   	 8.92418800
28/10/2010 	23.776239  	24.23699   	24.05351   	 9.89361527
29/10/2010 	22.543684  	24.16130   	23.64451   	 9.78299218
30/10/2010 	22.034142  	24.80729   	23.14016   	10.02130802
31/10/2010 	21.083206  	24.73759   	22.88401   	10.02920812
01/11/2010 	20.258158  	24.05905   	21.51041   	10.10818466
02/11/2010 	20.729002  	24.64043   	23.06683   	10.40720214
03/11/2010 	24.644863  	27.19712   	26.43534   	11.06002669
04/11/2010 	25.981276  	27.92863   	26.61088   	11.44483835
05/11/2010 	26.819078  	28.37412   	27.56936   	12.00611812
06/11/2010 	26.685133  	28.42924   	27.68805   	11.64012881
07/11/2010 	25.411871  	27.88775   	26.77383   	 9.75824320
08/11/2010 	25.581749  	26.07087   	25.79689   	 8.48257082
09/11/2010 	20.050270  	25.93533   	22.87607   	 6.53155258
10/11/2010 	20.632555  	25.68126   	24.12840   	 6.40466968
11/11/2010 	23.270899  	25.32748   	24.19766   	 7.04381471
12/11/2010 	24.529140  	31.06055   	28.91799   	 9.84799008
13/11/2010 	23.880934  	31.11722   	28.69402   	 9.43144530
14/11/2010 	22.882973  	29.43929   	26.30759   	 9.00479952
15/11/2010 	23.394753  	28.23116   	25.82368   	 8.59473509
16/11/2010 	23.662514  	27.90978   	26.07299   	 7.75385828
17/11/2010 	22.222021  	30.43809   	25.19132   	 6.90842773
18/11/2010 	22.446226  	30.44628   	26.87823   	 6.58153487
19/11/2010 	22.765392  	30.27064   	27.12952   	 6.19364635
20/11/2010 	22.238255  	30.07291   	26.29681   	 5.98146493
21/11/2010 	17.963221  	28.31598   	21.48177   	 5.89149604
22/11/2010 	20.181425  	26.64668   	23.66235   	 5.91488531
23/11/2010 	22.478640  	27.19898   	25.21345   	 5.85101559
24/11/2010 	21.912659  	28.75271   	26.49258   	 5.28052349
25/11/2010 	23.232288  	29.37100   	27.97912   	 4.60738121
26/11/2010 	23.819355  	29.26842   	28.14654   	 3.80388218
27/11/2010 	22.601187  	28.91628   	27.65559   	 3.10273502
28/11/2010 	21.867172  	28.50425   	25.78203   	 2.58209464
29/11/2010 	13.896914  	23.16425   	19.60852   	 1.23641840
30/11/2010 	13.832949  	26.99368   	19.64312   	 0.83106556
01/12/2010 	13.190843  	28.97053   	23.87518   	-0.50486552
02/12/2010 	17.927237  	28.69783   	23.56335   	-1.29215859
03/12/2010 	21.712746  	27.92896   	25.32771   	-1.08689322
04/12/2010 	22.793098  	27.32523   	24.45500   	 1.58164235
05/12/2010 	24.297548  	25.17367   	24.78508   	 2.49039724
06/12/2010 	23.341864  	24.77416   	23.89624   	 2.06167380
07/12/2010 	22.983973  	25.14006   	23.88413   	 0.96667184
08/12/2010 	23.268879  	26.39468   	25.10991   	 0.17862223
09/12/2010 	25.687265  	29.81593   	27.26748   	 1.57841356
10/12/2010 	25.105228  	31.23477   	28.33234   	 2.86728030
11/12/2010 	25.145641  	31.26411   	28.89109   	 4.34349835
12/12/2010 	27.317892  	31.37771   	30.59106   	 4.68248258
13/12/2010 	27.603514  	31.19708   	30.60442   	 2.48998001
14/12/2010 	27.050413  	31.13046   	30.33113   	 1.49119535
15/12/2010 	27.184423  	30.69872   	30.30515   	 1.96581561
16/12/2010 	26.357002  	30.67095   	28.91736   	 2.28399792
17/12/2010 	26.624660  	30.62777   	29.72701   	 1.60938306
18/12/2010 	21.644711  	30.55395   	26.08696   	 1.28582708
19/12/2010 	21.154732  	30.39528   	25.16228   	-0.01823611
20/12/2010 	23.406477  	30.27266   	26.85936   	-1.12435014
21/12/2010 	23.405155  	30.23481   	26.66666   	-1.38821940
22/12/2010 	21.569374  	27.79776   	24.36683   	-1.34180459
23/12/2010 	24.645639  	30.40051   	27.66330   	 0.11720671
24/12/2010 	28.264626  	30.80577   	30.20233   	-0.04181980
25/12/2010 	25.010654  	30.93063   	29.73855   	-0.60500544
26/12/2010 	24.701124  	31.03985   	29.85804   	-0.41680640
27/12/2010 	24.108644  	31.03616   	29.18629   	 0.19436691
28/12/2010 	21.789917  	31.00882   	27.90207   	 0.21276592
29/12/2010 	21.013844  	27.75778   	23.98866   	 0.12465529
30/12/2010 	20.407555  	29.86555   	24.46673   	 0.29167511
31/12/2010 	21.817768  	30.71123   	27.12660   	 0.92342063
