date	smin	smax	smean	tmean
01/01/2009  	24.73557    	30.57932    	28.67075    	 2.527051852
02/01/2009  	23.74965    	30.63981    	28.23336    	 2.373380865
03/01/2009  	25.80811    	30.91588    	29.01048    	 2.492476596
04/01/2009  	26.36898    	31.11963    	28.77793    	 2.674741690
05/01/2009  	25.40080    	30.88722    	28.25297    	 2.208902591
06/01/2009  	27.18223    	31.23239    	29.58439    	 1.785453807
07/01/2009  	28.19366    	31.59478    	30.23749    	 2.162947975
08/01/2009  	26.46037    	31.32260    	29.61369    	 1.787513913
09/01/2009  	24.63092    	31.26982    	28.64423    	 1.395726614
10/01/2009  	24.16556    	31.32101    	28.17303    	 0.977201296
11/01/2009  	19.59610    	30.90996    	25.90067    	 0.515521692
12/01/2009  	17.26284    	25.11366    	21.27973    	 0.310298219
13/01/2009  	17.03970    	26.95836    	21.59422    	 1.250240792
14/01/2009  	16.64545    	27.10057    	22.05218    	 1.709223303
15/01/2009  	16.48200    	27.18846    	21.77870    	 1.693510026
16/01/2009  	17.54080    	26.49730    	22.06132    	 1.578415784
17/01/2009  	13.66241    	26.19555    	20.52405    	 1.686914250
18/01/2009  	13.87430    	21.76004    	17.27991    	 2.134436801
19/01/2009  	18.18068    	24.42475    	21.70431    	 2.870733768
20/01/2009  	21.94479    	23.77944    	23.01297    	 3.025136491
21/01/2009  	22.91480    	23.28762    	23.12443    	 2.912985459
22/01/2009  	17.62509    	23.03596    	21.39651    	 2.402765932
23/01/2009  	16.78020    	25.53245    	22.55073    	 2.474616443
24/01/2009  	18.56656    	24.95052    	22.05254    	 2.880377303
25/01/2009  	18.19324    	25.75263    	22.21870    	 2.967265571
26/01/2009  	17.88713    	26.62449    	23.44502    	 2.679088329
27/01/2009  	17.73248    	26.90090    	23.58046    	 2.183120827
28/01/2009  	19.33520    	27.64952    	24.18744    	 1.928835742
29/01/2009  	18.60619    	27.24789    	24.06283    	 1.530598288
30/01/2009  	18.85560    	27.17842    	23.77263    	 1.135036564
31/01/2009  	20.54185    	27.27292    	24.43974    	 0.824517023
01/02/2009  	21.26334    	28.03972    	25.47773    	 0.669001470
02/02/2009  	24.20837    	28.69490    	26.62305    	 0.647011845
03/02/2009  	25.17371    	29.07852    	27.51968    	 0.936823802
04/02/2009  	25.22595    	28.89050    	27.74662    	 1.064055013
05/02/2009  	25.72040    	29.06128    	27.93097    	 1.121335828
06/02/2009  	25.13487    	28.72269    	27.33801    	 1.324689962
07/02/2009  	24.53530    	29.29353    	27.08374    	 1.430756802
08/02/2009  	24.52363    	29.57347    	27.33910    	 1.453345080
09/02/2009  	21.15169    	29.48993    	26.33142    	 1.505997171
10/02/2009  	21.32528    	30.36427    	26.70047    	 1.636075800
11/02/2009  	22.85515    	30.50119    	26.62907    	 1.814022412
12/02/2009  	23.42863    	30.66986    	26.91652    	 2.010868651
13/02/2009  	24.07793    	30.75037    	27.15102    	 2.211561476
14/02/2009  	24.08389    	30.83497    	27.35157    	 2.017340514
15/02/2009  	20.71000    	30.66237    	26.90507    	 2.172109038
16/02/2009  	20.80709    	30.16412    	26.08764    	 2.491373012
17/02/2009  	20.99430    	30.05004    	25.98745    	 2.834662740
18/02/2009  	20.59082    	28.65722    	24.81534    	 2.768256982
19/02/2009  	18.19468    	26.48047    	22.65556    	 2.637423446
20/02/2009  	16.39713    	25.23925    	20.92886    	 2.855005493
21/02/2009  	15.74770    	26.91198    	21.82232    	 3.015723512
22/02/2009  	15.72203    	28.39273    	22.73348    	 3.346683393
23/02/2009  	15.44870    	29.01387    	22.82300    	 3.721725613
24/02/2009  	16.21709    	29.23940    	23.34225    	 3.856303126
25/02/2009  	14.05512    	29.34833    	22.74062    	 4.029019947
26/02/2009  	13.47816    	28.81849    	22.26099    	 4.332930664
27/02/2009  	11.28781    	29.22997    	20.79662    	 4.742332190
28/02/2009  	12.14232    	29.32366    	21.76517    	 4.965454598
01/03/2009  	13.92081    	29.47517    	23.50884    	 4.904252976
02/03/2009  	15.96242    	29.70146    	24.01749    	 5.093022019
03/03/2009  	14.02994    	28.78260    	21.62956    	 5.097730080
04/03/2009  	12.39450    	23.98952    	17.46270    	 4.925603241
05/03/2009  	15.07362    	24.05341    	20.69010    	 4.952589343
06/03/2009  	14.14253    	25.77081    	21.16575    	 4.945010493
07/03/2009  	15.83899    	26.18522    	22.19113    	 4.828792145
08/03/2009  	13.07033    	23.49440    	19.40007    	 5.025084525
09/03/2009  	11.65019    	23.05877    	18.29751    	 5.041187753
10/03/2009  	11.69116    	26.12710    	18.92960    	 4.954182615
11/03/2009  	12.10309    	26.75894    	20.32254    	 4.913297484
12/03/2009  	12.56475    	27.95643    	20.39148    	 5.131593257
13/03/2009  	13.62366    	28.00919    	22.20012    	 5.327852259
14/03/2009  	13.94903    	28.40124    	21.63834    	 5.577509662
15/03/2009  	16.13631    	28.42661    	23.34421    	 5.757320484
16/03/2009  	14.61925    	28.32060    	22.39443    	 6.065962126
17/03/2009  	15.50757    	28.55945    	23.56998    	 6.247545093
18/03/2009  	16.32093    	27.98702    	22.61160    	 6.400449812
19/03/2009  	17.87109    	27.75243    	24.09605    	 6.450862835
20/03/2009  	18.79981    	25.80946    	23.09735    	 6.541513284
21/03/2009  	18.14979    	25.36295    	22.96667    	 6.506493102
22/03/2009  	17.88038    	26.67544    	22.14621    	 6.484211773
23/03/2009  	14.75620    	25.53569    	20.55498    	 6.635887176
24/03/2009  	13.51398    	27.33936    	21.27569    	 6.298242331
25/03/2009  	14.76211    	28.34697    	21.55088    	 6.236570527
26/03/2009  	10.54998    	25.34727    	19.31601    	 6.310086608
27/03/2009  	11.77988    	24.82000    	19.14651    	 6.296831002
28/03/2009  	10.45431    	27.22053    	20.22725    	 6.234515925
29/03/2009  	12.70932    	27.34408    	21.09202    	 6.297023604
30/03/2009  	12.86989    	27.61794    	21.44485    	 6.287246654
31/03/2009  	13.63739    	27.71399    	21.29197    	 6.525220305
01/04/2009  	13.95525    	27.41662    	22.24483    	 6.876061052
02/04/2009  	15.80404    	27.73814    	23.58237    	 7.363851537
03/04/2009  	18.16314    	27.70609    	24.15813    	 7.786802888
04/04/2009  	15.77232    	26.24536    	22.97161    	 8.136650711
05/04/2009  	15.27145    	26.90097    	22.11920    	 8.291416099
06/04/2009  	15.66186    	27.52480    	22.86073    	 8.346788744
07/04/2009  	16.88787    	27.74600    	23.06307    	 8.643042286
08/04/2009  	14.59020    	25.32391    	20.97467    	 8.839992126
09/04/2009  	14.61957    	26.13729    	20.49769    	 8.879402936
10/04/2009  	15.22829    	27.14843    	21.35634    	 9.378304601
11/04/2009  	16.24138    	27.82422    	22.95870    	 9.750941992
12/04/2009  	17.21247    	28.00309    	23.95955    	 9.988430580
13/04/2009  	18.06215    	28.07847    	24.34356    	10.195412358
14/04/2009  	18.75521    	28.38765    	24.82623    	10.304318249
15/04/2009  	19.94226    	28.60238    	25.42614    	10.575829168
16/04/2009  	21.37226    	28.67899    	25.96859    	10.925629814
17/04/2009  	22.72709    	28.37925    	26.25830    	10.943827967
18/04/2009  	23.99335    	28.46043    	26.56758    	10.765259604
19/04/2009  	24.00785    	28.27171    	26.58536    	10.931007624
20/04/2009  	23.47260    	28.41622    	26.64186    	11.173503002
21/04/2009  	22.85536    	28.67147    	26.66296    	11.384675244
22/04/2009  	23.25647    	29.49475    	27.31421    	11.248434365
23/04/2009  	22.83685    	29.94609    	27.10528    	11.315831741
24/04/2009  	23.06620    	30.35427    	27.53705    	11.584348877
25/04/2009  	23.50648    	30.98134    	28.11079    	11.759828130
26/04/2009  	23.88066    	31.13702    	28.54375    	12.004718065
27/04/2009  	24.69669    	31.08483    	28.92753    	12.126952946
28/04/2009  	24.86668    	31.27942    	28.72211    	12.183631202
29/04/2009  	24.82976    	31.28515    	28.72214    	12.354820013
30/04/2009  	24.70618    	31.12566    	28.68080    	12.729807178
01/05/2009  	25.19875    	31.11420    	29.03245    	13.266804755
02/05/2009  	27.08832    	31.30340    	29.77570    	13.476360142
03/05/2009  	26.14565    	31.08837    	29.80626    	13.407395383
04/05/2009  	26.95044    	31.09088    	29.27929    	12.823344251
05/05/2009  	24.81061    	30.52243    	28.26234    	12.343647083
06/05/2009  	23.75328    	30.38966    	27.65148    	12.115931213
07/05/2009  	22.59631    	30.25309    	26.85195    	12.286581477
08/05/2009  	23.11482    	29.74038    	26.66720    	12.499396761
09/05/2009  	21.97087    	28.77907    	25.43812    	12.520229141
10/05/2009  	22.06147    	29.71702    	26.13813    	12.854661047
11/05/2009  	22.49220    	30.12918    	27.05788    	12.718373656
12/05/2009  	24.36379    	30.19715    	27.85470    	12.297445099
13/05/2009  	26.00386    	30.44301    	28.75541    	12.621931752
14/05/2009  	26.35182    	30.47731    	29.04521    	12.765550872
15/05/2009  	26.47081    	30.45803    	29.16511    	12.999982834
16/05/2009  	23.62063    	30.30479    	28.07822    	13.159513553
17/05/2009  	23.86223    	28.33450    	26.08048    	13.458204985
18/05/2009  	21.59754    	26.32819    	24.25026    	13.641899566
19/05/2009  	21.16274    	26.12854    	23.34312    	13.772736867
20/05/2009  	20.94702    	27.09897    	23.55389    	13.967981199
21/05/2009  	20.89092    	28.13553    	24.77319    	14.150834302
22/05/2009  	21.63664    	28.76804    	25.60980    	14.269464314
23/05/2009  	21.73412    	29.18880    	25.95754    	14.663570543
24/05/2009  	21.76115    	29.95836    	26.73234    	15.196645002
25/05/2009  	22.23352    	30.45908    	27.23712    	15.730004390
26/05/2009  	23.10966    	30.53660    	28.14719    	15.940882405
27/05/2009  	19.67833    	30.05085    	26.10587    	15.491684914
28/05/2009  	19.35017    	29.44540    	24.43983    	15.387091637
29/05/2009  	19.67669    	29.86022    	25.19205    	15.727887154
30/05/2009  	21.03231    	30.18029    	26.57435    	15.771105667
31/05/2009  	23.70544    	30.48812    	27.86479    	16.114442845
01/06/2009  	25.00869    	30.58591    	28.58164    	16.663757404
02/06/2009  	26.36957    	30.77457    	29.29668    	16.425893029
03/06/2009  	27.41102    	31.13103    	29.77786    	15.204001009
04/06/2009  	28.45580    	31.25417    	29.88247    	13.962004642
05/06/2009  	28.67757    	31.55708    	29.91752    	13.164159358
06/06/2009  	28.18311    	31.83688    	30.01082    	13.280852159
07/06/2009  	28.45610    	32.10284    	30.42073    	13.619045436
08/06/2009  	28.43946    	31.95911    	30.46965    	14.442292432
09/06/2009  	28.24622    	32.19015    	30.49386    	15.131698608
10/06/2009  	26.98339    	31.50411    	29.86160    	15.579481363
11/06/2009  	27.79330    	32.10738    	29.95701    	15.873616954
12/06/2009  	27.94865    	31.93060    	30.09356    	16.058879336
13/06/2009  	27.01093    	31.96506    	29.79036    	16.321689824
14/06/2009  	26.23619    	32.06085    	29.68388    	16.801918467
15/06/2009  	26.37088    	31.92957    	29.43547    	17.163097580
16/06/2009  	26.80732    	31.98940    	29.99353    	17.226779461
17/06/2009  	25.56361    	31.78713    	29.47089    	17.356155157
18/06/2009  	24.69154    	31.78484    	29.54046    	17.311653773
19/06/2009  	22.51799    	30.27789    	26.73167    	17.023753405
20/06/2009  	20.04822    	30.96460    	25.31555    	16.741611878
21/06/2009  	20.36800    	31.95202    	27.01096    	16.598637104
22/06/2009  	22.33882    	32.12730    	28.33908    	16.384861012
23/06/2009  	24.33323    	32.23352    	29.21370    	16.800057948
24/06/2009  	26.30005    	32.23812    	30.06831    	17.263625642
25/06/2009  	28.03085    	32.24625    	30.54050    	17.803463499
26/06/2009  	28.81260    	32.27826    	30.81728    	18.493190487
27/06/2009  	28.55374    	32.22343    	30.70730    	19.117675821
28/06/2009  	28.63258    	32.21036    	30.78204    	19.648504535
29/06/2009  	28.89585    	32.20404    	30.92488    	20.400130908
30/06/2009  	29.25355    	32.20490    	31.08199    	20.917620420
01/07/2009  	29.78487    	32.21046    	31.25512    	21.202638467
02/07/2009  	30.20318    	32.26438    	31.43797    	21.220843116
03/07/2009  	30.44211    	32.34265    	31.68944    	21.300939361
04/07/2009  	30.43408    	32.32307    	31.68517    	21.687771161
05/07/2009  	29.72976    	32.31540    	31.44671    	22.066198746
06/07/2009  	26.15249    	32.38896    	30.56070    	21.988212347
07/07/2009  	22.67726    	30.82295    	27.58311    	20.818943183
08/07/2009  	22.56897    	31.57355    	27.55276    	20.152944525
09/07/2009  	22.34349    	31.71028    	27.51100    	18.976203402
10/07/2009  	22.44440    	30.63182    	27.45484    	17.403737366
11/07/2009  	23.52632    	31.71932    	27.14393    	16.971008102
12/07/2009  	23.11693    	31.50608    	27.37661    	17.409955064
13/07/2009  	22.95905    	31.27015    	27.13071    	18.044942856
14/07/2009  	22.77403    	31.14790    	27.30662    	19.001671751
15/07/2009  	21.00325    	30.82874    	27.16563    	19.623655637
16/07/2009  	19.95509    	29.45036    	24.52264    	19.736205101
17/07/2009  	23.78459    	29.77047    	27.03402    	19.825429042
18/07/2009  	21.75607    	27.90804    	25.00549    	19.117698550
19/07/2009  	21.05121    	25.59184    	23.84968    	18.608777960
20/07/2009  	22.36033    	25.32117    	23.70732    	18.477257927
21/07/2009  	22.38579    	27.70499    	24.42903    	18.481112480
22/07/2009  	22.34056    	28.13795    	25.18569    	18.883111040
23/07/2009  	22.45820    	28.76619    	25.59966    	19.068009853
24/07/2009  	23.10494    	28.82424    	26.00508    	18.970948815
25/07/2009  	22.84438    	29.18224    	26.15845    	18.948800842
26/07/2009  	22.42438    	29.46916    	25.91207    	19.037700494
27/07/2009  	22.55082    	29.74766    	26.72286    	19.380940318
28/07/2009  	23.33057    	29.51499    	27.02175    	19.361498396
29/07/2009  	23.17894    	29.35110    	26.85416    	19.467573404
30/07/2009  	21.29404    	29.41732    	26.37753    	19.142003616
31/07/2009  	20.67317    	27.26285    	24.24922    	18.366004348
01/08/2009  	21.94894    	28.05104    	25.56941    	18.510085901
02/08/2009  	23.85627    	29.02402    	26.63591    	18.803997517
03/08/2009  	21.76838    	29.19320    	25.90242    	18.964361986
04/08/2009  	21.61922    	29.50949    	26.07479    	19.294395487
05/08/2009  	21.77006    	29.70545    	26.54477    	19.759688139
06/08/2009  	22.62166    	30.28389    	27.61916    	20.388167024
07/08/2009  	22.70266    	30.61287    	27.90857    	20.835056067
08/08/2009  	23.69009    	30.67982    	28.15902    	20.870826523
09/08/2009  	23.36591    	30.98036    	28.33923    	20.755751928
10/08/2009  	23.91610    	31.04326    	28.69150    	20.915723085
11/08/2009  	25.91678    	30.96222    	29.21711    	21.210178812
12/08/2009  	26.27206    	30.96720    	29.37548    	21.112797499
13/08/2009  	26.58102    	31.01034    	29.27486    	20.851776401
14/08/2009  	26.66514    	30.97733    	29.11639    	20.761142095
15/08/2009  	23.64653    	30.78226    	28.15038    	20.383416494
16/08/2009  	23.48066    	28.95381    	26.47851    	20.067724586
17/08/2009  	23.09117    	30.04718    	26.87226    	20.057939092
18/08/2009  	22.76980    	30.45748    	27.11227    	19.900479396
19/08/2009  	22.56549    	30.91184    	27.39756    	19.886014303
20/08/2009  	23.28160    	31.22021    	28.32990    	20.206637422
21/08/2009  	23.11234    	30.91287    	28.06658    	20.111838142
22/08/2009  	23.19831    	30.94746    	27.70295    	19.930471818
23/08/2009  	23.07456    	31.12793    	27.65999    	20.180298527
24/08/2009  	23.64722    	31.35082    	28.54997    	20.261077960
25/08/2009  	25.36051    	31.31560    	29.44676    	20.637309353
26/08/2009  	25.43445    	31.02051    	28.91978    	19.970436613
27/08/2009  	25.06030    	29.84466    	27.66954    	19.480314175
28/08/2009  	23.03411    	28.20893    	25.38781    	18.739086191
29/08/2009  	24.48343    	27.28506    	25.83864    	17.262787700
30/08/2009  	24.76363    	26.51317    	25.79711    	16.608665029
31/08/2009  	25.11315    	26.19801    	25.88452    	16.227470756
01/09/2009  	25.33387    	28.00930    	26.28517    	16.544863820
02/09/2009  	24.35864    	26.21170    	25.32241    	16.995511214
03/09/2009  	21.28723    	26.09122    	24.23129    	16.819663127
04/09/2009  	23.74936    	29.65013    	26.94834    	15.958581845
05/09/2009  	25.86567    	28.75716    	27.72324    	15.938440681
06/09/2009  	25.36246    	28.41757    	27.25045    	15.825369279
07/09/2009  	25.31820    	28.44306    	27.15968    	15.853482167
08/09/2009  	25.85259    	28.49877    	27.24301    	16.250051995
09/09/2009  	26.12931    	29.29266    	27.77736    	16.705604355
10/09/2009  	25.82866    	29.06266    	27.46714    	16.759216309
11/09/2009  	26.82323    	29.48711    	28.01572    	16.358244816
12/09/2009  	26.79907    	29.64364    	28.42282    	16.510762711
13/09/2009  	26.92088    	30.14268    	28.83978    	16.535360952
14/09/2009  	26.51787    	30.17814    	28.93775    	16.222298761
15/09/2009  	26.40776    	30.14972    	29.10382    	16.182441354
16/09/2009  	26.11457    	30.70861    	29.35272    	16.245046397
17/09/2009  	26.38832    	31.08908    	29.27018    	15.819218795
18/09/2009  	27.03316    	31.41402    	29.49410    	15.791524450
19/09/2009  	27.39548    	31.61176    	29.82964    	16.187668880
20/09/2009  	27.64259    	31.95916    	30.09635    	16.656389117
21/09/2009  	27.70993    	32.12813    	30.04084    	16.618641376
22/09/2009  	29.09172    	32.29235    	30.80201    	16.872069915
23/09/2009  	29.42056    	32.30879    	31.10048    	16.768500725
24/09/2009  	29.27804    	32.29184    	31.06281    	16.542370220
25/09/2009  	29.66750    	32.42781    	31.21941    	16.529042006
26/09/2009  	30.00266    	32.47381    	31.55026    	16.713321487
27/09/2009  	30.55605    	32.52878    	31.84288    	16.912682096
28/09/2009  	31.51297    	32.51812    	32.20038    	17.054184516
29/09/2009  	30.17645    	32.39415    	31.62042    	16.647515416
30/09/2009  	29.94563    	32.45758    	31.40753    	16.339598735
01/10/2009  	30.38873    	32.79912    	31.79601    	15.947331270
02/10/2009  	30.16540    	32.95979    	31.70906    	14.714048425
03/10/2009  	25.11615    	32.82056    	30.65639    	13.982314805
04/10/2009  	29.27210    	32.68482    	31.86726    	12.845690211
05/10/2009  	26.39609    	32.94601    	30.49737    	12.664218883
06/10/2009  	26.43940    	32.90666    	30.67168    	12.861171881
07/10/2009  	25.08171    	32.29207    	29.41801    	13.494321247
08/10/2009  	25.88756    	32.57620    	29.82772    	13.505175392
09/10/2009  	25.97812    	32.57958    	29.79400    	12.870070934
10/10/2009  	26.54496    	32.58728    	30.42510    	12.525526583
11/10/2009  	26.32148    	32.57458    	30.38986    	12.582823038
12/10/2009  	27.62307    	32.46673    	30.23368    	11.622348607
13/10/2009  	29.24385    	32.76879    	31.22386    	10.861668428
14/10/2009  	28.50038    	32.65776    	31.28983    	10.633755644
15/10/2009  	29.13467    	32.57980    	31.40108    	 9.850132177
16/10/2009  	30.19088    	33.23994    	31.93645    	10.273677697
17/10/2009  	31.63362    	33.14181    	32.40264    	 9.496572196
18/10/2009  	31.68089    	33.19350    	32.46008    	 9.622832080
19/10/2009  	30.54920    	33.36227    	32.61709    	 9.980020563
20/10/2009  	30.42174    	33.19913    	32.21805    	 9.395129879
21/10/2009  	30.29809    	33.20096    	32.22842    	 8.826325615
22/10/2009  	28.46177    	33.18111    	31.58360    	 8.409071952
23/10/2009  	27.78632    	32.77480    	30.71668    	 8.728290260
24/10/2009  	26.75191    	32.62680    	29.33860    	 9.063647489
25/10/2009  	23.64230    	28.98117    	25.80947    	 9.979869624
26/10/2009  	24.40207    	27.15638    	26.16449    	10.797639529
27/10/2009  	25.92040    	27.13202    	26.74876    	11.070711136
28/10/2009  	26.46532    	27.34335    	26.93071    	11.117232800
29/10/2009  	25.99802    	28.87086    	27.36443    	11.204690874
30/10/2009  	25.81822    	28.82536    	27.28020    	11.196493963
31/10/2009  	25.28848    	29.24785    	27.75622    	10.840454459
01/11/2009  	24.50461    	29.60902    	27.81365    	10.973399361
02/11/2009  	23.18747    	28.46122    	26.34546    	11.141181389
03/11/2009  	22.68222    	29.12020    	25.76936    	10.715543250
04/11/2009  	22.10509    	28.40172    	25.49269    	10.311391632
05/11/2009  	20.86806    	27.90952    	25.09724    	 9.977491776
06/11/2009  	21.21963    	27.81153    	24.84333    	 9.875390291
07/11/2009  	21.63419    	27.53793    	24.78980    	 9.714760025
08/11/2009  	20.30307    	27.81306    	24.79872    	 9.449874083
09/11/2009  	19.94799    	28.10811    	25.28357    	 8.998498797
10/11/2009  	22.80252    	28.81071    	26.89639    	 9.182266643
11/11/2009  	23.42610    	29.30272    	26.94439    	 9.202659448
12/11/2009  	22.24193    	28.90536    	26.10351    	 8.906863153
13/11/2009  	17.89167    	27.26164    	23.34225    	 9.125784258
14/11/2009  	18.98641    	24.94789    	22.30880    	10.048365970
15/11/2009  	20.71237    	25.67745    	23.85689    	10.087292294
16/11/2009  	21.23023    	26.04751    	24.38028    	10.024070263
17/11/2009  	21.42544    	26.47912    	24.69537    	10.089882374
18/11/2009  	22.84814    	28.24710    	25.60389    	10.051190555
19/11/2009  	25.91170    	29.44565    	27.76438    	10.750827034
20/11/2009  	25.14178    	29.47079    	28.58605    	10.284898221
21/11/2009  	23.22660    	29.38006    	27.01481    	10.234244724
22/11/2009  	19.77241    	28.74368    	24.97062    	10.450669408
23/11/2009  	25.03000    	28.76388    	27.34835    	10.157560349
24/11/2009  	26.74418    	29.87155    	28.65629    	10.074328403
25/11/2009  	26.57175    	29.89419    	28.76655    	10.358246783
26/11/2009  	27.46200    	30.34783    	28.93496    	 9.525424918
27/11/2009  	28.10354    	30.40509    	29.81286    	 9.127237598
28/11/2009  	28.55313    	30.41901    	29.91020    	 8.540930182
29/11/2009  	26.45869    	30.35967    	29.01577    	 8.286537369
30/11/2009  	26.17171    	29.78528    	28.77161    	 8.196528902
01/12/2009  	23.03781    	29.89539    	27.47131    	 7.602138887
02/12/2009  	22.73891    	29.74169    	27.36614    	 6.904540976
03/12/2009  	18.66307    	29.47080    	25.57937    	 6.805712163
04/12/2009  	17.44619    	27.17539    	22.62715    	 6.953301390
05/12/2009  	16.37257    	26.39175    	21.02829    	 6.821225961
06/12/2009  	15.39728    	24.91147    	20.46283    	 7.288949480
07/12/2009  	17.14369    	25.07306    	21.76554    	 7.768950065
08/12/2009  	17.64409    	25.31532    	22.30610    	 7.736578912
09/12/2009  	17.83636    	25.30759    	21.55730    	 7.614054392
10/12/2009  	17.82889    	25.68175    	22.31335    	 7.719428996
11/12/2009  	16.97428    	26.24152    	22.42193    	 7.912638098
12/12/2009  	18.68832    	27.05025    	24.23529    	 7.597468495
13/12/2009  	19.03809    	27.38840    	24.67380    	 6.976413359
14/12/2009  	19.93174    	27.86830    	25.17060    	 6.498751332
15/12/2009  	19.15423    	28.15175    	24.89177    	 5.602484733
16/12/2009  	17.64282    	28.05390    	24.07417    	 4.883292044
17/12/2009  	14.92946    	26.43077    	21.51188    	 4.168345491
18/12/2009  	15.97042    	28.00731    	22.38455    	 3.363111571
19/12/2009  	18.03872    	28.11002    	24.22008    	 3.225458487
20/12/2009  	12.37645    	25.39001    	18.24413    	 1.734604700
21/12/2009  	11.80446    	22.74953    	15.87840    	 1.679646075
22/12/2009  	12.81625    	23.48419    	18.93836    	 1.908768944
23/12/2009  	14.71776    	22.48134    	18.34524    	 1.851281849
24/12/2009  	15.79486    	22.05205    	19.31189    	 1.863233979
25/12/2009  	18.93872    	24.80653    	22.01787    	 2.385660047
26/12/2009  	15.28049    	23.41214    	19.21185    	 2.941496631
27/12/2009  	17.47048    	22.53592    	20.06335    	 3.470188295
28/12/2009  	16.70783    	22.25353    	20.21831    	 3.555039455
29/12/2009  	16.01596    	24.94660    	21.47775    	 3.523728798
30/12/2009  	17.39418    	25.70705    	22.72967    	 3.246073864
31/12/2009  	18.83813    	26.28334    	23.41739    	 3.079042991
01/01/2010  	19.10232    	27.96700    	24.41480    	 3.047825448
02/01/2010  	18.75675    	27.72711    	24.30705    	 2.731046155
03/01/2010  	17.03751    	29.08764    	24.41658    	 2.351718646
04/01/2010  	19.65182    	29.55551    	25.05380    	 2.366250115
05/01/2010  	19.01096    	29.71785    	24.66904    	 2.508927892
06/01/2010  	16.54257    	28.93156    	22.81179    	 2.264619944
07/01/2010  	16.39621    	28.91796    	22.27411    	 2.097030693
08/01/2010  	17.22064    	28.21754    	23.39419    	 1.886813152
09/01/2010  	19.81594    	28.37040    	25.43211    	 1.590189255
10/01/2010  	24.87383    	28.58668    	27.51152    	 1.809014315
11/01/2010  	25.07771    	28.92000    	27.62454    	 1.703858752
12/01/2010  	24.40879    	28.98311    	27.30128    	 1.266867915
13/01/2010  	23.40208    	28.80391    	26.86837    	 0.061063614
14/01/2010  	23.35127    	28.99434    	26.72767    	-0.071560955
15/01/2010  	22.86456    	28.58856    	25.79366    	-0.188831275
16/01/2010  	22.92838    	27.20822    	24.83982    	-0.228314573
17/01/2010  	22.97523    	29.22238    	25.95574    	 0.258699245
18/01/2010  	21.63757    	29.19652    	24.98470    	 0.497003201
19/01/2010  	21.68311    	28.97447    	25.07394    	 0.907320390
20/01/2010  	22.01894    	28.89487    	25.12932    	 0.992626478
21/01/2010  	22.56842    	29.23304    	26.14433    	 0.955650981
22/01/2010  	21.76342    	28.71076    	25.00959    	 0.438970509
23/01/2010  	20.16681    	27.85353    	24.27662    	 0.380023234
24/01/2010  	19.54436    	26.50855    	23.01193    	 0.194769250
25/01/2010  	19.81524    	25.91640    	23.20218    	 0.045485069
26/01/2010  	20.80894    	27.23715    	24.44538    	-0.196963198
27/01/2010  	21.55448    	27.79383    	25.53584    	 0.005970922
28/01/2010  	21.35378    	29.20158    	25.68930    	 0.659774082
29/01/2010  	20.98192    	30.12214    	25.71752    	 1.087217973
30/01/2010  	21.31795    	30.59441    	26.43024    	 1.094190729
31/01/2010  	20.26604    	30.38023    	26.60266    	 1.173552162
01/02/2010  	18.35883    	30.41926    	25.07824    	 1.279757114
02/02/2010  	14.27821    	30.39899    	23.12230    	 1.338163185
03/02/2010  	13.91389    	30.40781    	23.16310    	 1.562550052
04/02/2010  	14.12275    	29.82860    	22.60183    	 1.616298345
05/02/2010  	15.29127    	29.48516    	23.04353    	 1.700801641
06/02/2010  	15.99666    	28.84293    	23.92718    	 1.910660560
07/02/2010  	16.91063    	27.95536    	23.77962    	 1.874008777
08/02/2010  	21.73548    	28.08082    	25.58672    	 1.666690243
09/02/2010  	23.82598    	29.25212    	27.11352    	 1.327243681
10/02/2010  	22.97200    	29.25844    	26.72020    	 0.865783309
11/02/2010  	22.50446    	29.24379    	27.23178    	 0.607357461
12/02/2010  	24.07820    	30.13126    	27.88391    	 0.282865889
13/02/2010  	24.24142    	30.77255    	28.25435    	-0.021124663
14/02/2010  	25.93834    	30.98519    	28.71640    	-0.183606385
15/02/2010  	25.46804    	30.98166    	28.77627    	-0.372035388
16/02/2010  	23.75523    	30.56225    	28.11808    	-0.476869306
17/02/2010  	22.31399    	29.83050    	26.34867    	-0.601735052
18/02/2010  	22.42548    	30.04276    	26.50927    	-0.332994233
19/02/2010  	19.75689    	30.15780    	25.49879    	 0.155241712
20/02/2010  	17.31241    	26.87572    	21.05746    	 0.588123812
21/02/2010  	17.49523    	26.01512    	21.97897    	 0.723339096
22/02/2010  	18.66958    	25.69175    	22.66337    	 0.992315901
23/02/2010  	20.95549    	28.05544    	25.09888    	 1.240626149
24/02/2010  	21.77609    	27.98806    	25.78864    	 1.329838447
25/02/2010  	19.10989    	26.91905    	24.10459    	 1.713194124
26/02/2010  	15.94938    	24.86636    	21.16800    	 2.230920571
27/02/2010  	15.05125    	22.21780    	19.49896    	 2.691573287
28/02/2010  	16.23870    	25.42592    	21.67737    	 3.003922890
01/03/2010  	19.27279    	27.32843    	22.88077    	 3.091254711
02/03/2010  	18.94447    	28.36505    	23.04501    	 3.113573601
03/03/2010  	18.76252    	28.83480    	23.65225    	 3.101572250
04/03/2010  	19.03157    	29.40900    	24.81652    	 3.066752513
05/03/2010  	19.38614    	29.60256    	25.97700    	 3.063877439
06/03/2010  	20.93191    	30.39741    	26.24580    	 2.511345256
07/03/2010  	20.58636    	29.52898    	26.19010    	 2.164004973
08/03/2010  	23.18171    	29.78110    	27.43630    	 2.463000017
09/03/2010  	23.93381    	29.83674    	27.88793    	 2.517181990
10/03/2010  	25.23440    	29.63863    	27.69605    	 2.589230448
11/03/2010  	25.84527    	30.12412    	28.53561    	 2.629382024
12/03/2010  	25.17531    	30.43391    	28.59406    	 2.765471915
13/03/2010  	23.68972    	30.47899    	28.09792    	 2.982477670
14/03/2010  	22.19025    	30.78828    	27.61297    	 3.363221501
15/03/2010  	20.96632    	30.76167    	26.95503    	 3.734154647
16/03/2010  	19.18448    	31.03618    	26.01593    	 4.108757133
17/03/2010  	17.41405    	30.98171    	25.25109    	 4.354352191
18/03/2010  	16.89735    	30.46778    	24.54418    	 4.666198581
19/03/2010  	14.72344    	30.86676    	23.30354    	 5.116204818
20/03/2010  	14.64807    	30.66994    	23.32153    	 5.623626997
21/03/2010  	14.52284    	27.76851    	22.03187    	 6.271149655
22/03/2010  	13.97508    	27.48409    	21.57623    	 6.470126758
23/03/2010  	16.22179    	27.65923    	22.37321    	 6.497781833
24/03/2010  	17.70455    	26.65013    	22.95065    	 6.709453464
25/03/2010  	18.37296    	26.11149    	23.27881    	 7.028010021
26/03/2010  	15.94454    	25.48085    	21.91836    	 7.369252821
27/03/2010  	15.47559    	25.87766    	21.18981    	 7.364232779
28/03/2010  	13.94063    	25.67992    	20.46969    	 7.366480658
29/03/2010  	12.41132    	27.30111    	20.98466    	 7.309476465
30/03/2010  	13.36849    	27.98528    	21.32070    	 7.552392443
31/03/2010  	11.88408    	24.16147    	17.88596    	 7.505143245
01/04/2010  	12.67277    	21.42608    	16.71769    	 6.912789484
02/04/2010  	15.04498    	23.09693    	18.86449    	 6.636557301
03/04/2010  	15.77946    	23.56331    	19.88803    	 6.786607256
04/04/2010  	15.60426    	25.08630    	21.09024    	 7.037104130
05/04/2010  	15.89544    	25.24150    	21.25050    	 7.144674629
06/04/2010  	16.42574    	24.80612    	20.76833    	 7.503418307
07/04/2010  	19.18634    	25.39521    	22.32630    	 7.790022502
08/04/2010  	18.95043    	25.53475    	22.31872    	 8.156425933
09/04/2010  	19.17940    	26.31001    	22.94142    	 8.364639799
10/04/2010  	18.53800    	26.78751    	23.42355    	 8.460604350
11/04/2010  	17.58325    	27.13391    	24.07584    	 8.354957938
12/04/2010  	18.61269    	28.03777    	24.99663    	 8.178112676
13/04/2010  	19.31841    	29.07352    	25.70397    	 8.160292208
14/04/2010  	19.80756    	29.45278    	26.21817    	 8.254669517
15/04/2010  	20.09539    	29.98711    	26.84994    	 8.334491024
16/04/2010  	21.88827    	30.14375    	27.51130    	 8.491081884
17/04/2010  	22.42237    	30.73909    	28.03553    	 8.824652135
18/04/2010  	24.53896    	30.96983    	28.66273    	 9.283716063
19/04/2010  	23.50576    	31.09277    	28.64631    	 9.508823435
20/04/2010  	24.69069    	31.23099    	29.61456    	 9.480640372
21/04/2010  	27.18073    	31.50389    	29.69579    	 8.951054414
22/04/2010  	26.73968    	31.61269    	29.00525    	 8.783513645
23/04/2010  	26.98974    	31.99237    	29.83577    	 9.049481889
24/04/2010  	26.49238    	31.88317    	29.74677    	 9.397592028
25/04/2010  	25.64103    	32.10413    	29.94158    	 9.572881579
26/04/2010  	26.41068    	32.21116    	30.02164    	 9.886127313
27/04/2010  	25.79348    	32.19948    	29.66890    	10.306244830
28/04/2010  	25.77543    	32.51840    	29.45851    	10.820188423
29/04/2010  	26.13910    	32.62469    	30.07688    	10.991523465
30/04/2010  	26.27789    	32.43985    	30.19736    	11.266629875
01/05/2010  	24.18979    	31.68955    	28.79822    	11.593682905
02/05/2010  	24.83480    	32.01443    	28.87652    	11.268614233
03/05/2010  	26.65414    	32.02675    	30.10349    	 9.879668852
04/05/2010  	28.24027    	31.70035    	30.20734    	 9.350168695
05/05/2010  	28.20451    	31.55855    	30.05827    	 9.665684511
06/05/2010  	28.48467    	31.75999    	30.39582    	 9.788671811
07/05/2010  	29.05305    	31.82730    	30.70423    	 9.710026165
08/05/2010  	28.89232    	31.71455    	30.89637    	 9.879139125
09/05/2010  	28.68675    	31.86996    	30.84258    	 9.934485873
10/05/2010  	28.80739    	32.10663    	31.02432    	10.024595896
11/05/2010  	28.80058    	32.19020    	30.88142    	 9.865282337
12/05/2010  	29.00505    	32.22039    	30.91837    	 9.059210827
13/05/2010  	29.30955    	32.28695    	30.81220    	 8.847352097
14/05/2010  	29.37635    	32.46764    	30.85111    	 9.250235895
15/05/2010  	29.57968    	32.63766    	31.04637    	 9.816551407
16/05/2010  	29.91522    	32.70011    	31.30611    	10.198390524
17/05/2010  	29.32856    	32.73893    	31.27498    	10.789165556
18/05/2010  	29.43886    	32.84310    	31.21876    	11.505168637
19/05/2010  	29.89625    	32.85970    	31.30913    	12.003353635
20/05/2010  	28.56347    	32.87832    	31.26925    	12.716441492
21/05/2010  	29.08682    	32.87144    	31.20648    	13.476497114
22/05/2010  	29.78217    	32.87960    	31.54640    	13.961701393
23/05/2010  	30.16207    	32.91805    	31.86838    	14.320037127
24/05/2010  	30.03080    	32.89030    	32.04715    	14.674487074
25/05/2010  	29.59952    	32.89209    	31.85670    	14.676988582
26/05/2010  	29.97745    	32.89221    	31.82080    	14.420788825
27/05/2010  	30.73500    	32.80753    	31.90523    	13.938641369
28/05/2010  	29.14791    	32.80730    	31.87745    	14.230798443
29/05/2010  	27.00935    	32.75731    	31.15163    	14.233240763
30/05/2010  	26.89683    	32.65412    	30.87584    	14.261164089
31/05/2010  	25.94813    	32.64824    	30.02963    	14.263285816
01/06/2010  	26.78398    	32.63269    	29.91678    	14.497538646
02/06/2010  	27.66184    	32.62811    	30.62581    	15.024052858
03/06/2010  	28.79408    	32.64268    	31.17649    	15.654570679
04/06/2010  	29.43908    	32.64806    	31.53797    	16.345782220
05/06/2010  	30.19956    	32.66312    	31.87982    	16.895804524
06/06/2010  	30.52145    	32.66841    	32.07097    	17.269377669
07/06/2010  	28.30404    	32.65707    	31.31164    	17.255886396
08/06/2010  	27.12460    	32.11898    	29.68971    	17.358339032
09/06/2010  	26.65634    	32.13637    	29.55120    	17.564942916
10/06/2010  	26.65344    	32.30455    	29.92887    	17.731390278
11/06/2010  	26.72816    	32.33803    	30.29217    	17.921240250
12/06/2010  	26.97460    	32.34626    	30.64505    	17.639201562
13/06/2010  	26.51553    	32.33984    	30.30429    	17.376154065
14/06/2010  	26.78921    	32.47724    	30.41521    	17.550949335
15/06/2010  	28.08106    	32.49417    	30.77792    	16.523458580
16/06/2010  	29.62195    	32.55594    	31.19974    	15.852062841
17/06/2010  	30.71062    	32.64026    	31.78005    	15.915176928
18/06/2010  	31.51339    	32.69578    	32.21419    	15.725985706
19/06/2010  	31.99771    	32.79520    	32.55042    	14.649205446
20/06/2010  	32.43390    	32.97933    	32.78938    	13.309350193
21/06/2010  	32.70229    	33.07848    	32.95462    	13.357805669
22/06/2010  	32.83117    	33.09497    	32.97773    	14.311537504
23/06/2010  	32.86753    	33.15990    	33.01298    	15.168925782
24/06/2010  	32.92396    	33.20974    	33.03868    	15.952594519
25/06/2010  	32.83695    	33.26490    	33.04723    	16.522148212
26/06/2010  	32.73019    	33.35120    	33.05280    	17.486343582
27/06/2010  	32.84443    	33.34393    	33.09562    	18.298560023
28/06/2010  	32.86053    	33.42514    	33.12777    	19.289813677
29/06/2010  	32.96884    	33.44952    	33.15700    	19.801896850
30/06/2010  	32.93868    	33.45998    	33.16755    	20.132969300
01/07/2010  	32.55609    	33.49691    	33.16636    	20.413108548
02/07/2010  	32.24283    	33.57669    	33.06553    	20.811515371
03/07/2010  	32.33671    	33.63647    	33.00462    	21.260510683
04/07/2010  	31.30741    	33.76647    	32.99795    	21.467101614
05/07/2010  	31.50070    	33.72779    	32.78591    	21.534870545
06/07/2010  	30.12686    	33.43863    	32.42866    	21.194424152
07/07/2010  	30.07954    	33.18626    	31.92382    	20.564976772
08/07/2010  	29.80563    	32.82421    	31.68741    	20.470025619
09/07/2010  	29.57930    	33.08260    	31.52427    	20.696553508
10/07/2010  	29.85059    	33.25813    	31.75599    	21.308443546
11/07/2010  	29.73902    	33.25538    	31.76430    	21.862428745
12/07/2010  	29.66151    	33.18959    	31.84523    	21.895230055
13/07/2010  	29.63963    	33.16678    	32.10161    	21.485451341
14/07/2010  	29.64198    	32.97128    	31.69678    	21.820942799
15/07/2010  	22.38390    	32.80214    	29.45893    	21.203934232
16/07/2010  	21.86749    	31.59123    	26.67102    	20.051196496
17/07/2010  	21.74133    	31.04314    	26.96392    	19.716312687
18/07/2010  	21.71274    	30.95956    	26.61426    	19.529457211
19/07/2010  	22.23461    	31.14514    	27.67561    	19.906086365
20/07/2010  	23.43771    	31.31688    	28.85960    	20.375485857
21/07/2010  	26.22317    	31.40546    	29.80138    	20.569697897
22/07/2010  	26.87994    	31.34391    	29.81839    	20.521623015
23/07/2010  	25.97483    	31.22419    	29.11247    	20.605400403
24/07/2010  	25.96552    	31.48725    	29.46173    	20.451996207
25/07/2010  	26.56231    	31.67443    	29.91219    	20.385020097
26/07/2010  	27.17350    	31.84476    	30.35257    	20.544743141
27/07/2010  	26.61585    	31.94788    	30.23621    	20.508966366
28/07/2010  	27.52166    	32.13552    	30.60468    	20.887651205
29/07/2010  	28.12241    	32.10448    	30.72563    	20.926744183
30/07/2010  	28.47656    	32.09328    	30.82259    	20.827003002
31/07/2010  	26.12008    	32.00792    	30.48069    	20.659031669
01/08/2010  	25.32016    	31.74996    	29.16269    	20.255816142
02/08/2010  	25.79241    	31.71177    	29.27630    	20.549192389
03/08/2010  	26.24505    	31.63206    	29.49428    	20.717819969
04/08/2010  	24.70317    	31.51216    	28.78621    	20.349509319
05/08/2010  	22.76989    	29.52099    	26.88238    	19.766507506
06/08/2010  	22.02289    	29.44901    	26.27710    	19.586647550
07/08/2010  	21.81990    	29.33673    	26.07874    	19.561912139
08/08/2010  	21.31030    	30.61776    	26.42382    	19.558666627
09/08/2010  	21.33845    	31.01443    	26.90232    	19.670455813
10/08/2010  	20.32943    	31.29242    	27.24915    	19.727268020
11/08/2010  	19.97291    	30.97328    	26.07796    	19.761266311
12/08/2010  	19.98960    	30.99988    	25.96492    	19.871607304
13/08/2010  	19.81070    	31.04856    	26.09738    	19.688978116
14/08/2010  	20.18222    	30.88563    	26.22625    	19.778086503
15/08/2010  	20.70562    	31.12317    	27.70099    	19.367066940
16/08/2010  	25.17451    	31.09546    	28.35029    	19.275190790
17/08/2010  	23.90452    	30.69881    	28.05659    	19.603957971
18/08/2010  	22.89598    	29.89383    	26.86733    	19.188917796
19/08/2010  	20.77184    	28.73093    	25.31587    	18.531485677
20/08/2010  	19.89825    	28.50842    	24.68476    	18.265073816
21/08/2010  	20.42149    	28.22391    	24.58831    	18.464515209
22/08/2010  	18.69766    	27.79941    	23.88683    	18.905552745
23/08/2010  	17.74680    	29.00579    	22.96890    	19.124464989
24/08/2010  	15.92816    	22.84038    	19.37071    	18.356209159
25/08/2010  	18.53935    	25.76756    	21.86484    	17.392858624
26/08/2010  	18.07681    	27.43530    	23.29290    	17.095686475
27/08/2010  	16.77996    	28.15803    	24.43870    	16.702815175
28/08/2010  	20.20736    	28.92112    	25.05906    	16.595363895
29/08/2010  	20.13071    	28.63353    	25.18148    	16.515804688
30/08/2010  	22.82946    	29.22737    	26.21849    	15.593167524
31/08/2010  	22.57448    	29.08380    	26.01252    	15.667135000
01/09/2010  	22.27218    	29.30683    	26.28136    	16.088511308
02/09/2010  	22.94033    	29.38294    	26.81640    	16.337646782
03/09/2010  	23.23621    	29.40893    	26.81647    	16.281472345
04/09/2010  	22.49077    	29.37456    	27.00705    	16.388490657
05/09/2010  	21.42759    	29.54408    	26.50361    	16.168191652
06/09/2010  	20.98021    	29.54369    	25.98593    	15.729774972
07/09/2010  	20.57222    	29.64277    	26.25738    	15.125000159
08/09/2010  	21.91683    	29.99600    	26.30895    	14.988164226
09/09/2010  	21.32985    	30.48832    	26.39467    	15.571652055
10/09/2010  	18.85151    	30.35050    	25.28498    	15.902484437
11/09/2010  	16.72129    	29.13682    	23.52228    	16.313000341
12/09/2010  	15.32899    	28.70192    	22.57553    	16.789844751
13/09/2010  	15.53429    	28.45637    	22.85640    	16.727799137
14/09/2010  	13.84142    	25.44145    	19.50764    	16.435849071
15/09/2010  	16.04348    	21.66700    	19.02770    	15.639748037
16/09/2010  	17.49557    	22.01733    	20.53988    	14.578615328
17/09/2010  	20.02582    	23.66012    	21.50425    	14.061301271
18/09/2010  	18.16269    	23.16777    	21.13787    	13.276514232
19/09/2010  	18.02671    	25.10976    	21.55324    	13.062394162
20/09/2010  	17.63028    	25.20208    	22.18398    	13.453164836
21/09/2010  	15.18835    	26.81633    	22.37560    	13.960481723
22/09/2010  	14.70860    	26.86721    	22.10638    	14.380236844
23/09/2010  	15.77845    	27.23802    	22.67646    	14.723658621
24/09/2010  	15.74800    	27.51327    	23.34836    	15.093591988
25/09/2010  	15.64144    	28.86164    	23.91889    	14.600585500
26/09/2010  	16.26141    	28.21347    	23.08278    	14.071026862
27/09/2010  	16.10818    	28.26878    	23.06549    	14.015159229
28/09/2010  	15.86361    	28.10117    	23.32463    	14.165195584
29/09/2010  	15.74587    	27.93633    	22.66190    	13.925716281
30/09/2010  	16.28670    	26.52838    	22.21081    	13.317104101
01/10/2010  	13.84884    	25.49232    	19.61254    	13.208694875
02/10/2010  	12.70885    	19.47194    	16.72334    	13.299737573
03/10/2010  	13.67249    	22.23694    	18.04844    	13.984463731
04/10/2010  	14.97094    	22.63019    	20.13401    	14.566935281
05/10/2010  	14.44532    	23.93031    	20.42878    	14.986015121
06/10/2010  	15.44454    	24.45059    	20.67735    	15.339946151
07/10/2010  	15.32903    	24.74325    	20.52828    	15.454397321
08/10/2010  	15.34064    	26.14360    	21.57006    	15.524331888
09/10/2010  	14.92229    	26.70701    	22.19629    	15.226500412
10/10/2010  	15.19077    	27.60576    	23.37434    	14.674251874
11/10/2010  	15.72501    	27.93995    	24.07577    	14.134875993
12/10/2010  	17.88216    	28.50104    	25.13639    	14.097831885
13/10/2010  	20.06427    	28.66384    	25.74273    	14.039710005
14/10/2010  	21.68097    	28.98545    	26.71481    	14.041816016
15/10/2010  	22.75564    	29.41039    	27.17455    	13.773965319
16/10/2010  	23.00511    	29.68186    	27.22402    	12.679318547
17/10/2010  	26.08369    	29.45162    	28.21404    	12.082087954
18/10/2010  	22.77890    	29.44116    	27.06938    	11.534830213
19/10/2010  	20.09154    	28.09553    	24.88690    	10.526889205
20/10/2010  	19.40753    	29.57607    	25.27388    	10.112458090
21/10/2010  	19.60576    	29.63228    	24.23749    	 8.992449383
22/10/2010  	21.30972    	28.13332    	25.25194    	 8.923268278
23/10/2010  	19.37499    	28.87514    	25.13179    	 9.132157723
24/10/2010  	21.16484    	29.41845    	26.06372    	 9.000640968
25/10/2010  	23.31259    	30.11663    	27.29623    	 8.455784877
26/10/2010  	20.26330    	30.03316    	26.62605    	 8.134788682
27/10/2010  	16.62353    	26.59637    	21.86943    	 8.270488709
28/10/2010  	15.99077    	25.89471    	21.44107    	 9.194363972
29/10/2010  	13.57076    	24.31825    	19.42369    	 9.762534221
30/10/2010  	16.29332    	23.63663    	20.36577    	 9.923496366
31/10/2010  	16.80683    	24.88911    	22.09509    	10.021298746
01/11/2010  	18.26580    	26.13805    	22.64562    	10.087233583
02/11/2010  	14.67757    	24.95069    	20.77746    	10.111905138
03/11/2010  	14.96819    	21.89233    	18.63665    	10.546725293
04/11/2010  	15.09559    	23.30589    	19.99076    	11.073405584
05/11/2010  	20.28954    	25.45251    	23.24879    	12.059944371
06/11/2010  	19.90609    	25.89709    	23.48565    	11.831102173
07/11/2010  	19.69214    	26.99739    	23.50568    	11.092596749
08/11/2010  	18.26927    	26.51625    	22.98925    	 9.767948578
09/11/2010  	18.11301    	28.17736    	24.38271    	 9.087160230
10/11/2010  	19.50883    	28.66709    	25.37373    	 8.819658379
11/11/2010  	13.97058    	28.74227    	21.72845    	 7.776354283
12/11/2010  	18.33064    	25.17991    	22.23129    	 8.129473140
13/11/2010  	21.85846    	27.44608    	24.49008    	 8.496996542
14/11/2010  	22.76379    	27.63389    	25.41139    	 8.709351738
15/11/2010  	22.50205    	26.86966    	24.92427    	 8.485370447
16/11/2010  	21.59305    	26.85673    	24.33704    	 8.197864254
17/11/2010  	21.58735    	26.84409    	24.43665    	 7.476975044
18/11/2010  	21.26278    	26.82854    	24.64434    	 7.139964441
19/11/2010  	19.26683    	26.93873    	23.94997    	 6.944170435
20/11/2010  	19.73741    	27.66583    	24.13941    	 7.045793215
21/11/2010  	19.84888    	28.33696    	24.60333    	 7.006808837
22/11/2010  	20.48267    	28.95923    	25.66195    	 6.876262337
23/11/2010  	20.66401    	29.76205    	26.55333    	 6.749207417
24/11/2010  	24.05369    	29.69776    	26.89731    	 6.102279723
25/11/2010  	23.38931    	29.52763    	26.52845    	 5.680367430
26/11/2010  	22.54295    	29.42586    	26.31344    	 5.048893233
27/11/2010  	21.70803    	29.04824    	25.60699    	 4.494804959
28/11/2010  	20.92074    	28.98996    	25.20118    	 3.857124617
29/11/2010  	21.65439    	29.10693    	25.94985    	 3.383584993
30/11/2010  	22.45428    	29.04815    	26.89243    	 3.224919323
01/12/2010  	24.69471    	29.49011    	27.69482    	 2.569079075
02/12/2010  	26.11840    	30.03006    	28.73749    	 2.137642646
03/12/2010  	26.25868    	30.45781    	29.22021    	 2.305113351
04/12/2010  	20.27034    	30.14699    	26.20349    	 1.030679774
05/12/2010  	18.56153    	27.61426    	23.43267    	 0.811940304
06/12/2010  	18.78944    	28.74395    	24.32729    	 1.195167796
07/12/2010  	19.60007    	29.24113    	25.34538    	 1.146073930
08/12/2010  	20.12485    	29.94809    	26.37168    	 1.217621743
09/12/2010  	23.45422    	29.81583    	28.01041    	 1.841734012
10/12/2010  	22.78862    	30.04747    	26.77681    	 1.870688078
11/12/2010  	24.87593    	30.34431    	28.18609    	 3.143002053
12/12/2010  	26.92175    	30.51254    	29.16783    	 3.992696116
13/12/2010  	27.97632    	30.46286    	29.32804    	 3.476117616
14/12/2010  	27.78258    	30.56896    	29.23222    	 2.326510713
15/12/2010  	27.76603    	30.51802    	29.34989    	 2.434519332
16/12/2010  	27.20509    	30.62993    	29.86751    	 3.072291106
17/12/2010  	26.21613    	30.45849    	29.00466    	 2.467107815
18/12/2010  	22.80629    	30.11975    	27.29990    	 1.572858117
19/12/2010  	22.84468    	29.95684    	27.04145    	 0.702781021
20/12/2010  	24.16856    	30.48783    	28.00768    	 0.442996242
21/12/2010  	22.97447    	30.06957    	27.06362    	 0.116330288
22/12/2010  	23.55328    	30.64579    	27.52408    	-0.146748822
23/12/2010  	23.07487    	30.55269    	27.96059    	-0.168168556
24/12/2010  	27.37690    	30.99406    	29.36629    	-0.033128938
25/12/2010  	28.72934    	31.24969    	29.77658    	-0.603384011
26/12/2010  	28.76153    	31.33165    	29.94081    	-0.392083416
27/12/2010  	27.76298    	31.31995    	29.98811    	 0.045337087
28/12/2010  	25.32137    	31.28691    	28.83590    	 0.087131759
29/12/2010  	25.20196    	30.96019    	28.57344    	 0.012332887
30/12/2010  	25.85551    	31.07772    	28.78704    	 0.110657748
31/12/2010  	25.69986    	30.99971    	28.78725    	 0.305928961
