date	smin	smax	smean	tmean
01/01/2009  	18.05796    	19.87049    	19.14381    	 1.820450284
02/01/2009  	17.55602    	19.60000    	18.82034    	 1.740333637
03/01/2009  	16.38262    	19.98726    	18.65288    	 1.561620315
04/01/2009  	14.69735    	19.19395    	17.28211    	 1.630119038
05/01/2009  	16.13656    	18.66749    	17.39193    	 1.455441010
06/01/2009  	17.36504    	21.48944    	19.15319    	 1.053010820
07/01/2009  	17.90777    	21.71099    	19.78627    	 0.934792542
08/01/2009  	18.02096    	20.68182    	19.75367    	 0.849269761
09/01/2009  	18.53540    	21.49236    	20.09402    	 0.651492598
10/01/2009  	18.85157    	21.13754    	20.22550    	 0.426443456
11/01/2009  	19.36425    	22.80480    	21.21515    	 0.374521038
12/01/2009  	20.74375    	24.30244    	22.08898    	 0.647695238
13/01/2009  	22.02861    	25.57387    	22.94801    	 1.306510298
14/01/2009  	20.83924    	25.25963    	23.24727    	 1.636159877
15/01/2009  	18.79100    	24.29380    	22.60328    	 1.557858594
16/01/2009  	18.86487    	24.22906    	22.58992    	 1.632057918
17/01/2009  	21.77561    	24.92134    	23.74806    	 2.107383827
18/01/2009  	21.24074    	23.74670    	22.95741    	 2.566548874
19/01/2009  	22.48526    	24.94198    	23.48288    	 2.800398886
20/01/2009  	24.21977    	26.23292    	25.35636    	 3.016664073
21/01/2009  	24.96825    	26.85206    	25.75274    	 2.921861778
22/01/2009  	25.51073    	28.24657    	26.53195    	 2.692219600
23/01/2009  	26.40555    	28.69684    	27.50086    	 2.634122943
24/01/2009  	26.41965    	27.91505    	26.97056    	 2.812744985
25/01/2009  	25.85721    	27.18660    	26.53223    	 2.796806350
26/01/2009  	25.98335    	27.22714    	26.43333    	 2.643694515
27/01/2009  	21.88690    	27.10994    	25.75938    	 2.363984163
28/01/2009  	21.95613    	26.13928    	24.93728    	 2.113387133
29/01/2009  	19.87855    	26.18777    	24.08148    	 1.870190312
30/01/2009  	20.97290    	24.61915    	23.43703    	 1.581621585
31/01/2009  	21.78305    	24.70234    	23.71697    	 1.235470966
01/02/2009  	21.54542    	24.70837    	23.47747    	 0.823303944
02/02/2009  	22.09737    	24.40200    	23.25934    	 0.450098111
03/02/2009  	23.16724    	23.89579    	23.56350    	 0.532052907
04/02/2009  	23.62347    	24.23665    	23.85090    	 0.700834346
05/02/2009  	23.57785    	24.30970    	23.92889    	 0.808557743
06/02/2009  	23.75079    	24.38089    	24.02503    	 1.067593365
07/02/2009  	21.85236    	23.98140    	23.40757    	 1.199646721
08/02/2009  	20.99916    	23.56172    	22.61257    	 1.226584055
09/02/2009  	21.05918    	23.30445    	22.09008    	 1.299297551
10/02/2009  	20.22367    	23.06782    	22.11384    	 1.423192720
11/02/2009  	17.70710    	22.44871    	20.33224    	 1.538790720
12/02/2009  	17.61746    	21.01714    	19.55523    	 1.704462218
13/02/2009  	15.95744    	21.46408    	19.05288    	 1.859967182
14/02/2009  	15.93879    	23.32462    	19.23262    	 1.859768348
15/02/2009  	17.25708    	23.00829    	19.83772    	 1.946956468
16/02/2009  	15.99639    	20.70550    	18.56558    	 2.215820501
17/02/2009  	16.72553    	20.01225    	18.28756    	 2.559206858
18/02/2009  	17.86532    	20.25565    	19.34338    	 2.534394647
19/02/2009  	17.75799    	19.78390    	18.96953    	 2.476587723
20/02/2009  	15.74220    	19.12005    	18.05414    	 2.693057929
21/02/2009  	15.28575    	18.17884    	16.88793    	 2.848316903
22/02/2009  	14.98481    	17.10415    	16.27461    	 3.145341297
23/02/2009  	12.17292    	17.21107    	15.20686    	 3.465633988
24/02/2009  	12.61800    	18.85313    	15.22159    	 3.678944468
25/02/2009  	13.30021    	18.49242    	16.02511    	 3.885153492
26/02/2009  	13.89470    	17.64249    	15.79556    	 4.183131973
27/02/2009  	14.16330    	16.46747    	15.21426    	 4.478148649
28/02/2009  	14.01028    	17.66782    	15.39673    	 4.754532437
01/03/2009  	13.82817    	19.09094    	16.16123    	 4.810151229
02/03/2009  	14.63162    	18.99505    	16.73904    	 4.977958679
03/03/2009  	15.87688    	19.09554    	17.49377    	 5.062231541
04/03/2009  	17.48480    	20.71013    	18.95494    	 4.943576684
05/03/2009  	17.63146    	21.16348    	19.87088    	 4.850642800
06/03/2009  	15.36365    	20.12196    	18.28353    	 4.929357807
07/03/2009  	15.58897    	17.90330    	17.06383    	 4.845713407
08/03/2009  	16.31918    	19.66010    	17.96296    	 5.038342456
09/03/2009  	16.25368    	18.41704    	17.28089    	 5.072490881
10/03/2009  	16.90009    	19.64758    	17.84990    	 5.052253197
11/03/2009  	16.01152    	18.51658    	17.76585    	 5.051546892
12/03/2009  	15.17945    	18.65297    	17.40932    	 5.218616376
13/03/2009  	14.47727    	18.86363    	16.95603    	 5.374454657
14/03/2009  	14.21379    	18.44357    	16.81444    	 5.531222413
15/03/2009  	13.11634    	18.07955    	16.32094    	 5.739543746
16/03/2009  	12.84212    	16.96877    	15.37245    	 6.000341644
17/03/2009  	12.74130    	18.13394    	15.40763    	 6.249765972
18/03/2009  	11.77084    	16.50089    	14.47740    	 6.394763360
19/03/2009  	12.52165    	16.57716    	14.90209    	 6.520878971
20/03/2009  	13.67357    	16.33856    	15.27821    	 6.631277670
21/03/2009  	13.25815    	17.38578    	15.48831    	 6.722915957
22/03/2009  	11.25375    	15.03347    	13.45315    	 6.793439428
23/03/2009  	10.55140    	13.74879    	12.17908    	 6.911043207
24/03/2009  	10.13446    	15.52708    	12.37174    	 6.777363787
25/03/2009  	13.01879    	17.38932    	14.27691    	 6.663500617
26/03/2009  	13.71190    	15.58359    	14.75328    	 6.670319657
27/03/2009  	13.58490    	16.38349    	14.81699    	 6.647544791
28/03/2009  	14.63632    	18.70351    	15.64706    	 6.594553719
29/03/2009  	13.66790    	18.38903    	15.92455    	 6.555550247
30/03/2009  	13.88226    	17.57491    	15.61656    	 6.510208021
31/03/2009  	13.19733    	17.42601    	15.82941    	 6.645090699
01/04/2009  	12.25050    	16.94620    	15.19819    	 6.934332778
02/04/2009  	11.69164    	17.18386    	14.76672    	 7.336686482
03/04/2009  	12.82598    	18.00510    	15.51846    	 7.738615980
04/04/2009  	14.28526    	18.13716    	16.38090    	 7.988305132
05/04/2009  	14.48186    	18.33691    	16.63633    	 8.200722118
06/04/2009  	14.45672    	19.72163    	17.18907    	 8.386957606
07/04/2009  	16.26849    	20.10843    	18.26185    	 8.616977731
08/04/2009  	17.43879    	20.63593    	19.19364    	 8.650608997
09/04/2009  	18.74725    	20.55512    	19.77617    	 8.722076416
10/04/2009  	18.87475    	21.27537    	20.09145    	 9.005897999
11/04/2009  	19.00287    	21.22353    	20.31310    	 9.337279201
12/04/2009  	19.16887    	20.98213    	20.27903    	 9.700292230
13/04/2009  	19.01947    	20.62708    	20.02140    	10.019632955
14/04/2009  	19.03388    	20.45145    	19.94284    	10.274736961
15/04/2009  	19.01632    	20.46717    	19.91287    	10.621039291
16/04/2009  	19.24497    	21.16724    	20.28523    	10.979792754
17/04/2009  	19.94077    	21.58597    	20.77791    	11.107701858
18/04/2009  	20.21803    	21.52944    	20.94612    	11.067468703
19/04/2009  	20.10374    	21.43530    	20.90260    	11.215282301
20/04/2009  	19.97651    	21.24962    	20.78524    	11.652633846
21/04/2009  	20.00130    	21.10751    	20.68465    	11.993640562
22/04/2009  	19.95173    	21.00344    	20.54289    	12.176810682
23/04/2009  	19.58283    	20.74611    	20.24185    	12.269303143
24/04/2009  	19.62091    	21.91724    	20.58948    	12.455190857
25/04/2009  	19.81316    	22.86635    	21.41028    	12.525094569
26/04/2009  	20.89096    	22.54818    	21.84604    	12.661882559
27/04/2009  	21.01519    	22.60829    	21.97357    	12.734512627
28/04/2009  	21.48906    	23.25863    	22.58500    	12.654056529
29/04/2009  	21.97784    	22.97223    	22.52014    	12.714290758
30/04/2009  	22.01209    	22.84558    	22.48379    	12.908954879
01/05/2009  	22.01258    	23.02270    	22.50232    	13.251970887
02/05/2009  	21.82948    	24.06614    	22.70791    	13.490612447
03/05/2009  	22.08200    	23.23448    	22.54775    	13.555575967
04/05/2009  	21.62747    	22.70162    	22.26236    	13.218043327
05/05/2009  	19.78080    	22.32387    	21.09241    	12.966623286
06/05/2009  	18.07152    	22.01870    	20.47702    	12.873692274
07/05/2009  	19.61817    	21.93688    	20.56725    	12.888548036
08/05/2009  	19.61417    	21.49703    	20.76247    	12.936496576
09/05/2009  	20.01958    	21.44886    	20.74005    	12.902063390
10/05/2009  	20.56750    	22.12885    	21.15159    	13.104627728
11/05/2009  	20.68597    	21.91656    	21.24156    	13.160704096
12/05/2009  	20.62731    	21.88166    	21.22763    	13.074294726
13/05/2009  	20.79470    	23.80706    	22.22743    	12.948898613
14/05/2009  	21.82348    	24.63758    	23.23748    	12.961276551
15/05/2009  	22.88102    	25.16262    	24.07632    	13.053764919
16/05/2009  	23.80516    	25.24041    	24.60973    	13.162129958
17/05/2009  	24.38644    	25.27869    	24.75460    	13.325669189
18/05/2009  	24.46969    	25.11707    	24.85815    	13.361998777
19/05/2009  	23.30112    	24.96021    	24.32999    	13.400599639
20/05/2009  	22.88003    	24.52908    	23.63966    	13.569245358
21/05/2009  	23.44418    	24.42539    	23.90210    	13.894616842
22/05/2009  	23.59767    	24.34288    	23.84926    	14.207529962
23/05/2009  	23.51671    	24.19252    	23.84864    	14.609130979
24/05/2009  	23.68763    	24.16373    	23.98326    	15.076507966
25/05/2009  	23.78896    	24.41834    	24.15803    	15.574055533
26/05/2009  	23.72263    	24.82166    	24.34433    	16.037522316
27/05/2009  	22.40084    	24.72992    	24.00909    	15.863751968
28/05/2009  	21.81360    	24.21231    	23.35885    	15.837120593
29/05/2009  	20.78246    	23.68360    	22.73670    	16.142760257
30/05/2009  	19.32460    	24.33295    	21.92319    	16.303820570
31/05/2009  	20.30303    	24.14803    	22.03630    	16.569833954
01/06/2009  	19.94711    	23.20733    	21.66868    	16.984415253
02/06/2009  	19.45386    	22.05007    	21.05209    	17.102923552
03/06/2009  	19.26204    	21.32283    	20.39399    	16.656680981
04/06/2009  	19.65978    	22.22448    	20.88411    	15.556123157
05/06/2009  	21.62349    	24.19690    	22.73113    	14.614431461
06/06/2009  	23.58270    	24.77239    	24.07530    	14.274686337
07/06/2009  	23.78381    	26.70822    	25.19771    	14.298573673
08/06/2009  	25.04187    	26.66480    	25.82555    	14.631431719
09/06/2009  	25.21044    	27.35307    	26.31180    	14.985221128
10/06/2009  	25.66295    	26.99852    	26.51999    	15.249521693
11/06/2009  	23.73453    	26.94867    	25.83354    	15.440089365
12/06/2009  	22.15643    	26.35753    	24.91968    	15.574649314
13/06/2009  	21.57536    	25.70157    	23.83095    	15.797330240
14/06/2009  	21.62421    	26.63318    	24.13847    	16.247268160
15/06/2009  	21.33896    	25.47389    	23.56846    	16.674564759
16/06/2009  	20.78938    	24.96742    	23.18057    	16.846479734
17/06/2009  	21.16389    	24.66476    	23.37362    	17.066904783
18/06/2009  	22.28626    	25.16623    	23.94532    	17.210045576
19/06/2009  	22.20210    	24.95196    	23.99067    	17.237629573
20/06/2009  	21.79641    	24.71702    	23.36248    	17.088197231
21/06/2009  	21.35659    	23.87193    	22.87349    	16.969748537
22/06/2009  	20.89960    	24.38627    	22.70664    	16.934062044
23/06/2009  	21.33003    	25.45120    	23.11588    	17.115285794
24/06/2009  	21.27293    	24.98485    	23.10922    	17.408989072
25/06/2009  	21.65542    	25.98290    	23.84996    	17.705269734
26/06/2009  	22.30813    	26.33967    	24.45903    	18.121019284
27/06/2009  	23.29792    	26.78698    	25.16294    	18.522147973
28/06/2009  	23.98186    	26.84593    	25.58048    	18.931783636
29/06/2009  	24.44915    	26.54679    	25.54107    	19.581623634
30/06/2009  	24.09770    	26.15944    	25.26465    	20.210932255
01/07/2009  	23.78102    	25.82055    	24.96680    	20.678786357
02/07/2009  	23.67565    	25.78185    	24.92606    	21.125262419
03/07/2009  	24.18743    	26.28864    	25.34026    	21.571546515
04/07/2009  	24.84990    	26.61585    	25.80287    	21.910615762
05/07/2009  	24.73124    	26.59183    	25.73055    	22.211214105
06/07/2009  	24.01601    	26.93833    	25.64840    	22.050567071
07/07/2009  	25.11988    	27.29379    	25.90766    	21.360045115
08/07/2009  	25.35558    	26.22558    	25.85775    	20.886419972
09/07/2009  	25.20088    	26.22222    	25.71345    	19.901406129
10/07/2009  	24.58831    	26.20408    	25.49273    	18.620045980
11/07/2009  	24.76026    	26.91063    	25.83003    	17.368401090
12/07/2009  	23.97879    	26.46305    	25.68110    	17.461076458
13/07/2009  	23.51906    	25.79482    	24.81631    	17.826958418
14/07/2009  	23.41085    	24.79669    	24.10923    	18.401422620
15/07/2009  	22.35327    	24.40731    	23.87242    	18.919682463
16/07/2009  	21.92497    	24.03334    	23.28184    	19.118525386
17/07/2009  	23.08079    	24.33394    	23.56528    	19.326600393
18/07/2009  	21.88921    	23.94969    	23.00340    	19.334830284
19/07/2009  	21.48264    	23.37247    	22.69019    	19.147955259
20/07/2009  	21.79516    	23.53602    	22.49797    	19.150629163
21/07/2009  	21.72374    	23.65706    	22.70345    	19.216898441
22/07/2009  	22.57138    	24.76577    	23.23474    	19.413802465
23/07/2009  	22.74490    	24.66202    	23.38016    	19.458585739
24/07/2009  	22.90588    	24.51759    	23.45856    	19.353297273
25/07/2009  	22.33361    	23.64653    	23.27784    	19.216676593
26/07/2009  	22.44984    	23.62951    	23.05369    	19.272957047
27/07/2009  	21.68328    	23.54454    	22.76771    	19.398299019
28/07/2009  	21.63716    	22.98590    	22.42318    	19.421730320
29/07/2009  	21.49434    	22.59195    	22.22165    	19.523419460
30/07/2009  	20.62449    	22.54043    	21.87055    	19.523779273
31/07/2009  	19.55834    	22.47604    	21.52084    	19.139233788
01/08/2009  	21.34666    	22.23689    	21.76066    	19.177380125
02/08/2009  	21.34076    	22.81684    	21.97417    	19.350777706
03/08/2009  	21.52069    	22.13228    	21.88712    	19.431258281
04/08/2009  	21.60190    	22.29623    	21.96194    	19.664279501
05/08/2009  	21.85935    	22.66528    	22.26023    	19.908766270
06/08/2009  	22.03573    	23.36195    	22.73062    	20.177977165
07/08/2009  	22.15901    	23.74110    	23.02913    	20.450972676
08/08/2009  	22.28613    	23.64158    	23.06103    	20.592395743
09/08/2009  	22.13959    	23.51415    	22.85525    	20.660049836
10/08/2009  	22.05499    	23.75558    	22.94286    	20.842992942
11/08/2009  	22.23563    	23.76063    	23.13234    	20.948898792
12/08/2009  	21.93502    	23.74113    	23.03433    	20.791145325
13/08/2009  	22.13008    	23.60417    	22.91434    	20.648357948
14/08/2009  	22.14281    	23.58939    	23.05206    	20.624838789
15/08/2009  	22.70277    	24.59357    	23.29051    	20.414884011
16/08/2009  	22.21895    	23.50939    	23.00420    	20.443817377
17/08/2009  	22.54017    	23.45242    	23.01767    	20.490472277
18/08/2009  	22.83826    	23.37054    	23.07360    	20.435899496
19/08/2009  	22.76331    	23.69049    	23.20834    	20.494366884
20/08/2009  	22.73404    	24.96875    	23.81885    	20.511296789
21/08/2009  	23.27626    	24.59400    	24.13224    	20.460637053
22/08/2009  	23.33547    	24.68206    	24.23014    	20.306555589
23/08/2009  	23.42165    	25.53679    	24.39535    	20.355239352
24/08/2009  	23.52978    	26.09761    	24.96144    	20.331290483
25/08/2009  	24.42468    	25.79513    	25.28213    	20.480138103
26/08/2009  	24.67837    	25.61475    	25.10535    	20.121067246
27/08/2009  	23.83134    	25.40930    	24.76392    	19.886915922
28/08/2009  	22.86080    	25.36245    	24.13581    	19.497995774
29/08/2009  	21.09529    	24.91204    	23.19312    	18.670316935
30/08/2009  	22.18484    	25.10130    	23.59670    	18.117178162
31/08/2009  	22.10481    	24.40782    	23.36376    	17.828614155
01/09/2009  	22.63428    	25.39422    	24.02409    	17.854798635
02/09/2009  	23.51393    	24.81820    	24.20769    	17.673746586
03/09/2009  	19.80457    	26.82015    	24.42684    	17.530538400
04/09/2009  	19.91240    	27.78016    	24.45840    	16.568649987
05/09/2009  	23.11214    	25.72587    	24.37603    	16.328695675
06/09/2009  	24.83311    	26.84822    	26.16014    	16.223452210
07/09/2009  	25.30096    	27.06621    	26.23370    	16.172184944
08/09/2009  	25.47562    	26.74007    	26.11829    	16.365380963
09/09/2009  	25.70793    	26.64192    	26.26087    	16.576585372
10/09/2009  	24.68752    	26.37728    	25.78308    	16.673268358
11/09/2009  	24.35389    	26.18174    	25.18751    	16.577491601
12/09/2009  	24.51127    	25.58515    	25.00691    	16.523698529
13/09/2009  	24.52966    	25.92833    	25.19302    	16.288378517
14/09/2009  	24.64287    	26.32905    	25.90609    	16.053805967
15/09/2009  	26.01491    	26.96337    	26.50661    	15.887843728
16/09/2009  	26.25471    	27.92214    	27.14216    	15.997474472
17/09/2009  	26.52247    	27.66386    	27.10047    	15.879688402
18/09/2009  	26.59776    	28.07406    	27.35709    	15.869983753
19/09/2009  	26.70715    	28.61202    	27.75904    	15.908309778
20/09/2009  	26.83144    	28.76458    	27.99147    	16.063677847
21/09/2009  	27.04713    	28.51871    	27.88050    	16.007158856
22/09/2009  	27.24552    	28.50282    	28.02073    	16.106274645
23/09/2009  	27.44807    	28.47795    	28.03224    	16.159350812
24/09/2009  	27.72638    	28.49210    	28.15128    	16.043607275
25/09/2009  	28.01359    	28.51634    	28.30322    	15.975179176
26/09/2009  	27.95499    	28.54302    	28.30544    	15.970735312
27/09/2009  	27.89063    	28.47006    	28.29300    	16.085172216
28/09/2009  	27.85368    	28.50727    	28.24058    	16.236095270
29/09/2009  	27.19163    	28.48814    	27.86663    	16.282655795
30/09/2009  	26.84803    	28.50395    	27.74330    	16.248428822
01/10/2009  	25.88061    	27.98528    	27.09379    	15.959512909
02/10/2009  	25.38544    	27.59525    	26.60156    	15.157142778
03/10/2009  	18.74471    	27.11781    	24.71748    	14.693407019
04/10/2009  	18.20624    	27.58573    	23.70889    	13.979363223
05/10/2009  	24.89237    	28.24657    	26.61852    	13.528036515
06/10/2009  	24.66170    	27.79411    	25.92450    	13.516521474
07/10/2009  	23.04466    	26.18998    	25.12513    	13.853926877
08/10/2009  	24.36910    	25.74908    	25.16629    	13.700493077
09/10/2009  	23.84948    	25.27550    	24.93696    	13.420450330
10/10/2009  	23.64761    	26.19061    	25.10660    	13.096811513
11/10/2009  	22.86547    	25.96500    	24.49359    	12.950233658
12/10/2009  	20.54959    	24.55600    	23.32670    	12.527114709
13/10/2009  	19.02320    	23.58859    	21.56598    	11.874271989
14/10/2009  	20.48728    	25.45521    	22.71831    	11.442436258
15/10/2009  	20.12382    	24.51824    	22.30316    	10.932986379
16/10/2009  	19.24616    	23.11334    	21.01035    	10.727780819
17/10/2009  	19.66892    	26.50948    	23.54702    	10.319653471
18/10/2009  	24.87388    	28.90772    	26.68156    	10.280032059
19/10/2009  	26.12276    	28.06650    	26.87187    	10.291690270
20/10/2009  	26.18368    	28.40243    	27.12653    	 9.992431839
21/10/2009  	26.39707    	28.73525    	28.01600    	 9.744446715
22/10/2009  	27.54179    	28.44736    	28.17404    	 9.537850261
23/10/2009  	27.31860    	28.11489    	27.88472    	 9.527250767
24/10/2009  	27.69154    	28.01088    	27.90386    	 9.700474997
25/10/2009  	26.79803    	27.98318    	27.78158    	10.044059475
26/10/2009  	25.95727    	27.85942    	27.10201    	10.389893870
27/10/2009  	26.12741    	28.01661    	27.32153    	10.538387020
28/10/2009  	26.76561    	27.78939    	27.19756    	10.704127192
29/10/2009  	26.83541    	27.45576    	27.18382    	10.938702742
30/10/2009  	27.01474    	27.46365    	27.24214    	11.002841433
31/10/2009  	26.98540    	27.80607    	27.39591    	10.976906339
01/11/2009  	27.26183    	28.58423    	27.92408    	11.335305055
02/11/2009  	26.99804    	28.35224    	27.90237    	11.537544628
03/11/2009  	26.53711    	27.99076    	27.42528    	11.171952109
04/11/2009  	25.98446    	28.31830    	27.13128    	11.005931060
05/11/2009  	26.40157    	27.21431    	26.91839    	10.740920921
06/11/2009  	26.44508    	28.16043    	26.98649    	10.590224544
07/11/2009  	25.29601    	28.35985    	26.88355    	10.415026307
08/11/2009  	26.27951    	27.35732    	26.81569    	10.197931329
09/11/2009  	23.34175    	26.87928    	25.95816    	 9.859736045
10/11/2009  	23.77945    	26.92935    	25.40177    	 9.657292982
11/11/2009  	23.24985    	25.98099    	24.81848    	 9.481591821
12/11/2009  	24.07317    	26.27974    	25.40288    	 9.279884537
13/11/2009  	24.80248    	27.54744    	25.84143    	 9.537484050
14/11/2009  	24.82428    	26.63833    	25.50847    	 9.956115524
15/11/2009  	24.13056    	26.58658    	25.47072    	10.111123264
16/11/2009  	25.14850    	27.38534    	25.87088    	10.210673312
17/11/2009  	25.17548    	26.52042    	25.71525    	10.277076145
18/11/2009  	20.88250    	27.54786    	24.77512    	10.180236081
19/11/2009  	22.50484    	28.04091    	24.99155    	10.299185912
20/11/2009  	24.71413    	28.33664    	26.42624    	10.234664818
21/11/2009  	25.70392    	27.83788    	26.62551    	10.394809783
22/11/2009  	25.27151    	28.10315    	26.89114    	10.519186000
23/11/2009  	22.40908    	28.38792    	25.22813    	10.314382613
24/11/2009  	23.68426    	28.61277    	25.17527    	10.197776198
25/11/2009  	24.92086    	30.62707    	28.89154    	10.129662255
26/11/2009  	27.96198    	30.41474    	29.60875    	 9.877163549
27/11/2009  	29.07624    	30.30378    	29.64347    	 9.313966413
28/11/2009  	27.61085    	29.93662    	29.01893    	 8.735042632
29/11/2009  	26.57024    	28.88801    	27.80799    	 8.542633692
30/11/2009  	26.30092    	28.84746    	27.61131    	 8.408228974
01/12/2009  	26.65369    	27.74032    	27.37779    	 8.151730657
02/12/2009  	23.01862    	27.53643    	26.52418    	 7.674773256
03/12/2009  	24.97846    	27.43924    	26.56139    	 7.787429104
04/12/2009  	24.10892    	26.66064    	25.43646    	 7.771167189
05/12/2009  	23.25801    	25.87044    	24.71895    	 7.600570261
06/12/2009  	23.54335    	25.01979    	24.28841    	 7.791124562
07/12/2009  	22.75413    	25.16147    	23.82692    	 7.883365512
08/12/2009  	23.06520    	25.63035    	23.92695    	 7.906627168
09/12/2009  	22.40263    	24.19971    	23.61237    	 7.797075202
10/12/2009  	19.22941    	24.97182    	22.87351    	 7.977693846
11/12/2009  	16.89297    	23.71937    	20.39201    	 7.905357122
12/12/2009  	16.00417    	21.86927    	19.36119    	 7.617839615
13/12/2009  	15.85369    	20.08813    	18.47943    	 7.095438093
14/12/2009  	15.55064    	20.04968    	18.48224    	 6.638379117
15/12/2009  	15.53955    	20.00097    	18.31705    	 6.013047149
16/12/2009  	15.78807    	19.38900    	18.46204    	 5.428166966
17/12/2009  	16.79008    	20.76203    	18.72465    	 5.048515668
18/12/2009  	15.29527    	19.98196    	18.60617    	 4.349143416
19/12/2009  	15.71546    	20.51573    	18.25649    	 3.716344357
20/12/2009  	18.82483    	21.23158    	19.54126    	 3.127463614
21/12/2009  	18.65525    	20.06115    	19.32308    	 2.842580567
22/12/2009  	18.94593    	20.68736    	19.83724    	 2.778498337
23/12/2009  	19.52927    	21.44914    	20.15382    	 2.783578758
24/12/2009  	20.08466    	23.03323    	21.41427    	 3.026082953
25/12/2009  	19.06371    	23.81888    	21.45203    	 3.037251011
26/12/2009  	19.77123    	22.97414    	21.52019    	 3.243762160
27/12/2009  	22.27075    	23.47772    	22.84652    	 3.717070843
28/12/2009  	22.54380    	24.22604    	23.36946    	 3.916151717
29/12/2009  	20.65411    	24.34230    	23.24318    	 3.658767536
30/12/2009  	19.68692    	25.15868    	22.81295    	 3.311522345
31/12/2009  	18.77075    	24.15381    	21.69852    	 2.893208131
01/01/2010  	16.96921    	22.53329    	19.97547    	 2.437290634
02/01/2010  	17.58774    	21.62102    	20.20915    	 2.226077691
03/01/2010  	17.65003    	21.58375    	19.84992    	 1.935542223
04/01/2010  	17.43483    	21.08748    	19.76629    	 1.715484887
05/01/2010  	17.26316    	21.11832    	19.23270    	 1.708451164
06/01/2010  	16.64030    	20.57808    	19.07848    	 1.685906636
07/01/2010  	16.89963    	20.24110    	19.00162    	 1.590664595
08/01/2010  	16.10613    	19.85422    	18.53994    	 1.312595129
09/01/2010  	10.11899    	19.35845    	16.18859    	 0.654154658
10/01/2010  	11.89471    	16.93357    	14.59966    	 0.292553525
11/01/2010  	14.17390    	19.10514    	17.15430    	 0.559937588
12/01/2010  	15.81858    	19.92256    	18.16495    	 0.624788860
13/01/2010  	16.07116    	22.23887    	19.77420    	 0.256562446
14/01/2010  	20.37028    	23.04866    	21.91520    	 0.548161395
15/01/2010  	21.09120    	22.57551    	22.03156    	 0.562677175
16/01/2010  	21.20052    	22.48025    	21.98110    	 0.612661639
17/01/2010  	21.79527    	23.53352    	22.55615    	 1.049939698
18/01/2010  	21.63474    	23.07198    	22.39498    	 1.225062411
19/01/2010  	20.17656    	22.69301    	21.76872    	 1.314976804
20/01/2010  	16.65311    	22.33897    	20.70233    	 1.171867842
21/01/2010  	17.93160    	21.72297    	20.67289    	 1.174483713
22/01/2010  	17.32420    	21.76451    	20.35830    	 1.039621367
23/01/2010  	20.00751    	22.47842    	21.67893    	 1.198577387
24/01/2010  	20.58780    	22.69237    	22.05987    	 1.214835654
25/01/2010  	19.80490    	22.03546    	21.44646    	 0.946882969
26/01/2010  	18.85683    	21.48683    	20.50195    	 0.334749376
27/01/2010  	18.78034    	21.08264    	20.25730    	 0.049594829
28/01/2010  	16.43506    	20.58009    	18.86038    	 0.331942063
29/01/2010  	15.82042    	18.94835    	17.58198    	 0.513425723
30/01/2010  	16.52890    	20.45829    	18.19349    	 0.528380825
31/01/2010  	17.13208    	19.79327    	18.54443    	 0.628094539
01/02/2010  	16.98486    	20.54823    	19.00191    	 0.763529481
02/02/2010  	18.24415    	20.92683    	19.44846    	 0.936048438
03/02/2010  	18.49405    	20.35202    	19.35105    	 1.048717041
04/02/2010  	16.92099    	19.97306    	19.28314    	 1.199761070
05/02/2010  	17.35597    	21.80967    	19.80975    	 1.366425380
06/02/2010  	16.78615    	21.07560    	19.72087    	 1.515039203
07/02/2010  	15.29506    	19.59275    	18.34230    	 1.447731122
08/02/2010  	16.05139    	19.98657    	18.25214    	 1.253343749
09/02/2010  	16.70832    	19.73672    	18.50878    	 0.900758846
10/02/2010  	15.40964    	19.38259    	17.60090    	 0.623505147
11/02/2010  	13.84738    	17.60702    	15.54797    	 0.329943908
12/02/2010  	14.01572    	18.40133    	15.90571    	 0.111743891
13/02/2010  	15.04644    	19.93151    	16.66277    	-0.007838487
14/02/2010  	15.64726    	21.49751    	17.82738    	-0.175042979
15/02/2010  	17.27678    	21.40828    	19.14278    	-0.384589899
16/02/2010  	18.30979    	22.14876    	20.25098    	-0.430507666
17/02/2010  	20.15430    	21.82737    	20.91425    	-0.363886082
18/02/2010  	20.13157    	21.47974    	21.04933    	-0.175328488
19/02/2010  	20.61913    	22.15601    	21.30651    	 0.292587284
20/02/2010  	21.06338    	22.11714    	21.55415    	 0.574648637
21/02/2010  	20.60094    	22.26106    	21.17080    	 0.589809755
22/02/2010  	21.21175    	23.01276    	21.79760    	 1.049506720
23/02/2010  	20.27692    	22.38953    	21.56501    	 1.141677048
24/02/2010  	21.29824    	23.70864    	22.42918    	 1.363952560
25/02/2010  	22.43257    	24.16159    	23.42939    	 1.818487850
26/02/2010  	22.64674    	24.21856    	23.71614    	 2.206150482
27/02/2010  	19.07482    	23.99755    	22.48263    	 2.567582369
28/02/2010  	22.11773    	23.97972    	22.90819    	 2.727422843
01/03/2010  	21.70873    	23.24163    	22.61411    	 2.885259375
02/03/2010  	19.03368    	23.05009    	21.96977    	 2.930919906
03/03/2010  	16.61498    	22.64065    	20.45644    	 2.937348535
04/03/2010  	13.73551    	22.16768    	18.29311    	 2.941445192
05/03/2010  	13.81859    	20.80506    	16.87743    	 2.893490056
06/03/2010  	12.39273    	18.45347    	15.46274    	 2.699756111
07/03/2010  	12.79517    	19.71858    	16.12080    	 2.499733826
08/03/2010  	11.79714    	18.20141    	15.40393    	 2.363368273
09/03/2010  	13.42214    	18.33482    	15.92284    	 2.344927490
10/03/2010  	15.13900    	18.59551    	16.76679    	 2.344041104
11/03/2010  	14.07229    	17.99541    	16.40434    	 2.338957270
12/03/2010  	13.36694    	17.82054    	15.14094    	 2.473877981
13/03/2010  	12.41207    	16.00613    	14.69873    	 2.664525176
14/03/2010  	11.94827    	15.58588    	14.02070    	 3.012399748
15/03/2010  	11.60045    	16.45513    	13.69637    	 3.340613738
16/03/2010  	13.34455    	19.04627    	15.06540    	 3.673300276
17/03/2010  	14.22488    	18.74284    	16.25586    	 3.953836848
18/03/2010  	14.79344    	18.82010    	16.91524    	 4.271870861
19/03/2010  	15.59602    	19.72573    	17.74717    	 4.662299295
20/03/2010  	17.45625    	19.81156    	18.83600    	 5.057527304
21/03/2010  	16.93456    	19.76609    	18.60476    	 5.504793386
22/03/2010  	16.72057    	19.30721    	18.39964    	 5.699548483
23/03/2010  	16.94177    	20.81116    	18.74560    	 5.873552521
24/03/2010  	17.06912    	20.82210    	19.15738    	 6.095107446
25/03/2010  	17.64852    	21.71568    	19.84757    	 6.418924689
26/03/2010  	17.92364    	21.50610    	20.39819    	 6.704295278
27/03/2010  	17.49544    	21.90428    	20.33042    	 6.834344695
28/03/2010  	18.21395    	21.25368    	20.20783    	 7.048577458
29/03/2010  	17.52455    	21.87241    	19.83976    	 7.218456964
30/03/2010  	17.30146    	22.52105    	20.12444    	 7.365996857
31/03/2010  	19.81086    	23.99126    	22.26188    	 7.227224916
01/04/2010  	21.89373    	23.83900    	22.89485    	 6.925690383
02/04/2010  	22.36580    	24.35229    	22.94814    	 6.803069949
03/04/2010  	20.99171    	24.51380    	23.44639    	 6.869902949
04/04/2010  	19.26576    	24.96507    	22.71402    	 7.100177924
05/04/2010  	18.80919    	23.33828    	21.68278    	 7.242293745
06/04/2010  	18.43792    	24.74243    	21.91609    	 7.448673119
07/04/2010  	20.01463    	24.76201    	22.70256    	 7.716507733
08/04/2010  	19.10081    	23.48887    	21.75312    	 8.087574800
09/04/2010  	19.25645    	22.37030    	20.94464    	 8.492807011
10/04/2010  	19.31384    	22.12094    	20.70447    	 8.843808194
11/04/2010  	16.85971    	20.88354    	19.62034    	 8.965420802
12/04/2010  	16.48702    	20.07335    	18.40891    	 8.961369912
13/04/2010  	16.10295    	19.94494    	18.08981    	 8.987455984
14/04/2010  	16.66123    	20.64552    	18.47661    	 9.026270131
15/04/2010  	17.31643    	20.47202    	19.06371    	 9.045696835
16/04/2010  	17.59537    	20.58106    	19.17074    	 9.101071974
17/04/2010  	17.53069    	21.86574    	19.52344    	 9.307180981
18/04/2010  	18.79143    	22.00234    	20.30202    	 9.573383272
19/04/2010  	19.07265    	21.77790    	20.45944    	 9.761295319
20/04/2010  	19.34754    	23.18802    	21.11128    	 9.868559341
21/04/2010  	18.31476    	21.41853    	20.12289    	 9.589533885
22/04/2010  	18.62475    	21.87649    	20.29374    	 9.322753112
23/04/2010  	20.16043    	24.18509    	21.63300    	 9.459097028
24/04/2010  	20.82448    	24.01437    	22.23999    	 9.698572079
25/04/2010  	20.69640    	24.76220    	22.89310    	 9.909853439
26/04/2010  	21.97475    	24.34912    	23.31155    	10.209025264
27/04/2010  	21.66108    	24.09790    	23.21767    	10.566514512
28/04/2010  	21.53270    	24.70064    	23.26343    	10.916026413
29/04/2010  	22.13633    	25.01635    	23.66836    	11.323301613
30/04/2010  	22.70370    	24.94547    	24.12291    	11.674907982
01/05/2010  	22.83778    	24.82568    	24.12943    	11.841695348
02/05/2010  	20.56474    	24.87791    	23.61814    	11.828249514
03/05/2010  	16.94592    	23.53219    	20.04106    	11.224602163
04/05/2010  	18.68960    	21.01431    	19.58439    	10.667151610
05/05/2010  	17.61259    	23.23148    	20.05826    	10.415651143
06/05/2010  	17.33984    	23.85890    	20.52655    	10.323942979
07/05/2010  	18.95643    	24.13400    	21.19642    	10.135103822
08/05/2010  	21.53640    	24.50976    	22.99885    	10.159675976
09/05/2010  	22.15826    	23.80379    	23.02503    	10.290003339
10/05/2010  	22.20787    	24.02628    	23.01200    	10.412259261
11/05/2010  	21.31606    	23.77378    	22.66409    	10.410798172
12/05/2010  	19.63285    	22.92451    	21.57432    	10.051856697
13/05/2010  	19.05709    	24.23373    	20.95419    	 9.776871006
14/05/2010  	19.62759    	25.14468    	22.19771    	 9.842119634
15/05/2010  	20.80201    	24.87135    	22.78002    	10.077241381
16/05/2010  	21.30208    	24.77579    	22.88551    	10.280323426
17/05/2010  	21.25451    	25.60062    	23.36494    	10.613245408
18/05/2010  	19.76337    	24.37429    	22.60560    	11.101243933
19/05/2010  	18.27310    	24.97768    	21.58431    	11.606876095
20/05/2010  	18.42506    	25.63167    	21.92908    	12.246249656
21/05/2010  	17.96953    	25.34060    	21.58718    	13.011682808
22/05/2010  	17.56574    	24.40063    	20.78881    	13.645280143
23/05/2010  	19.08453    	25.12261    	21.52406    	14.262176573
24/05/2010  	20.29072    	24.87025    	22.28479    	14.856679221
25/05/2010  	20.46523    	23.40582    	22.18835    	15.101702809
26/05/2010  	20.10572    	24.86721    	22.33179    	15.083581309
27/05/2010  	20.08666    	25.83820    	22.94727    	14.961130242
28/05/2010  	21.20107    	26.04849    	23.50993    	15.046658893
29/05/2010  	21.47739    	25.88239    	23.94144    	14.990170280
30/05/2010  	23.13172    	26.80794    	25.21290    	14.958226303
31/05/2010  	23.10767    	25.75250    	24.81198    	14.879541596
01/06/2010  	22.65030    	26.36432    	24.37332    	15.004560451
02/06/2010  	21.31558    	26.12912    	23.97829    	15.291956425
03/06/2010  	21.39045    	26.40820    	23.75933    	15.677041272
04/06/2010  	22.22127    	26.10163    	24.01438    	16.060233215
05/06/2010  	22.87921    	25.89651    	24.51775    	16.437376340
06/06/2010  	23.74360    	26.09706    	24.99288    	16.786229571
07/06/2010  	24.37327    	26.11871    	25.34960    	16.920394659
08/06/2010  	24.43284    	25.86058    	25.15719    	17.071442048
09/06/2010  	24.23141    	25.66263    	24.89588    	17.388368964
10/06/2010  	22.65281    	24.95068    	24.16056    	17.651775837
11/06/2010  	21.97080    	24.65517    	23.59637    	17.981740912
12/06/2010  	21.56498    	24.50671    	23.34457    	17.913712780
13/06/2010  	20.47532    	23.68932    	22.32529    	17.763615727
14/06/2010  	19.45889    	25.23923    	22.31191    	17.896996617
15/06/2010  	17.64358    	23.57403    	21.11080    	17.582618753
16/06/2010  	18.27435    	24.09203    	20.65011    	17.263995926
17/06/2010  	19.73216    	25.01763    	21.88390    	17.039769769
18/06/2010  	21.32487    	25.39412    	22.81887    	16.771572669
19/06/2010  	22.18112    	24.07709    	23.15108    	15.922092358
20/06/2010  	23.20944    	27.19781    	25.22699    	14.789231579
21/06/2010  	25.91248    	28.00736    	27.07816    	14.366745929
22/06/2010  	26.86142    	28.16000    	27.63332    	14.748732805
23/06/2010  	27.47857    	28.60451    	27.87460    	15.415100813
24/06/2010  	27.67610    	28.49214    	28.08469    	16.097042521
25/06/2010  	27.63084    	28.44605    	28.06891    	16.584447384
26/06/2010  	27.27221    	28.51657    	27.96929    	17.200449268
27/06/2010  	27.14881    	29.04259    	28.25172    	17.776553154
28/06/2010  	27.00691    	29.18901    	28.25591    	18.751796842
29/06/2010  	26.96969    	29.13191    	28.34606    	19.346714973
30/06/2010  	27.23147    	29.07932    	28.36848    	19.642032584
01/07/2010  	26.67458    	29.14434    	28.31302    	19.981461604
02/07/2010  	26.94748    	29.48190    	28.53749    	20.404030561
03/07/2010  	26.77556    	29.12729    	28.39241    	20.892670671
04/07/2010  	27.09662    	29.04300    	28.30604    	21.224501451
05/07/2010  	27.06968    	29.31613    	28.43303    	21.341572682
06/07/2010  	26.63679    	29.13396    	28.14312    	21.389812907
07/07/2010  	26.78288    	28.92589    	28.26773    	21.098154942
08/07/2010  	27.75252    	29.42161    	28.72773    	21.000514309
09/07/2010  	27.85373    	29.28560    	28.74724    	21.299584508
10/07/2010  	27.84696    	29.31997    	28.76484    	21.812738856
11/07/2010  	27.77607    	29.17934    	28.63398    	22.178061565
12/07/2010  	27.66125    	29.35743    	28.73215    	22.208685795
13/07/2010  	27.93882    	29.58364    	28.92660    	22.082968831
14/07/2010  	27.70100    	29.47797    	28.86647    	22.314206402
15/07/2010  	27.47993    	29.38384    	28.72608    	21.895610491
16/07/2010  	27.15892    	29.04383    	28.44477    	21.093297084
17/07/2010  	27.49106    	28.86204    	28.17748    	20.663946509
18/07/2010  	27.58693    	28.33932    	27.96206    	20.475573699
19/07/2010  	27.52222    	28.26548    	27.96991    	20.607886036
20/07/2010  	27.43629    	28.32010    	27.98599    	20.883355578
21/07/2010  	27.65999    	28.46680    	28.15705    	21.025854985
22/07/2010  	27.65219    	28.47678    	28.23320    	21.056815823
23/07/2010  	26.36574    	28.57032    	28.01016    	21.127554615
24/07/2010  	25.34930    	28.37740    	27.09873    	20.976817608
25/07/2010  	25.46469    	28.04647    	27.12907    	20.905326486
26/07/2010  	24.36240    	27.97954    	26.89177    	20.808468143
27/07/2010  	23.93925    	27.41275    	26.03718    	20.712907553
28/07/2010  	23.46938    	27.50863    	25.90821    	20.785768906
29/07/2010  	22.81339    	26.79575    	25.30161    	20.704720259
30/07/2010  	22.41761    	26.40019    	24.65744    	20.542267879
31/07/2010  	22.44869    	27.96617    	25.49909    	20.422691107
01/08/2010  	23.10925    	27.75213    	25.72054    	20.394769748
02/08/2010  	23.29024    	27.43151    	25.53443    	20.566559911
03/08/2010  	23.55412    	26.68289    	25.40633    	20.604942958
04/08/2010  	24.77164    	27.56508    	26.12675    	20.473924756
05/08/2010  	24.38555    	26.95651    	25.99311    	20.155086716
06/08/2010  	24.03176    	26.52194    	25.46675    	20.104329944
07/08/2010  	24.53900    	26.51573    	25.63532    	20.042190075
08/08/2010  	23.17945    	26.42522    	25.52302    	19.969723940
09/08/2010  	22.25231    	25.34293    	24.12844    	20.024565895
10/08/2010  	22.75662    	26.05621    	24.85876    	20.021171451
11/08/2010  	22.69441    	26.35143    	25.19068    	19.990778089
12/08/2010  	21.96900    	25.79917    	24.45994    	19.958383799
13/08/2010  	21.75333    	26.05640    	24.31132    	19.776465813
14/08/2010  	21.08747    	25.70418    	23.82812    	19.884408593
15/08/2010  	17.63541    	24.32352    	21.74708    	19.720864733
16/08/2010  	18.03407    	23.65748    	20.77098    	19.500912587
17/08/2010  	20.13184    	23.16806    	21.68934    	19.506584326
18/08/2010  	20.40488    	22.55151    	21.37406    	19.260379195
19/08/2010  	19.43483    	21.83279    	20.83503    	18.978147388
20/08/2010  	19.48774    	22.42857    	20.80923    	18.916222533
21/08/2010  	19.08418    	21.94743    	20.47644    	19.056585391
22/08/2010  	19.75073    	21.87880    	20.48313    	19.248440226
23/08/2010  	19.91963    	22.43420    	21.22677    	19.329901934
24/08/2010  	18.11441    	21.53965    	20.21890    	18.945515315
25/08/2010  	19.25318    	21.70542    	20.74436    	18.381873806
26/08/2010  	20.54971    	22.67894    	21.81668    	17.998653015
27/08/2010  	21.59334    	23.56952    	22.42820    	17.658455729
28/08/2010  	19.60845    	22.75396    	21.47847    	17.118328452
29/08/2010  	18.80183    	22.50677    	20.28298    	16.721746882
30/08/2010  	17.11871    	20.89645    	19.79235    	16.012064437
31/08/2010  	16.00963    	21.38843    	18.72677    	15.710048834
01/09/2010  	17.07846    	21.05638    	18.90755    	15.764045715
02/09/2010  	16.33411    	20.40074    	18.53400    	15.853197694
03/09/2010  	14.97773    	19.20759    	17.67122    	16.003041844
04/09/2010  	14.78968    	19.18304    	17.24442    	16.222539504
05/09/2010  	14.20378    	18.28935    	16.84226    	16.333174030
06/09/2010  	13.23415    	18.31726    	16.59307    	16.197693547
07/09/2010  	14.10045    	20.74924    	18.64016    	15.604796092
08/09/2010  	17.21968    	21.23527    	19.75998    	15.510911226
09/09/2010  	18.55626    	21.74917    	20.42371    	15.792533855
10/09/2010  	18.26894    	20.81980    	19.94854    	15.954179784
11/09/2010  	18.47149    	20.84949    	20.01892    	16.196425895
12/09/2010  	18.34359    	20.31770    	19.84109    	16.508308530
13/09/2010  	17.37903    	20.34808    	19.29142    	16.434217572
14/09/2010  	15.30497    	20.07606    	18.59118    	16.459303737
15/09/2010  	13.22471    	19.58586    	17.11414    	16.122759104
16/09/2010  	13.06517    	19.38951    	17.20931    	15.531360586
17/09/2010  	15.85555    	19.81622    	18.43006    	15.012085497
18/09/2010  	17.90513    	20.65889    	19.11782    	14.194109321
19/09/2010  	17.84528    	20.32017    	19.28450    	13.893673698
20/09/2010  	17.11779    	20.05090    	18.50735    	14.077724417
21/09/2010  	17.02019    	19.53131    	18.60056    	14.338402311
22/09/2010  	16.54508    	19.03680    	18.22517    	14.558482150
23/09/2010  	16.28672    	19.54910    	18.35896    	14.888574759
24/09/2010  	15.95827    	19.42765    	18.06595    	15.158727129
25/09/2010  	14.89608    	18.41041    	16.88143    	14.623685261
26/09/2010  	15.34111    	19.16161    	17.13084    	14.427757104
27/09/2010  	14.78939    	18.78826    	17.09855    	14.455098927
28/09/2010  	15.21336    	18.93064    	17.21445    	14.462724964
29/09/2010  	14.66307    	18.71389    	17.06788    	14.206085205
30/09/2010  	14.24383    	19.80574    	17.79204    	13.843200127
01/10/2010  	17.69901    	19.88942    	18.68696    	13.802873890
02/10/2010  	18.41716    	21.20433    	19.59208    	13.936567068
03/10/2010  	20.03575    	21.40578    	20.76384    	14.519502699
04/10/2010  	20.70779    	22.59278    	21.83746    	15.018022497
05/10/2010  	20.64209    	22.61545    	21.89537    	15.296628674
06/10/2010  	20.75742    	22.95932    	22.10642    	15.492301166
07/10/2010  	20.35968    	22.37838    	21.90196    	15.507030169
08/10/2010  	18.22493    	22.70877    	21.20105    	15.520327965
09/10/2010  	17.30508    	22.05076    	20.36324    	15.282156289
10/10/2010  	17.85384    	21.84771    	20.26014    	14.904663066
11/10/2010  	16.51232    	20.69246    	19.04398    	14.307326714
12/10/2010  	15.38604    	19.58428    	17.65689    	13.864057302
13/10/2010  	15.31214    	18.46285    	17.05102    	13.587587575
14/10/2010  	14.96775    	19.52514    	16.97835    	13.440761745
15/10/2010  	14.84781    	17.87464    	16.31266    	13.194711566
16/10/2010  	14.27714    	17.27560    	15.64845    	12.644747535
17/10/2010  	15.96536    	21.52376    	18.88729    	12.165839295
18/10/2010  	17.68313    	21.15503    	19.25578    	11.623441299
19/10/2010  	18.41132    	19.92514    	19.34038    	11.324875772
20/10/2010  	17.80774    	19.63111    	18.89531    	10.939644933
21/10/2010  	17.74495    	19.60773    	18.68298    	10.187797705
22/10/2010  	16.47174    	20.13244    	18.57353    	 9.779429436
23/10/2010  	17.46973    	22.15887    	19.29206    	 9.548854570
24/10/2010  	18.07565    	20.05970    	19.09232    	 9.320247789
25/10/2010  	17.57267    	19.73732    	18.92799    	 8.912036757
26/10/2010  	17.37056    	20.83487    	18.66804    	 8.488724748
27/10/2010  	17.62171    	21.32415    	19.30901    	 8.508935253
28/10/2010  	18.07693    	21.15936    	18.93098    	 8.858132223
29/10/2010  	18.74869    	21.29596    	19.26168    	 9.110412558
30/10/2010  	19.44007    	21.88508    	20.75183    	 9.667537749
31/10/2010  	20.31708    	22.86422    	21.67583    	 9.966639201
01/11/2010  	19.70650    	23.42672    	21.80628    	10.051526129
02/11/2010  	20.55417    	22.54012    	21.90212    	10.178400596
03/11/2010  	19.99543    	24.08067    	21.81683    	10.510447482
04/11/2010  	19.16693    	22.01358    	20.90810    	10.794197679
05/11/2010  	18.21328    	22.80939    	20.84134    	11.319831610
06/11/2010  	20.66631    	22.64988    	21.58378    	11.315400422
07/11/2010  	19.94428    	22.41140    	21.54056    	11.013865312
08/11/2010  	18.52752    	23.61528    	21.42771    	10.361345967
09/11/2010  	17.58815    	24.50272    	21.82538    	 9.501915812
10/11/2010  	17.23184    	23.58644    	20.73344    	 8.882702152
11/11/2010  	18.84427    	22.87748    	20.95140    	 8.220868816
12/11/2010  	12.43869    	25.17857    	20.32181    	 8.219674697
13/11/2010  	18.05064    	21.73932    	19.47012    	 8.088857085
14/11/2010  	19.76101    	23.95683    	21.25275    	 8.440902710
15/11/2010  	20.72784    	23.11437    	21.76788    	 8.481564562
16/11/2010  	19.67431    	23.03941    	21.51537    	 8.330658416
17/11/2010  	16.86396    	23.08266    	21.45615    	 8.081124316
18/11/2010  	17.11481    	23.56267    	21.81100    	 7.852562169
19/11/2010  	18.32813    	22.69703    	21.11388    	 7.693823983
20/11/2010  	17.65420    	22.03224    	20.27811    	 7.619963080
21/11/2010  	16.92486    	21.67605    	19.56207    	 7.483085424
22/11/2010  	15.24613    	20.06977    	18.28879    	 7.155226469
23/11/2010  	14.03869    	19.38608    	16.74104    	 6.776122322
24/11/2010  	13.84101    	20.23514    	16.22295    	 6.379978677
25/11/2010  	15.66304    	20.28190    	17.69817    	 6.132857909
26/11/2010  	16.41171    	20.71746    	18.43647    	 5.752957453
27/11/2010  	16.64968    	20.86710    	18.82618    	 5.349256843
28/11/2010  	14.96074    	21.03731    	18.71320    	 4.813190291
29/11/2010  	15.71825    	20.51566    	18.64854    	 4.073430762
30/11/2010  	16.43031    	20.56951    	18.78166    	 3.382623995
01/12/2010  	16.14490    	20.77196    	18.79035    	 2.396101517
02/12/2010  	17.49341    	21.35033    	20.49360    	 1.829979410
03/12/2010  	19.73438    	21.61174    	20.97784    	 1.763141525
04/12/2010  	19.98997    	22.92320    	21.66846    	 1.694469700
05/12/2010  	21.42792    	23.29966    	22.34499    	 1.853593295
06/12/2010  	21.69036    	23.02182    	22.50634    	 1.957334543
07/12/2010  	21.58068    	23.25385    	22.56688    	 1.856130342
08/12/2010  	21.35273    	23.18403    	22.47536    	 1.757519270
09/12/2010  	18.53628    	22.71554    	21.21264    	 1.576145341
10/12/2010  	18.31418    	21.64203    	19.87296    	 1.422194096
11/12/2010  	18.11528    	21.17878    	20.12952    	 2.033510961
12/12/2010  	19.14462    	25.29980    	21.01114    	 2.923640817
13/12/2010  	18.98629    	24.45105    	22.51496    	 3.149498175
14/12/2010  	17.75274    	23.75304    	21.41934    	 2.723784536
15/12/2010  	15.81794    	22.27916    	19.41408    	 2.322276165
16/12/2010  	17.02052    	22.07534    	19.26453    	 2.332228323
17/12/2010  	18.08228    	23.00470    	19.99977    	 2.179726154
18/12/2010  	19.17706    	22.83677    	21.23613    	 1.954062680
19/12/2010  	20.80860    	23.65134    	22.30241    	 1.408817256
20/12/2010  	21.14978    	22.99001    	22.08134    	 0.832270611
21/12/2010  	21.20818    	22.40245    	21.90611    	 0.489404704
22/12/2010  	19.84617    	22.41930    	21.65336    	 0.152006971
23/12/2010  	17.36879    	22.03782    	20.07437    	-0.002348753
24/12/2010  	16.34528    	20.15322    	18.34235    	-0.232499751
25/12/2010  	18.34020    	23.66737    	19.56315    	-0.428610547
26/12/2010  	19.73529    	24.67932    	21.32184    	-0.339997004
27/12/2010  	19.84890    	22.82322    	20.81214    	-0.179391912
28/12/2010  	20.25606    	22.69480    	21.11573    	-0.111802571
29/12/2010  	20.67644    	22.11003    	21.42151    	-0.064452239
30/12/2010  	19.20718    	22.03359    	21.13508    	-0.048135508
31/12/2010  	18.34708    	21.35130    	19.97730    	 0.125626463
