date	smin	smax	smean	tmean
01/01/2009  	17.82455    	21.05739    	19.50681    	 1.813215797
02/01/2009  	17.48281    	21.91876    	19.19154    	 1.726942562
03/01/2009  	16.47777    	22.57556    	19.23715    	 1.528396500
04/01/2009  	18.38502    	21.88660    	19.91966    	 1.513120624
05/01/2009  	17.61569    	20.62105    	19.27483    	 1.652776867
06/01/2009  	20.02453    	24.16149    	22.24920    	 1.212667430
07/01/2009  	18.93458    	22.78548    	20.93630    	 0.861472912
08/01/2009  	18.29543    	22.03047    	20.34542    	 0.809408947
09/01/2009  	18.46076    	22.59150    	20.64880    	 0.616507423
10/01/2009  	18.64186    	22.33332    	20.56409    	 0.468540896
11/01/2009  	19.09785    	23.43715    	21.70610    	 0.597658464
12/01/2009  	20.28730    	25.88331    	22.62559    	 0.843954360
13/01/2009  	22.13733    	26.84040    	23.82623    	 1.516080716
14/01/2009  	21.54260    	26.56366    	23.79697    	 1.751697707
15/01/2009  	19.48172    	26.00018    	22.71341    	 1.658591568
16/01/2009  	20.01968    	24.90518    	23.10081    	 1.843395464
17/01/2009  	22.40803    	24.66253    	23.58606    	 2.101985914
18/01/2009  	22.62694    	24.56788    	23.55201    	 2.547925035
19/01/2009  	22.61958    	26.02406    	24.34499    	 2.818800062
20/01/2009  	24.78106    	27.74360    	26.34789    	 2.996479253
21/01/2009  	24.55348    	27.84021    	26.24024    	 2.921214312
22/01/2009  	24.94506    	28.87815    	27.09609    	 2.716156522
23/01/2009  	27.06209    	28.74652    	28.13573    	 2.587757453
24/01/2009  	26.34461    	27.67645    	26.84122    	 2.769870738
25/01/2009  	26.13016    	27.44222    	26.53879    	 2.818871583
26/01/2009  	25.55540    	27.51088    	26.66343    	 2.661438743
27/01/2009  	24.60245    	27.17443    	26.24445    	 2.443186288
28/01/2009  	23.57436    	26.59432    	25.34982    	 2.155613783
29/01/2009  	22.92937    	25.90539    	24.69245    	 1.928957264
30/01/2009  	20.71375    	24.96215    	23.41256    	 1.573300816
31/01/2009  	21.70291    	24.82185    	23.42551    	 1.278242712
01/02/2009  	21.73187    	24.11940    	23.15500    	 0.869968052
02/02/2009  	22.64022    	23.83018    	23.14144    	 0.459561346
03/02/2009  	23.33109    	24.43738    	23.78444    	 0.587183444
04/02/2009  	23.65413    	24.45611    	23.98620    	 0.720275104
05/02/2009  	23.48687    	24.62221    	24.05832    	 0.807991998
06/02/2009  	23.52160    	24.81280    	24.17358    	 1.039442030
07/02/2009  	22.81196    	24.59682    	23.79184    	 1.165999894
08/02/2009  	21.50186    	24.16235    	22.97494    	 1.258648659
09/02/2009  	20.72972    	24.10537    	22.42255    	 1.374133324
10/02/2009  	19.95770    	24.12069    	22.52242    	 1.479857375
11/02/2009  	18.49385    	24.50543    	21.15938    	 1.607198531
12/02/2009  	17.71350    	25.13186    	21.07213    	 1.810997640
13/02/2009  	17.98426    	25.21067    	21.09307    	 1.987429038
14/02/2009  	19.44360    	25.26421    	22.43732    	 2.066625506
15/02/2009  	17.61958    	24.84195    	21.51532    	 1.985544316
16/02/2009  	18.67936    	22.66295    	20.21722    	 2.257727737
17/02/2009  	19.22850    	21.62222    	20.63435    	 2.737030392
18/02/2009  	18.87417    	21.79495    	20.39710    	 2.632194296
19/02/2009  	18.78964    	21.15858    	20.02352    	 2.561592549
20/02/2009  	18.00404    	20.28820    	19.14062    	 2.687415789
21/02/2009  	16.47598    	20.07562    	18.29842    	 2.901306907
22/02/2009  	15.72764    	19.46719    	17.88574    	 3.202544163
23/02/2009  	17.34083    	20.61105    	18.32679    	 3.924222246
24/02/2009  	14.77052    	21.37932    	17.56921    	 3.837859501
25/02/2009  	13.58469    	20.30141    	17.37436    	 3.961269855
26/02/2009  	14.79430    	18.73689    	16.65671    	 4.240308444
27/02/2009  	14.77903    	19.13240    	16.36024    	 4.665220588
28/02/2009  	13.97565    	20.21661    	16.47243    	 4.905311465
01/03/2009  	15.30529    	20.79776    	18.11818    	 4.984794150
02/03/2009  	16.23819    	20.81439    	18.47534    	 5.121873915
03/03/2009  	15.43747    	20.66629    	18.13913    	 5.172113746
04/03/2009  	16.92107    	21.40142    	19.46492    	 4.952850978
05/03/2009  	19.14602    	21.63194    	20.68079    	 4.805280825
06/03/2009  	16.34308    	20.50493    	18.74179    	 4.928040534
07/03/2009  	16.11605    	19.62004    	18.21538    	 4.866823296
08/03/2009  	16.00414    	21.62285    	18.88086    	 4.975324353
09/03/2009  	17.38669    	21.21766    	19.00844    	 4.996780564
10/03/2009  	17.75770    	20.72900    	18.61024    	 4.973287364
11/03/2009  	17.84037    	20.79094    	18.93255    	 4.953113645
12/03/2009  	15.57405    	20.68443    	18.06572    	 5.123674383
13/03/2009  	15.93883    	21.07020    	18.26900    	 5.373633275
14/03/2009  	14.85612    	21.02664    	17.95479    	 5.538530529
15/03/2009  	15.93120    	20.28846    	18.30828    	 5.891898950
16/03/2009  	15.44159    	19.88802    	17.37327    	 6.040765067
17/03/2009  	15.98406    	20.09463    	18.03772    	 6.294741402
18/03/2009  	15.11630    	18.24532    	16.70178    	 6.454309285
19/03/2009  	16.39377    	18.87147    	17.51678    	 6.583633522
20/03/2009  	16.85476    	18.08290    	17.49026    	 6.699331641
21/03/2009  	16.77195    	19.41999    	18.18324    	 6.713859469
22/03/2009  	12.55953    	18.29159    	16.29661    	 6.744079560
23/03/2009  	11.71525    	18.34248    	14.91270    	 6.814618071
24/03/2009  	15.03669    	22.00830    	17.46896    	 6.453779032
25/03/2009  	13.72052    	18.89468    	16.41832    	 6.576952010
26/03/2009  	14.55262    	18.19353    	16.10145    	 6.594067812
27/03/2009  	14.72445    	18.78837    	16.23521    	 6.580720752
28/03/2009  	14.72731    	20.32441    	16.53824    	 6.531745623
29/03/2009  	14.77715    	20.02467    	17.09080    	 6.486586382
30/03/2009  	13.78326    	19.12622    	16.09283    	 6.422738860
31/03/2009  	13.87990    	19.10493    	16.57629    	 6.573511620
01/04/2009  	15.36847    	19.23685    	17.03817    	 6.799327185
02/04/2009  	16.56685    	19.01048    	17.68852    	 7.163847407
03/04/2009  	17.08804    	19.87812    	18.21221    	 7.602644891
04/04/2009  	15.75418    	19.62955    	18.01225    	 7.915525715
05/04/2009  	16.19128    	20.14260    	18.43021    	 8.041341484
06/04/2009  	16.72710    	21.33233    	18.57765    	 8.227113942
07/04/2009  	16.82323    	21.32991    	18.94558    	 8.480024715
08/04/2009  	16.99391    	22.28180    	19.73000    	 8.573391974
09/04/2009  	18.46493    	21.28528    	20.04204    	 8.662771543
10/04/2009  	18.48125    	22.08216    	20.14475    	 8.950810373
11/04/2009  	18.85127    	22.33916    	20.74283    	 9.273908099
12/04/2009  	19.07727    	22.06229    	20.56103    	 9.674857279
13/04/2009  	19.02187    	21.54675    	20.23456    	10.053028365
14/04/2009  	19.00696    	21.69756    	20.21949    	10.276598692
15/04/2009  	19.07717    	21.97525    	20.26496    	10.567372620
16/04/2009  	19.27381    	22.34993    	20.69323    	10.956234872
17/04/2009  	19.91464    	22.90282    	21.30662    	11.074928780
18/04/2009  	20.24669    	22.41970    	21.33325    	11.103917738
19/04/2009  	19.91375    	22.28769    	21.00642    	11.252751529
20/04/2009  	19.92208    	22.33782    	20.99165    	11.481589278
21/04/2009  	19.89429    	22.12717    	20.87935    	11.797099113
22/04/2009  	19.81918    	22.04988    	20.84318    	11.980295718
23/04/2009  	19.61796    	23.20510    	20.63946    	12.119961202
24/04/2009  	19.64992    	24.25271    	21.28579    	12.331901610
25/04/2009  	19.73112    	24.25208    	21.91980    	12.400409122
26/04/2009  	20.59912    	23.70797    	22.14297    	12.526410778
27/04/2009  	20.93329    	24.31448    	22.41021    	12.620378455
28/04/2009  	21.38007    	24.38006    	22.89161    	12.579877357
29/04/2009  	21.87884    	24.17550    	22.84839    	12.690176189
30/04/2009  	21.96109    	24.18395    	22.75997    	12.886897405
01/05/2009  	22.10342    	24.56275    	22.89229    	13.227762878
02/05/2009  	22.10349    	24.91208    	23.12019    	13.517898122
03/05/2009  	22.17604    	24.19349    	22.89208    	13.638279080
04/05/2009  	21.99429    	23.35339    	22.33738    	13.212711910
05/05/2009  	21.21831    	23.24225    	22.09267    	12.705488602
06/05/2009  	20.59822    	22.69861    	21.66188    	12.664026757
07/05/2009  	20.04828    	22.67950    	21.47742    	12.758526603
08/05/2009  	20.44954    	23.01029    	21.72704    	12.840950112
09/05/2009  	20.63313    	23.38466    	21.70965    	12.758057376
10/05/2009  	20.71757    	23.59358    	21.87586    	12.951227943
11/05/2009  	20.80989    	22.83667    	21.56136    	13.093668660
12/05/2009  	20.88074    	24.17297    	21.93330    	12.886898478
13/05/2009  	20.93538    	25.13379    	22.88167    	12.843768855
14/05/2009  	21.62972    	25.25496    	23.54699    	12.939972182
15/05/2009  	22.68535    	25.58514    	24.29184    	13.031633317
16/05/2009  	23.85367    	25.86205    	24.92604    	13.122105698
17/05/2009  	24.31714    	25.64009    	24.96676    	13.255238394
18/05/2009  	24.76306    	26.35809    	25.25948    	13.274989009
19/05/2009  	24.05970    	25.77165    	24.86713    	13.361149371
20/05/2009  	23.42392    	25.87477    	24.39032    	13.538875878
21/05/2009  	23.54348    	25.81203    	24.44668    	13.818419715
22/05/2009  	23.72179    	25.66034    	24.37943    	14.081723432
23/05/2009  	23.69225    	25.13583    	24.26540    	14.493936857
24/05/2009  	23.90995    	25.39901    	24.41952    	14.989420672
25/05/2009  	23.94695    	25.97469    	24.54837    	15.645577013
26/05/2009  	23.30570    	26.07513    	24.77973    	16.216192981
27/05/2009  	23.54263    	25.71136    	24.52051    	16.124723931
28/05/2009  	23.50797    	25.60612    	24.16933    	15.883743445
29/05/2009  	21.63058    	25.42879    	23.34366    	16.112502237
30/05/2009  	20.23594    	26.15570    	23.37892    	16.203284303
31/05/2009  	20.74366    	25.78972    	23.33758    	16.469883164
01/06/2009  	20.41622    	25.13895    	22.80658    	16.825205048
02/06/2009  	19.69858    	24.33781    	21.92854    	17.029474258
03/06/2009  	19.84843    	25.81586    	22.41228    	15.873519282
04/06/2009  	23.50244    	27.65592    	25.55590    	14.165235420
05/06/2009  	23.70885    	27.85697    	25.61544    	13.853578885
06/06/2009  	23.81170    	26.87444    	25.03560    	14.174007336
07/06/2009  	24.00176    	28.64823    	26.12119    	14.082886219
08/06/2009  	24.62051    	28.18114    	26.27471    	14.458272040
09/06/2009  	24.67498    	28.46069    	26.72921    	14.898769240
10/06/2009  	25.74230    	27.80347    	26.87697    	15.187588453
11/06/2009  	24.61654    	27.95268    	26.39896    	15.423686028
12/06/2009  	23.34757    	27.30720    	25.44891    	15.623533269
13/06/2009  	23.34409    	27.91382    	25.46448    	15.725722154
14/06/2009  	23.81217    	27.13640    	25.45343    	16.147296965
15/06/2009  	23.78752    	26.36270    	24.95772    	16.645343026
16/06/2009  	23.55617    	26.96643    	24.89129    	16.891774098
17/06/2009  	22.72729    	26.36109    	24.48227    	17.101580143
18/06/2009  	22.75226    	26.92274    	24.99183    	17.146119316
19/06/2009  	22.30105    	25.96347    	24.31941    	17.182960391
20/06/2009  	22.46997    	24.97604    	24.22714    	16.838324189
21/06/2009  	21.80976    	25.69246    	23.84937    	16.756064614
22/06/2009  	21.32430    	27.29061    	24.21381    	16.718208273
23/06/2009  	21.56522    	27.09921    	24.70696    	16.867773056
24/06/2009  	21.45605    	27.42573    	24.39207    	17.287268321
25/06/2009  	21.51009    	28.25744    	24.91788    	17.632978638
26/06/2009  	23.26212    	28.41337    	25.45935    	18.021108230
27/06/2009  	22.91315    	28.79791    	25.75663    	18.521653970
28/06/2009  	23.57582    	28.86186    	26.08579    	18.977692286
29/06/2009  	24.22326    	28.63228    	26.11484    	19.586558143
30/06/2009  	24.03490    	28.00073    	25.82564    	20.240907073
01/07/2009  	23.60640    	27.59055    	25.47205    	20.740325610
02/07/2009  	23.53300    	27.42015    	25.53366    	21.116141001
03/07/2009  	23.90215    	27.73364    	26.07059    	21.478109837
04/07/2009  	24.84841    	27.79824    	26.41225    	21.686840971
05/07/2009  	24.49434    	27.94167    	26.38052    	21.878761053
06/07/2009  	24.73521    	27.91774    	26.33167    	21.956153870
07/07/2009  	25.01287    	28.47445    	26.74717    	21.426562707
08/07/2009  	25.87347    	27.74349    	26.46072    	20.980081320
09/07/2009  	26.17322    	27.67320    	26.98274    	19.044709444
10/07/2009  	26.77618    	29.93649    	27.97457    	17.455760161
11/07/2009  	26.56498    	30.51702    	28.25510    	16.372895579
12/07/2009  	25.48543    	27.62857    	26.33050    	17.164999286
13/07/2009  	24.54753    	26.29855    	25.49534    	17.674539169
14/07/2009  	23.98999    	25.08760    	24.54680    	18.436029832
15/07/2009  	23.80085    	25.39576    	24.41668    	19.028003931
16/07/2009  	23.19623    	25.42965    	24.21720    	19.208394130
17/07/2009  	23.33712    	25.30948    	24.07647    	19.424715718
18/07/2009  	23.24111    	25.46691    	24.17416    	19.465884646
19/07/2009  	22.67024    	24.93054    	23.65248    	19.197767893
20/07/2009  	22.70715    	25.74096    	23.74890    	19.113863468
21/07/2009  	22.33133    	25.05222    	23.63527    	19.154031714
22/07/2009  	22.68571    	25.75290    	23.80381    	19.355488181
23/07/2009  	22.81506    	25.42384    	23.81045    	19.448210915
24/07/2009  	23.20689    	25.60995    	23.91523    	19.394255320
25/07/2009  	23.20480    	25.40038    	23.80310    	19.259872953
26/07/2009  	22.67292    	25.18582    	23.52347    	18.965404391
27/07/2009  	21.87548    	24.58871    	23.09586    	19.237386902
28/07/2009  	22.02097    	24.26845    	23.04600    	19.318599979
29/07/2009  	22.24652    	23.99901    	22.78144    	19.491823475
30/07/2009  	22.36440    	23.88981    	22.89633    	19.606102427
31/07/2009  	21.99863    	22.96239    	22.54333    	19.119988243
01/08/2009  	21.96494    	22.81729    	22.31003    	19.175971389
02/08/2009  	21.98414    	23.71722    	22.53511    	19.276219249
03/08/2009  	21.74611    	23.37167    	22.37441    	19.271597902
04/08/2009  	21.41672    	23.16334    	22.33204    	19.493184129
05/08/2009  	21.71869    	23.87282    	22.69574    	19.747909546
06/08/2009  	21.98266    	24.51003    	23.10255    	20.190214396
07/08/2009  	22.06677    	25.32747    	23.47354    	20.566257358
08/08/2009  	22.25134    	24.85527    	23.20795    	20.750239015
09/08/2009  	22.17553    	25.78313    	23.30234    	20.756643017
10/08/2009  	22.13796    	26.20042    	23.56070    	20.812966704
11/08/2009  	22.22237    	25.63435    	23.72818    	20.923994342
12/08/2009  	21.89425    	26.11442    	23.54186    	20.874750654
13/08/2009  	22.39304    	25.88888    	23.58073    	20.647193193
14/08/2009  	22.28545    	25.41066    	23.53173    	20.496619741
15/08/2009  	22.57242    	26.34695    	24.21261    	20.441940626
16/08/2009  	23.29755    	25.54967    	24.00049    	20.446595271
17/08/2009  	23.13040    	24.42311    	23.55507    	20.454313755
18/08/2009  	22.83354    	24.46057    	23.50217    	20.230588436
19/08/2009  	22.30737    	25.36022    	23.66767    	20.258335829
20/08/2009  	22.13976    	25.82767    	24.21850    	20.508534988
21/08/2009  	23.25565    	25.44881    	24.53114    	20.532547752
22/08/2009  	23.48866    	25.32665    	24.47954    	20.360103726
23/08/2009  	23.61197    	26.91190    	24.85355    	20.239016453
24/08/2009  	23.65648    	26.96791    	25.29815    	20.260632197
25/08/2009  	24.34710    	26.39257    	25.56041    	20.476183891
26/08/2009  	24.65320    	26.54282    	25.47350    	20.249121666
27/08/2009  	24.80554    	26.45515    	25.42997    	20.033044537
28/08/2009  	23.90935    	26.24798    	25.10472    	19.617789110
29/08/2009  	23.80481    	26.08319    	24.73703    	18.702823202
30/08/2009  	24.45563    	25.86006    	25.19362    	17.775918086
31/08/2009  	23.08256    	25.26872    	24.21719    	17.766811132
01/09/2009  	23.30601    	26.30693    	24.70874    	17.920745373
02/09/2009  	23.55650    	27.08179    	24.88131    	17.867285212
03/09/2009  	23.67891    	28.60007    	25.90514    	17.842170397
04/09/2009  	24.43077    	28.80890    	26.82730    	16.889999429
05/09/2009  	24.71784    	28.09885    	26.55934    	16.377907713
06/09/2009  	26.15421    	28.28669    	27.23886    	16.180875897
07/09/2009  	25.70253    	27.62876    	26.79628    	16.065121651
08/09/2009  	25.99042    	26.90916    	26.43780    	16.289741317
09/09/2009  	25.84953    	27.53136    	26.73092    	16.705002228
10/09/2009  	24.83209    	27.97852    	26.21752    	16.760420481
11/09/2009  	24.60135    	27.43157    	25.67555    	16.604543845
12/09/2009  	24.64404    	26.66890    	25.48515    	16.416968385
13/09/2009  	25.04381    	28.07484    	26.61373    	15.960155487
14/09/2009  	25.88916    	27.61151    	26.76480    	15.924932102
15/09/2009  	26.15018    	28.66291    	27.21458    	15.884006381
16/09/2009  	26.24187    	28.98230    	27.48893    	15.893380463
17/09/2009  	26.52294    	28.91823    	27.45106    	15.811695278
18/09/2009  	26.67402    	29.68607    	27.92555    	15.682933887
19/09/2009  	26.74758    	29.81601    	28.13212    	15.825971504
20/09/2009  	26.83796    	29.84959    	28.27301    	15.993205170
21/09/2009  	27.07763    	30.17367    	28.25051    	16.131549100
22/09/2009  	27.19157    	29.68305    	28.45229    	16.205560168
23/09/2009  	27.73611    	29.60935    	28.61485    	16.194725513
24/09/2009  	27.83873    	29.91270    	28.73140    	16.042059461
25/09/2009  	28.24803    	30.27637    	28.90751    	15.902943035
26/09/2009  	28.30107    	29.45798    	28.76409    	16.011598587
27/09/2009  	28.30657    	29.49012    	28.70216    	16.050884982
28/09/2009  	28.29720    	30.54659    	29.07728    	16.185293277
29/09/2009  	28.54017    	31.07260    	29.62650    	16.244079987
30/09/2009  	27.74324    	30.07651    	28.42116    	16.222911080
01/10/2009  	27.66789    	31.34895    	29.01929    	15.659003675
02/10/2009  	26.84284    	30.52541    	28.99899    	14.464054883
03/10/2009  	25.56561    	28.86494    	27.28938    	14.393489897
04/10/2009  	26.17480    	28.56255    	27.30909    	13.835460722
05/10/2009  	24.95724    	28.74793    	26.88741    	13.393140177
06/10/2009  	25.02188    	27.55069    	26.36221    	13.403735717
07/10/2009  	24.87628    	26.86206    	25.85108    	13.838404497
08/10/2009  	25.07783    	25.80093    	25.50177    	13.771463752
09/10/2009  	22.95875    	26.90732    	24.88745    	13.462088406
10/10/2009  	23.53664    	27.43173    	25.98887    	13.087646544
11/10/2009  	23.31217    	27.38318    	25.37611    	12.893781424
12/10/2009  	22.25665    	26.71352    	24.79381    	12.087705970
13/10/2009  	21.14582    	26.39652    	24.10742    	11.265096307
14/10/2009  	23.24267    	27.24652    	25.69202    	11.290972253
15/10/2009  	23.78708    	26.82385    	24.95349    	10.794335326
16/10/2009  	20.70920    	30.28410    	24.99754    	10.480270863
17/10/2009  	25.81882    	30.49185    	28.26228    	10.485120893
18/10/2009  	25.81693    	30.18155    	27.80173    	10.252998193
19/10/2009  	26.28432    	29.62897    	27.56740    	10.232008060
20/10/2009  	26.19754    	28.96608    	27.56510    	10.029096325
21/10/2009  	26.05097    	28.82661    	27.77866    	 9.746597191
22/10/2009  	27.19273    	28.34306    	27.88298    	 9.530807237
23/10/2009  	27.21838    	28.10215    	27.80899    	 9.512263834
24/10/2009  	27.54717    	28.51706    	27.91533    	 9.705018719
25/10/2009  	27.82851    	28.57157    	28.08284    	10.111351033
26/10/2009  	27.32990    	28.40809    	27.91054    	10.397780875
27/10/2009  	27.44790    	28.43530    	27.91328    	10.664739807
28/10/2009  	27.10967    	27.97107    	27.58928    	10.753179848
29/10/2009  	27.14104    	28.53237    	27.59550    	10.960836828
30/10/2009  	26.61849    	28.03392    	27.42666    	11.042074064
31/10/2009  	26.38035    	28.75411    	27.75428    	11.150677760
01/11/2009  	26.89094    	29.14332    	28.15414    	11.391539335
02/11/2009  	27.60885    	29.19941    	28.22479    	11.553262611
03/11/2009  	27.11630    	28.43611    	27.91366    	11.269608517
04/11/2009  	26.91881    	28.82067    	27.90107    	11.101791183
05/11/2009  	27.03802    	28.77868    	27.60303    	10.864765088
06/11/2009  	27.04561    	28.84102    	27.54797    	10.736117323
07/11/2009  	26.78576    	28.85866    	27.61459    	10.549426913
08/11/2009  	26.29084    	28.84910    	27.11402    	10.250339389
09/11/2009  	25.38758    	27.70349    	26.35693    	 9.945855538
10/11/2009  	24.94640    	27.89810    	26.26267    	 9.606807927
11/11/2009  	23.12464    	27.77215    	25.54128    	 9.403514028
12/11/2009  	23.63732    	27.68096    	25.75250    	 9.237011453
13/11/2009  	24.77610    	28.04479    	26.31054    	 9.497017006
14/11/2009  	24.94946    	27.24194    	26.20982    	 9.939563294
15/11/2009  	25.11425    	28.17445    	26.41753    	10.171999832
16/11/2009  	25.27183    	28.15727    	26.60365    	10.258378466
17/11/2009  	25.35194    	28.09640    	26.41096    	10.308965584
18/11/2009  	25.43511    	29.37876    	26.62922    	10.272945921
19/11/2009  	24.64736    	29.45657    	27.00870    	10.513508797
20/11/2009  	24.96532    	29.71352    	27.34479    	10.381139020
21/11/2009  	25.51506    	29.43959    	26.99335    	10.428921402
22/11/2009  	25.67708    	29.52557    	27.42545    	10.550594608
23/11/2009  	25.24970    	29.54415    	27.34855    	10.433776021
24/11/2009  	25.42637    	29.55432    	27.13931    	10.223444084
25/11/2009  	24.88055    	30.50224    	28.96019    	10.239462892
26/11/2009  	29.19712    	30.52955    	30.02847    	10.090675612
27/11/2009  	29.14457    	30.43925    	29.92361    	 9.536270440
28/11/2009  	28.91555    	30.17540    	29.63138    	 9.110613724
29/11/2009  	27.20417    	29.50626    	28.54564    	 8.783595741
30/11/2009  	27.37806    	29.43784    	28.20809    	 8.663674573
01/12/2009  	26.33433    	28.11169    	27.50165    	 8.280463189
02/12/2009  	24.40674    	27.86162    	26.69863    	 7.836770813
03/12/2009  	25.00750    	27.29062    	26.29853    	 7.790754408
04/12/2009  	24.65179    	26.79201    	25.75039    	 7.751315057
05/12/2009  	24.11498    	26.02426    	25.12977    	 7.644550264
06/12/2009  	23.98621    	25.91440    	24.76638    	 7.786508719
07/12/2009  	23.43773    	25.87955    	24.43232    	 7.931534310
08/12/2009  	23.35179    	26.42945    	24.52212    	 7.952848921
09/12/2009  	22.19770    	25.56322    	23.82892    	 7.836525102
10/12/2009  	21.73866    	25.70233    	23.69362    	 7.992450426
11/12/2009  	20.99036    	23.98423    	22.68636    	 8.085471849
12/12/2009  	20.63669    	23.45158    	22.02400    	 7.819546729
13/12/2009  	19.14265    	21.99198    	20.70746    	 7.291778654
14/12/2009  	19.03347    	21.62356    	20.29534    	 6.795617998
15/12/2009  	18.43323    	20.97136    	19.65799    	 6.136998216
16/12/2009  	17.61399    	20.86245    	19.16804    	 5.521117399
17/12/2009  	17.35571    	21.05774    	19.18409    	 5.158856948
18/12/2009  	17.62086    	21.02625    	19.36660    	 4.508349826
19/12/2009  	17.19295    	21.96043    	19.37934    	 3.981059646
20/12/2009  	18.23424    	21.87152    	20.33790    	 3.379267678
21/12/2009  	18.77691    	21.76970    	19.87108    	 3.011744559
22/12/2009  	18.78105    	23.02525    	20.57478    	 2.988170013
23/12/2009  	19.11539    	23.48713    	20.77319    	 2.978325854
24/12/2009  	19.64034    	24.06406    	22.14047    	 3.248591656
25/12/2009  	19.91132    	24.80263    	23.00666    	 3.459496985
26/12/2009  	19.91791    	21.91324    	20.99861    	 3.088428706
27/12/2009  	21.87125    	25.51984    	23.69421    	 3.824875484
28/12/2009  	22.30094    	26.10690    	24.27544    	 4.048765138
29/12/2009  	21.70622    	25.74267    	24.07641    	 3.853762036
30/12/2009  	23.57991    	26.79106    	25.67250    	 3.817801664
31/12/2009  	22.52517    	25.78480    	24.56104    	 3.323702991
01/01/2010  	20.97789    	23.90458    	22.32825    	 2.723761439
02/01/2010  	18.69090    	23.00258    	20.85002    	 2.338016575
03/01/2010  	19.10705    	22.81847    	20.82449    	 2.072745120
04/01/2010  	18.23640    	22.29546    	20.11344    	 1.779660627
05/01/2010  	17.48525    	22.30978    	19.81912    	 1.744120769
06/01/2010  	17.60931    	21.75043    	19.39745    	 1.717920904
07/01/2010  	16.59532    	21.66707    	19.31258    	 1.649064722
08/01/2010  	17.38682    	21.36824    	19.59874    	 1.491703138
09/01/2010  	14.97247    	21.23360    	18.92169    	 0.915272888
10/01/2010  	15.21798    	22.02438    	19.97094    	 0.846402047
11/01/2010  	18.54515    	22.34899    	20.84536    	 1.071709493
12/01/2010  	18.53512    	21.59508    	20.01650    	 0.935354546
13/01/2010  	17.79465    	23.25077    	21.31717    	 0.775069530
14/01/2010  	21.01161    	23.50042    	22.46164    	 0.803904962
15/01/2010  	20.62213    	22.87939    	21.92780    	 0.561001420
16/01/2010  	20.79365    	23.17181    	21.97121    	 0.672853125
17/01/2010  	21.49199    	23.82995    	22.74619    	 1.130482887
18/01/2010  	21.45651    	23.48746    	22.41764    	 1.208233088
19/01/2010  	20.28991    	22.85636    	21.88540    	 1.301406105
20/01/2010  	18.92916    	22.72478    	21.06957    	 1.278218478
21/01/2010  	19.40035    	22.84191    	21.42427    	 1.357230633
22/01/2010  	18.57629    	22.89474    	20.93132    	 1.185751092
23/01/2010  	20.42635    	22.65704    	21.79630    	 1.299048543
24/01/2010  	21.09466    	22.42541    	21.75743    	 1.265665645
25/01/2010  	20.31975    	22.14729    	21.55625    	 1.101074498
26/01/2010  	20.14784    	22.47657    	21.15506    	 0.621604760
27/01/2010  	18.83019    	22.05026    	20.66226    	 0.274228027
28/01/2010  	17.61897    	22.21343    	19.72154    	 0.458000743
29/01/2010  	17.22060    	21.35170    	19.29604    	 0.632235258
30/01/2010  	17.77823    	23.83491    	20.84649    	 0.821002573
31/01/2010  	17.71208    	23.59548    	20.86774    	 0.793718855
01/02/2010  	18.80642    	23.43896    	21.02824    	 0.930313714
02/02/2010  	18.09396    	23.29636    	20.27078    	 0.963650295
03/02/2010  	19.47712    	24.63106    	20.97366    	 1.174776408
04/02/2010  	18.27637    	22.81957    	19.94707    	 1.228884526
05/02/2010  	17.70271    	23.42334    	20.87060    	 1.431216441
06/02/2010  	19.47759    	22.44592    	20.79605    	 1.583493449
07/02/2010  	18.43772    	20.71628    	19.57946    	 1.570498476
08/02/2010  	19.01280    	21.29728    	20.39473    	 1.525883347
09/02/2010  	20.48190    	21.49351    	20.92642    	 1.241660826
10/02/2010  	19.27084    	20.72991    	20.26735    	 0.887674483
11/02/2010  	17.52793    	19.93898    	18.86883    	 0.491081256
12/02/2010  	17.14191    	20.89362    	18.98860    	 0.283223787
13/02/2010  	15.01207    	22.52983    	18.77617    	-0.002746128
14/02/2010  	17.66551    	23.40325    	20.28328    	-0.209452027
15/02/2010  	16.88067    	23.29130    	20.76863    	-0.422255151
16/02/2010  	17.49963    	23.06594    	20.49352    	-0.481533348
17/02/2010  	19.54722    	22.38735    	20.98169    	-0.299824614
18/02/2010  	20.23483    	22.18923    	21.14260    	-0.181655251
19/02/2010  	20.53397    	23.62877    	21.74367    	 0.360262857
20/02/2010  	21.01890    	23.63113    	21.77787    	 0.620482099
21/02/2010  	20.92218    	22.98964    	21.68146    	 0.703665206
22/02/2010  	21.10117    	23.60843    	22.23298    	 1.079075764
23/02/2010  	20.06417    	23.78422    	22.09716    	 1.251220249
24/02/2010  	21.88106    	24.37485    	23.20533    	 1.466139637
25/02/2010  	22.49831    	24.55680    	23.76332    	 1.769752686
26/02/2010  	22.33763    	24.59203    	23.74671    	 2.095889914
27/02/2010  	21.99207    	24.78083    	23.63932    	 2.448124717
28/02/2010  	22.22580    	25.22169    	23.48622    	 2.685847859
01/03/2010  	22.22089    	24.73361    	23.54202    	 3.076093152
02/03/2010  	20.83604    	23.90725    	22.66406    	 3.013459742
03/03/2010  	18.98347    	23.92523    	21.67308    	 2.999721393
04/03/2010  	18.48989    	23.91317    	21.07784    	 3.054294795
05/03/2010  	15.39270    	23.10620    	19.64903    	 3.011824667
06/03/2010  	16.21822    	21.32859    	19.37838    	 2.733517602
07/03/2010  	19.20333    	21.99672    	20.50683    	 2.656773547
08/03/2010  	18.41926    	20.59384    	19.29840    	 2.507063379
09/03/2010  	17.98233    	20.31685    	18.92810    	 2.426306183
10/03/2010  	19.14672    	19.73887    	19.42852    	 2.334408556
11/03/2010  	17.43096    	20.13165    	19.02741    	 2.349640146
12/03/2010  	15.27777    	19.84121    	17.62977    	 2.418490380
13/03/2010  	12.93911    	18.40919    	16.17176    	 2.609434053
14/03/2010  	13.61302    	19.80481    	16.19512    	 3.070480213
15/03/2010  	14.73085    	20.97520    	17.70046    	 3.633754338
16/03/2010  	13.69544    	21.06621    	17.86730    	 3.858358895
17/03/2010  	14.01728    	20.72662    	17.72995    	 4.088232920
18/03/2010  	15.18766    	20.14971    	17.83482    	 4.335846990
19/03/2010  	15.86194    	20.97799    	18.38898    	 4.599657516
20/03/2010  	17.58710    	21.62172    	19.53837    	 4.958583365
21/03/2010  	17.39805    	21.47730    	19.34639    	 5.430680195
22/03/2010  	16.86797    	20.98495    	19.01453    	 5.732272506
23/03/2010  	17.44664    	22.11548    	19.81095    	 5.882633279
24/03/2010  	18.97979    	21.88687    	20.35967    	 6.073121319
25/03/2010  	19.99133    	22.78829    	21.22090    	 6.317057470
26/03/2010  	19.19024    	22.55413    	21.29251    	 6.583480845
27/03/2010  	19.06384    	23.34732    	21.12805    	 6.746167392
28/03/2010  	18.25168    	23.08370    	20.89874    	 6.898009956
29/03/2010  	18.48205    	22.55508    	20.70573    	 7.087369045
30/03/2010  	17.97896    	23.66258    	20.75974    	 7.287990421
31/03/2010  	19.20654    	24.44896    	22.60403    	 7.209964315
01/04/2010  	21.91024    	24.78115    	23.42951    	 6.897076239
02/04/2010  	21.75789    	25.38099    	23.45680    	 6.772086630
03/04/2010  	21.90854    	25.69143    	23.85359    	 6.837632169
04/04/2010  	22.39254    	25.65284    	23.98786    	 7.027787447
05/04/2010  	20.23944    	25.03939    	23.07755    	 7.219527721
06/04/2010  	20.68180    	25.60139    	23.44860    	 7.384309123
07/04/2010  	23.74664    	25.92457    	24.70983    	 7.634776185
08/04/2010  	23.08138    	25.18171    	24.23434    	 7.883516749
09/04/2010  	21.04939    	23.85011    	22.67508    	 8.362220168
10/04/2010  	19.26423    	23.32994    	21.74560    	 8.713824014
11/04/2010  	18.14990    	22.58644    	20.71489    	 8.911112428
12/04/2010  	17.84991    	22.16645    	20.23251    	 8.842885296
13/04/2010  	16.50779    	22.48845    	19.63569    	 8.860667169
14/04/2010  	16.74146    	23.22817    	20.05670    	 8.889000277
15/04/2010  	17.13196    	23.30189    	20.37012    	 8.949749351
16/04/2010  	17.52423    	23.30046    	20.30125    	 9.046862920
17/04/2010  	17.50172    	24.09160    	20.75093    	 9.195263485
18/04/2010  	18.82440    	24.08802    	21.66840    	 9.503514767
19/04/2010  	18.91267    	24.31259    	21.57494    	 9.809012930
20/04/2010  	19.87460    	25.30636    	22.23015    	 9.896813015
21/04/2010  	20.92301    	24.66537    	22.71025    	 9.076081693
22/04/2010  	19.55653    	24.47761    	22.37801    	 8.884865989
23/04/2010  	22.32630    	25.52078    	23.50486    	 9.289171398
24/04/2010  	21.82829    	25.46120    	23.47424    	 9.551121314
25/04/2010  	21.61214    	25.94780    	23.66153    	 9.821960032
26/04/2010  	21.93970    	25.94693    	23.87987    	10.090377629
27/04/2010  	21.51637    	25.96411    	23.78480    	10.413287620
28/04/2010  	21.43018    	26.85841    	23.79011    	10.904625654
29/04/2010  	22.11713    	26.36819    	24.34565    	11.302473942
30/04/2010  	22.57697    	26.14920    	24.51689    	11.635643045
01/05/2010  	22.94631    	26.50644    	24.63622    	11.795808534
02/05/2010  	21.53376    	26.70255    	24.18951    	11.865592539
03/05/2010  	21.82110    	25.47920    	23.63163    	11.229419092
04/05/2010  	19.81540    	24.96459    	22.42477    	10.261822939
05/05/2010  	19.85848    	26.70147    	23.49725    	10.227795700
06/05/2010  	23.36394    	27.02102    	24.96177    	10.275621176
07/05/2010  	23.91840    	26.45876    	25.09813    	10.005704542
08/05/2010  	24.64507    	26.58026    	25.56020    	 9.977318466
09/05/2010  	22.44464    	25.45299    	24.30188    	10.171554029
10/05/2010  	22.26980    	25.69039    	23.80830    	10.290080369
11/05/2010  	21.09024    	26.01184    	23.55320    	10.335515539
12/05/2010  	20.40412    	25.89566    	23.47088    	 9.962836444
13/05/2010  	19.57750    	27.03010    	23.21044    	 9.585543573
14/05/2010  	21.67396    	27.29630    	24.50379    	 9.607930581
15/05/2010  	22.28526    	27.01950    	24.55060    	 9.913869003
16/05/2010  	21.46449    	27.35431    	24.25499    	10.276807149
17/05/2010  	21.67919    	27.21811    	24.52891    	10.641913573
18/05/2010  	21.90758    	27.27425    	24.33259    	11.067619006
19/05/2010  	22.50275    	27.43020    	24.56744    	11.622092764
20/05/2010  	23.14473    	27.55688    	24.88599    	12.233932495
21/05/2010  	22.84103    	26.98548    	24.63562    	12.941605528
22/05/2010  	22.56935    	26.40102    	24.17087    	13.633333464
23/05/2010  	21.84507    	26.58612    	23.92460    	14.244280080
24/05/2010  	20.65853    	26.14632    	23.71660    	14.843915701
25/05/2010  	20.68273    	26.09747    	23.45272    	15.146392445
26/05/2010  	21.47569    	27.31953    	24.22376    	15.186054250
27/05/2010  	22.74374    	26.87692    	25.09938    	14.904240747
28/05/2010  	21.72215    	26.78970    	24.78511    	14.871116360
29/05/2010  	22.09366    	28.15089    	24.90786    	14.817667385
30/05/2010  	23.93320    	28.02878    	25.93900    	14.826594293
31/05/2010  	23.95128    	27.45861    	25.57035    	14.733007967
01/06/2010  	23.13707    	28.70600    	25.54339    	14.820114295
02/06/2010  	22.52907    	28.53196    	25.82346    	15.106596748
03/06/2010  	24.01777    	28.39484    	26.01616    	15.516683559
04/06/2010  	22.93974    	27.93390    	25.45518    	16.030441463
05/06/2010  	22.70754    	27.36063    	25.28634    	16.447727760
06/06/2010  	23.54336    	27.33862    	25.66861    	16.795432687
07/06/2010  	24.00977    	27.47083    	25.83080    	16.926865220
08/06/2010  	24.38855    	26.88810    	25.62491    	17.031572700
09/06/2010  	24.37077    	26.52716    	25.42351    	17.240867297
10/06/2010  	23.70810    	26.16719    	24.93453    	17.514131665
11/06/2010  	23.15522    	26.20827    	24.61537    	17.796772361
12/06/2010  	21.91396    	26.00553    	24.09341    	17.828484297
13/06/2010  	20.58128    	25.76712    	23.32946    	17.674510280
14/06/2010  	21.05907    	26.79662    	24.10672    	17.701081196
15/06/2010  	19.99055    	26.38414    	23.50129    	17.555895686
16/06/2010  	20.43372    	27.01970    	23.97513    	16.859357436
17/06/2010  	21.41983    	27.94317    	25.01838    	16.560145934
18/06/2010  	21.42367    	28.51016    	25.02801    	16.424498061
19/06/2010  	25.36272    	31.35620    	27.85946    	14.709460437
20/06/2010  	28.29368    	31.43373    	29.92134    	13.794845521
21/06/2010  	27.78990    	30.56448    	29.02452    	14.083120167
22/06/2010  	27.66389    	30.23672    	28.59129    	14.682578743
23/06/2010  	27.39425    	30.15250    	28.52960    	15.346919517
24/06/2010  	27.58540    	29.90789    	28.58864    	16.082079868
25/06/2010  	27.44867    	30.35312    	28.57953    	16.628795942
26/06/2010  	27.08913    	30.61001    	28.45422    	17.274071495
27/06/2010  	27.02081    	30.85174    	28.72898    	18.006998738
28/06/2010  	26.95982    	30.71067    	28.79933    	18.793334762
29/06/2010  	26.87164    	30.59105    	28.73748    	19.355210662
30/06/2010  	27.03155    	30.72461    	28.71407    	19.780738195
01/07/2010  	27.19453    	30.84574    	28.75596    	20.113602082
02/07/2010  	26.54546    	30.92284    	28.95005    	20.491927385
03/07/2010  	27.37075    	30.12316    	28.78137    	20.993499358
04/07/2010  	26.87432    	30.22322    	28.54947    	21.322345694
05/07/2010  	27.15456    	30.31884    	28.90826    	21.422548652
06/07/2010  	27.18645    	29.64788    	28.47443    	21.503960689
07/07/2010  	26.49082    	30.18267    	28.46957    	21.223345478
08/07/2010  	27.67270    	30.36369    	29.18590    	20.996671756
09/07/2010  	27.60329    	30.12838    	28.95693    	21.171319644
10/07/2010  	27.77048    	30.18456    	28.97590    	21.511878848
11/07/2010  	27.65591    	30.09340    	28.83617    	21.916268388
12/07/2010  	27.61736    	30.53834    	29.00174    	22.144606312
13/07/2010  	27.90997    	30.44916    	29.18268    	22.094365199
14/07/2010  	27.31298    	30.43465    	28.86263    	22.238822738
15/07/2010  	26.62367    	30.21619    	28.76473    	22.026835481
16/07/2010  	26.74922    	29.43986    	28.53520    	21.220239441
17/07/2010  	27.14177    	28.97953    	28.41165    	20.782502492
18/07/2010  	27.62391    	28.62536    	28.23060    	20.509173075
19/07/2010  	27.37402    	28.76074    	28.20554    	20.583108266
20/07/2010  	27.04235    	28.82055    	28.13690    	20.801301916
21/07/2010  	27.43817    	28.94799    	28.35200    	20.864651680
22/07/2010  	27.64612    	29.03143    	28.44326    	20.884410063
23/07/2010  	27.04744    	29.11090    	28.12651    	20.948513746
24/07/2010  	25.53918    	29.06054    	27.55831    	20.868394256
25/07/2010  	25.09974    	29.48714    	27.56007    	20.710740288
26/07/2010  	25.63852    	29.40511    	27.43061    	20.637186805
27/07/2010  	24.24830    	29.24143    	26.79892    	20.517022451
28/07/2010  	23.78848    	29.46947    	26.82017    	20.695822835
29/07/2010  	23.62931    	29.35953    	26.43853    	20.681448499
30/07/2010  	22.86065    	29.14855    	25.79874    	20.423042536
31/07/2010  	22.03101    	29.70611    	26.55878    	20.233391682
01/08/2010  	23.79054    	28.86426    	26.77966    	20.331865271
02/08/2010  	25.20276    	29.28639    	26.91864    	20.516572277
03/08/2010  	23.82080    	28.24956    	26.46956    	20.609575550
04/08/2010  	25.14092    	28.84348    	26.92977    	20.487929980
05/08/2010  	24.73319    	28.12825    	26.74897    	20.238550901
06/08/2010  	24.86149    	27.37011    	26.11201    	20.061065992
07/08/2010  	24.63243    	27.74080    	26.21938    	19.914282997
08/08/2010  	24.86349    	27.81121    	26.18193    	19.908144156
09/08/2010  	23.14550    	26.77227    	25.06839    	19.836395105
10/08/2010  	23.04598    	27.56972    	25.34131    	19.925640742
11/08/2010  	23.57147    	27.89482    	25.62985    	19.943960309
12/08/2010  	22.74895    	27.83410    	25.06478    	19.910105824
13/08/2010  	22.25355    	27.35364    	24.77582    	19.777002335
14/08/2010  	22.46517    	26.82589    	24.65113    	19.804585258
15/08/2010  	20.97279    	25.81355    	23.72566    	19.762605667
16/08/2010  	21.38487    	25.78840    	23.59815    	19.363135695
17/08/2010  	21.15850    	24.83523    	23.07441    	19.380612214
18/08/2010  	20.95515    	24.12246    	22.27982    	19.202653090
19/08/2010  	20.82794    	24.09780    	22.07523    	19.009364525
20/08/2010  	20.50798    	23.76723    	21.98414    	18.853755713
21/08/2010  	20.46899    	23.45298    	21.71891    	18.924603264
22/08/2010  	20.34187    	23.91192    	21.53082    	19.140212893
23/08/2010  	20.05715    	24.26228    	21.90688    	19.316506108
24/08/2010  	20.68696    	24.45969    	21.94445    	18.951357563
25/08/2010  	20.85955    	24.09818    	22.16288    	18.301886241
26/08/2010  	21.14537    	24.46620    	22.84894    	17.952537258
27/08/2010  	21.72127    	24.89202    	22.82405    	17.499815623
28/08/2010  	20.63962    	23.88815    	22.00863    	16.984009266
29/08/2010  	20.09163    	24.07363    	21.62433    	16.383701007
30/08/2010  	21.17587    	25.15481    	23.67681    	15.407434424
31/08/2010  	18.62233    	24.46139    	21.92089    	15.594432632
01/09/2010  	19.22865    	23.17195    	21.30040    	15.690977911
02/09/2010  	19.61040    	22.41039    	20.86832    	15.850728651
03/09/2010  	18.70304    	20.99030    	19.85625    	15.958666583
04/09/2010  	19.36514    	21.15796    	20.16629    	16.132824183
05/09/2010  	18.22919    	19.88333    	19.06635    	16.262011965
06/09/2010  	15.03432    	19.76849    	18.13446    	16.101486842
07/09/2010  	15.71128    	20.79393    	19.33923    	15.738502165
08/09/2010  	18.47075    	21.59755    	20.09822    	15.563159664
09/09/2010  	19.25327    	22.54189    	20.83166    	15.782584528
10/09/2010  	18.35227    	21.58847    	20.07773    	15.941345354
11/09/2010  	18.15574    	22.52425    	20.34064    	16.225052357
12/09/2010  	18.94015    	21.54952    	20.24126    	16.533116500
13/09/2010  	17.70322    	21.00149    	19.42994    	16.571702162
14/09/2010  	17.82362    	21.79287    	19.66320    	16.559602300
15/09/2010  	18.20692    	20.71177    	19.48461    	16.155888697
16/09/2010  	18.60791    	21.79555    	20.23527    	15.370941182
17/09/2010  	18.85919    	23.11705    	20.43100    	14.740254223
18/09/2010  	21.07719    	24.24030    	22.42646    	13.665494800
19/09/2010  	18.95406    	22.93816    	20.35066    	13.708190481
20/09/2010  	18.20613    	21.29376    	19.63129    	13.914754391
21/09/2010  	18.05081    	21.01543    	19.39463    	14.325423479
22/09/2010  	17.31750    	20.73764    	19.00037    	14.596906622
23/09/2010  	17.10333    	20.70207    	18.87034    	14.915047109
24/09/2010  	17.14860    	20.57447    	18.92918    	15.218509535
25/09/2010  	16.20649    	19.55214    	17.98138    	14.872656325
26/09/2010  	16.60766    	20.34944    	18.33044    	14.466954648
27/09/2010  	15.64075    	21.26286    	18.54429    	14.369217734
28/09/2010  	17.01391    	20.39429    	18.69667    	14.401836852
29/09/2010  	16.64307    	20.08633    	18.24947    	14.251991133
30/09/2010  	15.88113    	20.72492    	18.65356    	13.947646856
01/10/2010  	17.54276    	20.88611    	19.18794    	13.852565904
02/10/2010  	18.54970    	21.49205    	20.12784    	14.021295130
03/10/2010  	19.90945    	22.55282    	21.16250    	14.562625150
04/10/2010  	20.39144    	23.22544    	22.08790    	15.013268232
05/10/2010  	20.69035    	23.17976    	21.98608    	15.214488983
06/10/2010  	20.62956    	23.45774    	22.28134    	15.456461151
07/10/2010  	20.59558    	23.45286    	22.10357    	15.508536935
08/10/2010  	19.53709    	22.69044    	21.45424    	15.535917977
09/10/2010  	18.61615    	22.69308    	21.07024    	15.414566656
10/10/2010  	18.52213    	22.50726    	20.79325    	15.024752696
11/10/2010  	18.34980    	22.10405    	19.87074    	14.418947458
12/10/2010  	16.68935    	20.73799    	18.63910    	13.933601777
13/10/2010  	15.99734    	20.56938    	18.21647    	13.672088106
14/10/2010  	17.00270    	20.98847    	18.87046    	13.539503276
15/10/2010  	16.23462    	20.19485    	18.21091    	13.300503731
16/10/2010  	18.85599    	21.35284    	19.82081    	12.652677774
17/10/2010  	20.81056    	23.17646    	22.53353    	12.031786521
18/10/2010  	19.09416    	22.43561    	20.65704    	11.587985317
19/10/2010  	19.04060    	21.87766    	19.93731    	11.319563131
20/10/2010  	19.04640    	23.29220    	20.45228    	10.025357346
21/10/2010  	20.11812    	23.09896    	21.13335    	 9.336967687
22/10/2010  	19.42418    	22.39100    	20.33318    	 9.552706242
23/10/2010  	18.26411    	23.49790    	20.79166    	 9.655626098
24/10/2010  	18.89144    	22.65872    	20.26989    	 9.314637065
25/10/2010  	19.19096    	21.76891    	19.93347    	 8.566113412
26/10/2010  	17.39752    	23.04785    	20.53754    	 8.171942761
27/10/2010  	18.58603    	23.05615    	20.45692    	 8.491028527
28/10/2010  	18.89973    	22.40341    	20.05047    	 8.866608183
29/10/2010  	18.64867    	22.75318    	19.75417    	 9.191769779
30/10/2010  	19.58312    	23.53850    	21.96512    	 9.850551029
31/10/2010  	19.96346    	24.38145    	22.85423    	10.167094171
01/11/2010  	21.96064    	25.04550    	23.35653    	10.303598980
02/11/2010  	19.99162    	23.59839    	22.29423    	10.236908595
03/11/2010  	21.77295    	24.64850    	22.89869    	10.594865123
04/11/2010  	21.72533    	23.74870    	22.47647    	10.836477478
05/11/2010  	21.20241    	24.65403    	22.91316    	11.474067609
06/11/2010  	21.52309    	24.27517    	22.88147    	11.446275214
07/11/2010  	20.28558    	24.64128    	22.36295    	11.103199959
08/11/2010  	17.99818    	25.12665    	21.89930    	10.426324824
09/11/2010  	20.39392    	25.08539    	23.95259    	 9.701881250
10/11/2010  	20.81280    	24.47264    	22.37597    	 8.999468982
11/11/2010  	19.19091    	22.96109    	21.10791    	 8.309866468
12/11/2010  	20.02301    	25.24792    	21.95769    	 8.172468662
13/11/2010  	20.03659    	25.49159    	21.96568    	 8.367054919
14/11/2010  	20.78245    	25.55303    	23.82747    	 8.781231304
15/11/2010  	20.86722    	25.60048    	22.58862    	 8.595509569
16/11/2010  	20.40615    	24.84679    	22.65797    	 8.518812517
17/11/2010  	21.48336    	25.00197    	23.23293    	 8.385293921
18/11/2010  	22.10668    	25.03533    	23.51367    	 8.033980240
19/11/2010  	21.16654    	23.93677    	22.41012    	 7.773272753
20/11/2010  	20.14617    	23.03722    	21.44842    	 7.658776770
21/11/2010  	19.46271    	22.24328    	20.77691    	 7.504319886
22/11/2010  	18.82644    	21.75396    	20.24532    	 7.235680540
23/11/2010  	15.87450    	20.72383    	18.60516    	 6.836378475
24/11/2010  	15.89249    	22.40814    	18.51579    	 6.447067370
25/11/2010  	18.09708    	22.51266    	20.61798    	 6.091928730
26/11/2010  	18.16602    	22.49311    	20.26703    	 5.724376768
27/11/2010  	17.90029    	22.16255    	19.85233    	 5.354354203
28/11/2010  	18.24759    	22.07152    	19.87744    	 4.883810341
29/11/2010  	18.11607    	21.43086    	20.37897    	 4.164620946
30/11/2010  	18.38484    	22.16858    	21.02184    	 3.808697154
01/12/2010  	17.90847    	22.50461    	21.07381    	 3.183333844
02/12/2010  	19.37920    	22.58634    	21.44043    	 2.362376926
03/12/2010  	19.58274    	22.74697    	21.30699    	 1.959868965
04/12/2010  	19.90288    	24.06536    	22.14724    	 2.038523895
05/12/2010  	21.04218    	24.28221    	23.03196    	 2.099681986
06/12/2010  	21.31776    	24.25098    	22.83871    	 2.164213354
07/12/2010  	21.40187    	24.54325    	22.81500    	 2.098205326
08/12/2010  	21.30763    	24.61322    	22.74452    	 1.921169053
09/12/2010  	20.05034    	24.24958    	21.86849    	 1.504065114
10/12/2010  	19.36689    	25.25607    	21.92681    	 1.518804548
11/12/2010  	20.69307    	28.43125    	24.87517    	 2.866405872
12/12/2010  	24.93072    	28.81090    	27.20768    	 4.002381797
13/12/2010  	21.11188    	26.38644    	23.64255    	 3.301967810
14/12/2010  	23.07262    	26.38078    	24.54418    	 3.100011587
15/12/2010  	22.43036    	24.96061    	23.54395    	 2.514699380
16/12/2010  	20.05286    	24.30955    	22.59911    	 2.348265206
17/12/2010  	21.95862    	23.94808    	23.02557    	 2.216398907
18/12/2010  	19.51691    	23.93585    	22.11107    	 1.943741068
19/12/2010  	20.29927    	23.61455    	22.62699    	 1.477129762
20/12/2010  	21.16334    	23.33021    	22.43410    	 0.968241432
21/12/2010  	20.99391    	23.07180    	22.15149    	 0.639857475
22/12/2010  	20.18616    	22.91887    	21.82367    	 0.281941220
23/12/2010  	17.43194    	22.31447    	20.56127    	-0.018247959
24/12/2010  	17.56399    	24.59383    	20.09397    	-0.169487656
25/12/2010  	19.39020    	26.13101    	21.96528    	-0.368221596
26/12/2010  	19.93053    	26.15381    	22.56949    	-0.344930670
27/12/2010  	20.27866    	25.25036    	21.93901    	-0.186890334
28/12/2010  	19.47255    	23.45123    	21.29908    	-0.104935281
29/12/2010  	20.03959    	23.15136    	21.71650    	-0.057408629
30/12/2010  	19.96132    	22.24405    	21.37284    	-0.064319183
31/12/2010  	19.12138    	22.11843    	20.65612    	 0.061712106
