date	smin	smax	smean	tmean
01/01/2009 	16.053268  	19.40831   	17.93183   	 1.64777724
02/01/2009 	15.629809  	19.14190   	17.61486   	 1.61912175
03/01/2009 	14.800807  	19.10918   	17.06443   	 1.35260924
04/01/2009 	15.525581  	21.88556   	18.41344   	 1.57393090
05/01/2009 	15.298976  	19.68042   	17.34165   	 1.50908611
06/01/2009 	14.758664  	20.20567   	17.79399   	 1.04375812
07/01/2009 	16.204851  	20.69045   	18.46632   	 0.89412802
08/01/2009 	16.634048  	20.29631   	18.51037   	 0.78753204
09/01/2009 	16.509659  	20.54236   	18.85699   	 0.64705077
10/01/2009 	16.784201  	20.69785   	18.99811   	 0.42771123
11/01/2009 	17.589949  	22.02464   	20.06187   	 0.26620871
12/01/2009 	19.590933  	23.13049   	21.19262   	 0.50414702
13/01/2009 	21.134886  	23.88066   	22.27116   	 1.06501607
14/01/2009 	18.919579  	23.88776   	21.88009   	 1.30607336
15/01/2009 	14.682996  	24.02774   	20.16413   	 1.30718045
16/01/2009 	14.430692  	23.31963   	19.72644   	 1.37082356
17/01/2009 	17.293816  	24.32765   	22.14831   	 1.82444968
18/01/2009 	22.843845  	23.87577   	23.35837   	 2.36481989
19/01/2009 	22.573984  	23.36211   	22.96284   	 2.60594042
20/01/2009 	22.823050  	25.60192   	24.06918   	 2.91469767
21/01/2009 	22.665110  	25.85490   	24.62859   	 2.89921016
22/01/2009 	23.103060  	26.88725   	25.33377   	 2.74777572
23/01/2009 	25.160933  	27.71184   	26.82118   	 2.69130975
24/01/2009 	26.003891  	26.70908   	26.43641   	 2.82595198
25/01/2009 	24.429926  	26.95246   	26.17653   	 2.84249152
26/01/2009 	22.002148  	27.13900   	25.56074   	 2.64509201
27/01/2009 	19.490461  	26.50495   	24.40661   	 2.36083685
28/01/2009 	17.834604  	25.42904   	23.08536   	 2.06799192
29/01/2009 	17.846685  	25.06712   	22.32275   	 1.84875755
30/01/2009 	16.735155  	24.12799   	21.08201   	 1.52186659
31/01/2009 	17.924210  	24.00803   	21.49562   	 1.16033479
01/02/2009 	18.516825  	23.99557   	21.54408   	 0.60571584
02/02/2009 	19.196623  	23.44724   	21.95292   	 0.21607807
03/02/2009 	22.213627  	23.74596   	23.13828   	 0.48271737
04/02/2009 	22.805771  	23.93699   	23.49505   	 0.61840598
05/02/2009 	22.943426  	23.91852   	23.57345   	 0.68685355
06/02/2009 	21.960606  	24.22405   	23.57486   	 0.92442245
07/02/2009 	21.284626  	23.92137   	22.81000   	 1.05593850
08/02/2009 	19.960581  	23.11529   	21.69498   	 1.11836741
09/02/2009 	18.947840  	22.49869   	21.12704   	 1.20922125
10/02/2009 	16.824560  	22.59851   	20.87768   	 1.33688954
11/02/2009 	16.578096  	21.28812   	19.12092   	 1.49084417
12/02/2009 	16.123041  	21.01167   	18.63905   	 1.68521259
13/02/2009 	15.299531  	20.82433   	18.01881   	 1.86814494
14/02/2009 	13.984845  	21.21828   	17.89800   	 1.87936739
15/02/2009 	14.256182  	20.52209   	17.79555   	 1.90969269
16/02/2009 	14.737921  	20.00536   	17.84675   	 2.15941615
17/02/2009 	15.421007  	19.65993   	18.03692   	 2.58080571
18/02/2009 	15.233041  	19.63386   	17.77461   	 2.57941066
19/02/2009 	16.366758  	19.44671   	18.25649   	 2.52543863
20/02/2009 	15.629061  	18.63321   	17.54617   	 2.65296404
21/02/2009 	14.488296  	17.44005   	16.36570   	 2.83746764
22/02/2009 	13.788059  	17.15223   	15.65311   	 3.11220946
23/02/2009 	12.002885  	17.38145   	15.30278   	 3.54151520
24/02/2009 	10.230704  	17.00776   	14.11514   	 3.69052595
25/02/2009 	10.456499  	16.87466   	14.17161   	 3.84216725
26/02/2009 	12.242931  	17.11907   	15.26597   	 4.17974856
27/02/2009 	13.163154  	17.55174   	15.51699   	 4.63154802
28/02/2009 	11.942845  	16.15080   	14.35239   	 4.81247290
01/03/2009 	11.063507  	17.41378   	14.45400   	 4.83504498
02/03/2009 	13.022324  	18.24204   	15.68982   	 4.99741254
03/03/2009 	13.377586  	18.04026   	15.90951   	 5.06762905
04/03/2009 	14.029474  	19.51377   	17.24012   	 5.01307754
05/03/2009 	17.710539  	20.73601   	19.39552   	 4.90984164
06/03/2009 	15.513002  	19.29336   	17.45570   	 4.98750188
07/03/2009 	13.924402  	17.76715   	15.96411   	 4.89871351
08/03/2009 	13.617670  	18.55638   	16.76899   	 5.05033870
09/03/2009 	15.934618  	19.28410   	17.75701   	 5.05922481
10/03/2009 	16.432985  	19.05562   	17.95649   	 5.03053856
11/03/2009 	14.098063  	18.79001   	17.01712   	 5.00469704
12/03/2009 	12.295017  	17.64430   	15.77606   	 5.19389121
13/03/2009 	12.259604  	17.86310   	15.80339   	 5.36971781
14/03/2009 	11.159052  	17.75428   	14.90108   	 5.57632137
15/03/2009 	12.416011  	17.85831   	15.66517   	 5.77931965
16/03/2009 	10.555652  	17.34120   	14.29878   	 6.07333848
17/03/2009 	11.171691  	17.66124   	14.69312   	 6.27371742
18/03/2009 	 9.773991  	16.36123   	13.44144   	 6.48120864
19/03/2009 	11.441656  	16.46154   	14.24173   	 6.55787588
20/03/2009 	12.384633  	16.33546   	14.74821   	 6.71294526
21/03/2009 	12.803707  	16.65706   	15.03617   	 6.79302209
22/03/2009 	11.378940  	15.92898   	13.64196   	 6.82404729
23/03/2009 	10.512835  	14.52754   	12.69703   	 6.79844014
24/03/2009 	12.738750  	17.58541   	15.41635   	 6.52004919
25/03/2009 	12.472895  	16.51212   	14.23615   	 6.60047030
26/03/2009 	14.090863  	16.92436   	15.24076   	 6.59021962
27/03/2009 	14.568618  	15.79862   	14.99612   	 6.62177077
28/03/2009 	14.127416  	17.15459   	15.08592   	 6.60539048
29/03/2009 	12.992799  	16.78415   	14.98505   	 6.61160822
30/03/2009 	11.993803  	16.09376   	14.25395   	 6.56238359
31/03/2009 	11.224749  	16.58932   	14.28570   	 6.69687058
01/04/2009 	 9.982909  	16.65024   	13.93623   	 6.98357293
02/04/2009 	 9.584487  	16.97045   	13.86482   	 7.36648998
03/04/2009 	11.089152  	17.40647   	14.85139   	 7.72462718
04/04/2009 	12.585020  	17.25417   	15.24930   	 8.05594942
05/04/2009 	12.836390  	18.14130   	15.40330   	 8.22738230
06/04/2009 	12.868828  	18.40220   	15.76885   	 8.44282997
07/04/2009 	13.906829  	18.73566   	16.76266   	 8.66209145
08/04/2009 	15.232879  	19.98933   	17.91175   	 8.71647688
09/04/2009 	16.346785  	20.23024   	18.62549   	 8.78495437
10/04/2009 	15.535890  	20.77854   	18.69261   	 9.11723487
11/04/2009 	16.734564  	20.55264   	19.09350   	 9.47688047
12/04/2009 	17.430592  	20.44396   	19.11300   	 9.83509034
13/04/2009 	17.736919  	20.10110   	19.01488   	10.11838988
14/04/2009 	17.975502  	20.05427   	19.06078   	10.32414999
15/04/2009 	18.026604  	20.03222   	19.08126   	10.67023480
16/04/2009 	18.394672  	20.59923   	19.45640   	11.02232512
17/04/2009 	18.939346  	21.36090   	19.99473   	11.17273684
18/04/2009 	19.050486  	21.35992   	20.16568   	11.26198790
19/04/2009 	18.492807  	20.89913   	19.90334   	11.43289896
20/04/2009 	18.642683  	20.97258   	19.82441   	11.73166019
21/04/2009 	18.577589  	20.75245   	19.82262   	12.02754082
22/04/2009 	18.847408  	20.64009   	19.82176   	12.18959800
23/04/2009 	18.248032  	20.19005   	19.42797   	12.21175243
24/04/2009 	18.455164  	21.08255   	19.68696   	12.39025793
25/04/2009 	18.858871  	22.31589   	20.33443   	12.53605837
26/04/2009 	19.121923  	21.97919   	20.68630   	12.76142397
27/04/2009 	19.374294  	22.56145   	21.07825   	12.85071222
28/04/2009 	20.239126  	23.10246   	21.69709   	12.80852181
29/04/2009 	20.773016  	22.83731   	21.88746   	12.88205127
30/04/2009 	20.934084  	22.55815   	21.87724   	13.13273482
01/05/2009 	21.102182  	22.64849   	21.99137   	13.53765233
02/05/2009 	21.620291  	22.79238   	22.20927   	13.72260139
03/05/2009 	21.711246  	22.84094   	22.28188   	13.76266754
04/05/2009 	21.796412  	22.37810   	22.06950   	13.42454481
05/05/2009 	21.522955  	23.62700   	22.13210   	12.96779931
06/05/2009 	20.977314  	24.56518   	22.42124   	12.70552188
07/05/2009 	20.765039  	23.57322   	22.07467   	12.78695466
08/05/2009 	20.531258  	22.73984   	21.37879   	12.92824370
09/05/2009 	20.543669  	21.56557   	21.00604   	12.89128836
10/05/2009 	20.642969  	21.30907   	21.03481   	13.15529176
11/05/2009 	20.263327  	21.59408   	20.90742   	13.20172322
12/05/2009 	20.391939  	23.31443   	21.44324   	12.93035398
13/05/2009 	20.691616  	23.45529   	21.97285   	12.96278270
14/05/2009 	21.066162  	23.73014   	22.45930   	13.07409302
15/05/2009 	21.490507  	24.67652   	23.17640   	13.11079526
16/05/2009 	22.871256  	25.03630   	24.09569   	13.16211649
17/05/2009 	23.204159  	24.83238   	24.43990   	13.33727070
18/05/2009 	24.119207  	25.01084   	24.69596   	13.41977461
19/05/2009 	23.500677  	24.90404   	24.40692   	13.54843032
20/05/2009 	23.437340  	24.33109   	23.97701   	13.73984037
21/05/2009 	23.552618  	24.28021   	23.93867   	14.00534280
22/05/2009 	23.622442  	24.25488   	23.91873   	14.24074485
23/05/2009 	23.638811  	24.39571   	23.97118   	14.64475958
24/05/2009 	23.623127  	24.37056   	23.98163   	15.20503292
25/05/2009 	22.418447  	24.24886   	23.85313   	15.80109328
26/05/2009 	22.360069  	24.76756   	23.73002   	16.24126436
27/05/2009 	22.427193  	24.64164   	23.73375   	15.97141792
28/05/2009 	22.642923  	24.44742   	23.65192   	15.87102042
29/05/2009 	18.902130  	23.52945   	21.83392   	16.16206412
30/05/2009 	16.794552  	23.23651   	20.11356   	16.41347887
31/05/2009 	17.244535  	23.43867   	20.69008   	16.65052150
01/06/2009 	17.850214  	22.62214   	20.34266   	17.05990859
02/06/2009 	18.545120  	22.07511   	20.16404   	17.13784615
03/06/2009 	18.767967  	26.36490   	20.97976   	16.30732473
04/06/2009 	20.938740  	25.50538   	23.27109   	14.76545761
05/06/2009 	23.456732  	26.80981   	25.11564   	13.86729831
06/06/2009 	23.828625  	26.74191   	24.81884   	13.99754556
07/06/2009 	23.832964  	27.16844   	25.44781   	14.01680412
08/06/2009 	24.043531  	26.04183   	25.25003   	14.56389207
09/06/2009 	23.874519  	27.07134   	25.53387   	14.97623173
10/06/2009 	24.688242  	26.95172   	25.80045   	15.21828487
11/06/2009 	22.389212  	26.79221   	24.72492   	15.48842949
12/06/2009 	21.528494  	25.95160   	23.58872   	15.67844550
13/06/2009 	19.666056  	25.55620   	22.71911   	15.84104528
14/06/2009 	19.218796  	25.11277   	22.77060   	16.18566547
15/06/2009 	19.923994  	24.72445   	22.57784   	16.67521282
16/06/2009 	19.866552  	24.56279   	22.16271   	16.92937624
17/06/2009 	18.544842  	23.60734   	21.60966   	17.17989393
18/06/2009 	20.679302  	24.86827   	22.84807   	17.19594721
19/06/2009 	20.362223  	24.13439   	22.51385   	17.21548398
20/06/2009 	21.018070  	23.79198   	22.60505   	16.97063355
21/06/2009 	20.135088  	24.27426   	22.11934   	16.83315476
22/06/2009 	19.032284  	24.18393   	21.68405   	16.73056197
23/06/2009 	18.900923  	24.56953   	21.89175   	17.01937385
24/06/2009 	19.268997  	24.22718   	21.91178   	17.47219352
25/06/2009 	20.020216  	24.91436   	22.70394   	17.85665178
26/06/2009 	20.802696  	25.32783   	23.06164   	18.28677078
27/06/2009 	21.164001  	25.74511   	23.69474   	18.65180973
28/06/2009 	21.686626  	26.16348   	24.24184   	19.05232513
29/06/2009 	22.280300  	25.84350   	24.45277   	19.70533343
30/06/2009 	22.275064  	25.85760   	24.10889   	20.38402462
01/07/2009 	22.439638  	25.45436   	23.84740   	20.91515291
02/07/2009 	22.198616  	25.21682   	23.77857   	21.27118548
03/07/2009 	22.539293  	26.02897   	24.26301   	21.67411435
04/07/2009 	23.411274  	26.14176   	24.84586   	21.90406287
05/07/2009 	22.518894  	26.08575   	24.66336   	22.17073063
06/07/2009 	22.452772  	26.23404   	24.74323   	22.13428028
07/07/2009 	23.407921  	26.16697   	25.40193   	21.51772074
08/07/2009 	24.659716  	26.24915   	25.77198   	21.10099936
09/07/2009 	24.452696  	26.88260   	25.94735   	19.80711877
10/07/2009 	25.203371  	29.11897   	27.51791   	17.57331089
11/07/2009 	26.011168  	29.56934   	27.23169   	16.71370149
12/07/2009 	24.121038  	26.79291   	25.62044   	17.16822561
13/07/2009 	23.437590  	25.98734   	25.00436   	17.71858541
14/07/2009 	22.591263  	24.99450   	24.14563   	18.38888570
15/07/2009 	22.610302  	24.15723   	23.85942   	18.97726480
16/07/2009 	23.190863  	24.17984   	23.85301   	19.19524153
17/07/2009 	23.265566  	24.08356   	23.72809   	19.35750473
18/07/2009 	22.566250  	23.92119   	23.41848   	19.21497611
19/07/2009 	22.806625  	23.57512   	23.25174   	19.11156921
20/07/2009 	22.655806  	23.63011   	23.02904   	19.11482986
21/07/2009 	22.647955  	23.40577   	22.94382   	19.10923839
22/07/2009 	22.614201  	23.47894   	22.94707   	19.36837343
23/07/2009 	22.603683  	23.51255   	23.03856   	19.45317952
24/07/2009 	22.557430  	23.88551   	23.21284   	19.36159913
25/07/2009 	22.851261  	23.64216   	23.31160   	19.26750509
26/07/2009 	21.139175  	23.68972   	22.75163   	19.25299843
27/07/2009 	19.594940  	23.09514   	22.06353   	19.44188623
28/07/2009 	20.791517  	22.94118   	22.17471   	19.51353447
29/07/2009 	20.545937  	22.74302   	22.15669   	19.64047392
30/07/2009 	21.981745  	23.49404   	22.50789   	19.50193512
31/07/2009 	22.235020  	23.98812   	22.85249   	18.94761864
01/08/2009 	22.007545  	23.08090   	22.50379   	19.05883928
02/08/2009 	21.730890  	22.62581   	22.01227   	19.26873799
03/08/2009 	20.899023  	22.30919   	21.78153   	19.29021724
04/08/2009 	20.620684  	22.53977   	21.65443   	19.53617211
05/08/2009 	20.413523  	22.56838   	21.74930   	19.85253874
06/08/2009 	20.829870  	23.03152   	22.09017   	20.22162668
07/08/2009 	20.992849  	23.26993   	22.28747   	20.52789863
08/08/2009 	21.310736  	23.03889   	22.24932   	20.65225498
09/08/2009 	20.456488  	22.82381   	22.01333   	20.77266753
10/08/2009 	20.585722  	23.53320   	22.10846   	20.95810135
11/08/2009 	21.611740  	23.75241   	22.53345   	21.03486029
12/08/2009 	21.105654  	23.24278   	22.23642   	20.95497898
13/08/2009 	21.163023  	23.49949   	22.33620   	20.84061539
14/08/2009 	21.271704  	23.79541   	22.38800   	20.78751449
15/08/2009 	21.932302  	23.53880   	22.83400   	20.54403043
16/08/2009 	22.461428  	23.86411   	23.21590   	20.48597487
17/08/2009 	22.374123  	23.51664   	23.06312   	20.51583302
18/08/2009 	21.771032  	24.05413   	22.96125   	20.32551114
19/08/2009 	20.973925  	23.46265   	22.57146   	20.36201417
20/08/2009 	20.477922  	24.40261   	22.89815   	20.46920633
21/08/2009 	22.124395  	24.82589   	23.56954   	20.45538088
22/08/2009 	22.741488  	24.58081   	23.60597   	20.28201421
23/08/2009 	21.895395  	24.49139   	23.48741   	20.42542533
24/08/2009 	21.743896  	25.58223   	23.98707   	20.45848997
25/08/2009 	23.388966  	25.71452   	24.63537   	20.53288901
26/08/2009 	23.821810  	25.65932   	24.81970   	20.18242049
27/08/2009 	24.038544  	25.49108   	24.95692   	19.98669112
28/08/2009 	24.506779  	25.67925   	25.00572   	19.52656996
29/08/2009 	24.335768  	26.00717   	24.97440   	18.74432723
30/08/2009 	25.291307  	26.04332   	25.65452   	17.56095882
31/08/2009 	23.763254  	25.79364   	24.90096   	17.61936371
01/09/2009 	23.270548  	25.48825   	24.16542   	17.79089057
02/09/2009 	23.549862  	24.46495   	23.95927   	17.72523352
03/09/2009 	23.457619  	26.62629   	24.77987   	17.56473100
04/09/2009 	24.077665  	28.98649   	26.59076   	16.75796990
05/09/2009 	24.682806  	28.04969   	26.39777   	16.33687027
06/09/2009 	26.425953  	27.89293   	27.04996   	16.12907251
07/09/2009 	25.393124  	27.47754   	26.57904   	16.12887539
08/09/2009 	24.266758  	26.86938   	25.99370   	16.38609691
09/09/2009 	23.526386  	26.58829   	25.83293   	16.66831700
10/09/2009 	23.436756  	26.64923   	25.25184   	16.76735588
11/09/2009 	24.214449  	25.89329   	25.16079   	16.48938648
12/09/2009 	24.561899  	26.53555   	25.44706   	16.37006539
13/09/2009 	24.525003  	28.05023   	26.06797   	16.15608492
14/09/2009 	25.823664  	27.97999   	26.76167   	15.89909786
15/09/2009 	26.129246  	27.44753   	26.82406   	15.72844023
16/09/2009 	26.255089  	27.77968   	27.07406   	15.79079535
17/09/2009 	26.559248  	28.30757   	27.26848   	15.77631976
18/09/2009 	26.642673  	28.49454   	27.39540   	15.78204338
19/09/2009 	26.728369  	28.16130   	27.59764   	15.80971477
20/09/2009 	26.829821  	28.38920   	27.68795   	16.03520989
21/09/2009 	27.041727  	28.74625   	27.73972   	16.09970287
22/09/2009 	27.202179  	28.53289   	27.78935   	16.16739037
23/09/2009 	27.296247  	28.59825   	27.80975   	16.21208968
24/09/2009 	27.638481  	28.57120   	28.01921   	16.15429229
25/09/2009 	27.745071  	29.02219   	28.33412   	16.08784195
26/09/2009 	28.034956  	28.82200   	28.48108   	16.13229551
27/09/2009 	27.819828  	28.76649   	28.42458   	16.19952184
28/09/2009 	27.428577  	28.64937   	28.12998   	16.23472798
29/09/2009 	27.412725  	30.08172   	29.02264   	16.19678009
30/09/2009 	26.230034  	29.46503   	28.10136   	16.20930986
01/10/2009 	25.921469  	28.87766   	27.45336   	15.86751934
02/10/2009 	24.864693  	28.58066   	26.74487   	14.92930738
03/10/2009 	24.388943  	30.66332   	27.33619   	14.49916021
04/10/2009 	26.685282  	29.38179   	28.12523   	13.91713071
05/10/2009 	27.128716  	29.32556   	28.05507   	13.27626876
06/10/2009 	24.330282  	28.02497   	26.45167   	13.32397705
07/10/2009 	24.724569  	26.64614   	25.84965   	13.78247660
08/10/2009 	23.396593  	25.97044   	25.02680   	13.69880650
09/10/2009 	19.616793  	25.60497   	23.78310   	13.44247828
10/10/2009 	19.230167  	25.92364   	24.06132   	13.09811815
11/10/2009 	22.406557  	26.29106   	24.04311   	12.98122972
12/10/2009 	20.167017  	25.02113   	22.90239   	12.46478013
13/10/2009 	18.986656  	23.18931   	21.26715   	11.70244733
14/10/2009 	19.437893  	24.09445   	21.59259   	11.17406855
15/10/2009 	18.657434  	24.72674   	22.01066   	10.84622248
16/10/2009 	19.006371  	30.48017   	22.73404   	10.52130274
17/10/2009 	24.986713  	30.92822   	27.54793   	 9.92739304
18/10/2009 	25.577211  	29.89348   	27.37360   	 9.74063832
19/10/2009 	26.169315  	27.99955   	26.84141   	 9.90482897
20/10/2009 	22.901480  	28.16406   	26.22299   	 9.65232025
21/10/2009 	21.803591  	28.70170   	26.39438   	 9.47347375
22/10/2009 	23.392254  	28.40516   	27.34841   	 9.45230711
23/10/2009 	25.744553  	28.19719   	27.35508   	 9.49640089
24/10/2009 	26.278753  	28.00233   	27.42642   	 9.65435823
25/10/2009 	27.638641  	27.92883   	27.85585   	10.00296899
26/10/2009 	27.602322  	28.00891   	27.82049   	10.31985317
27/10/2009 	27.675547  	28.42161   	27.93289   	10.56175494
28/10/2009 	27.164906  	27.97781   	27.71839   	10.65968096
29/10/2009 	26.139145  	27.87593   	27.41241   	10.81934059
30/10/2009 	24.751518  	27.53770   	26.82489   	10.91032908
31/10/2009 	23.650047  	27.70008   	26.55832   	10.87484525
01/11/2009 	24.728165  	28.26084   	27.08449   	11.13104179
02/11/2009 	26.291277  	28.46501   	27.65036   	11.37460534
03/11/2009 	26.147141  	28.06273   	27.42318   	11.02135412
04/11/2009 	26.747910  	27.95431   	27.37451   	10.93809462
05/11/2009 	26.926167  	27.49434   	27.13551   	10.75135809
06/11/2009 	26.071577  	27.15341   	26.92999   	10.61745310
07/11/2009 	26.421915  	27.14098   	26.90343   	10.38967586
08/11/2009 	24.812225  	26.99873   	26.48919   	10.16967197
09/11/2009 	21.600235  	26.74064   	24.87480   	 9.77481359
10/11/2009 	22.261671  	25.96346   	24.23335   	 9.56623322
11/11/2009 	21.721758  	25.78329   	23.79338   	 9.42506717
12/11/2009 	21.510275  	25.61383   	23.84860   	 9.20734799
13/11/2009 	22.595810  	26.03285   	25.14108   	 9.39904426
14/11/2009 	24.324963  	25.78559   	25.26366   	 9.87076336
15/11/2009 	25.171881  	26.26482   	25.72386   	10.02534288
16/11/2009 	24.195200  	26.48421   	25.46723   	10.06492152
17/11/2009 	24.710556  	26.33880   	25.58481   	10.16943417
18/11/2009 	25.098196  	28.82796   	25.80521   	10.18042332
19/11/2009 	24.730518  	29.40769   	26.93214   	10.52992362
20/11/2009 	24.969769  	27.02252   	26.15345   	10.22190179
21/11/2009 	23.918343  	27.00210   	25.81089   	10.30526110
22/11/2009 	23.740755  	27.83044   	26.26457   	10.46295224
23/11/2009 	24.784374  	29.18675   	26.87917   	10.35569747
24/11/2009 	25.186584  	28.75757   	27.18228   	10.21610183
25/11/2009 	25.246407  	30.05849   	27.24671   	10.17939486
26/11/2009 	28.235170  	29.92258   	29.10977   	 9.90151300
27/11/2009 	28.817495  	29.88460   	29.44865   	 9.56985541
28/11/2009 	28.512245  	29.74969   	29.30275   	 9.01527333
29/11/2009 	27.489334  	29.49487   	28.38873   	 8.67526056
30/11/2009 	27.355469  	28.67094   	27.71831   	 8.40447066
01/12/2009 	24.115105  	27.71619   	26.74717   	 8.10237057
02/12/2009 	19.276129  	27.17956   	24.52482   	 7.61827530
03/12/2009 	21.161226  	27.35221   	25.84236   	 7.51479291
04/12/2009 	23.996222  	26.88331   	25.92140   	 7.61823725
05/12/2009 	23.236311  	26.03073   	24.93662   	 7.48993272
06/12/2009 	23.274637  	25.23798   	24.42719   	 7.69410638
07/12/2009 	23.396708  	24.61451   	24.11526   	 7.80285340
08/12/2009 	21.705296  	24.21271   	23.43163   	 7.75445257
09/12/2009 	19.242205  	23.93283   	22.37013   	 7.67593758
10/12/2009 	20.887817  	23.90319   	22.71709   	 7.85740123
11/12/2009 	16.431759  	23.11207   	20.17236   	 7.90690889
12/12/2009 	13.522616  	21.03654   	18.51414   	 7.67874278
13/12/2009 	13.616776  	19.68816   	17.59462   	 7.20211684
14/12/2009 	13.380301  	19.83282   	17.27848   	 6.69832827
15/12/2009 	12.847476  	18.98193   	16.67673   	 6.00814422
16/12/2009 	13.385359  	18.92158   	16.86275   	 5.46081089
17/12/2009 	14.780689  	19.91420   	17.51956   	 5.12740222
18/12/2009 	14.078815  	19.17027   	17.42892   	 4.43342339
19/12/2009 	13.556532  	19.23845   	16.72787   	 3.72473295
20/12/2009 	16.230766  	20.16160   	18.67281   	 3.10008529
21/12/2009 	17.175369  	20.17746   	19.01435   	 2.89136175
22/12/2009 	17.271263  	20.35167   	19.00002   	 2.67335505
23/12/2009 	17.298151  	20.38375   	19.21944   	 2.58318951
24/12/2009 	17.407009  	21.48780   	19.82319   	 2.57870418
25/12/2009 	18.993633  	22.99359   	20.92328   	 2.90603931
26/12/2009 	18.378012  	20.73485   	19.92476   	 2.97503129
27/12/2009 	19.985088  	23.18069   	21.95133   	 3.44582013
28/12/2009 	20.432550  	24.01341   	22.73846   	 3.68301689
29/12/2009 	18.509640  	23.68764   	21.67892   	 3.41262133
30/12/2009 	17.465498  	24.37165   	22.07815   	 3.30352516
31/12/2009 	18.318769  	23.85202   	21.39634   	 2.95831770
01/01/2010 	15.057927  	21.37949   	19.18958   	 2.41036787
02/01/2010 	15.513481  	20.48624   	18.56055   	 2.12610651
03/01/2010 	15.029592  	20.34698   	18.45462   	 1.87337931
04/01/2010 	15.386251  	20.23612   	18.36698   	 1.69485747
05/01/2010 	15.196279  	20.20613   	17.94040   	 1.66959432
06/01/2010 	14.677100  	19.66747   	17.57168   	 1.63812566
07/01/2010 	14.011086  	19.53424   	17.40810   	 1.52390493
08/01/2010 	13.967327  	19.16688   	17.18161   	 1.30456399
09/01/2010 	12.626700  	18.98191   	16.21511   	 0.57801523
10/01/2010 	13.105623  	18.23431   	15.65924   	 0.28525148
11/01/2010 	14.031090  	19.03214   	17.07452   	 0.56680003
12/01/2010 	13.501781  	19.17281   	17.00606   	 0.54375868
13/01/2010 	12.635056  	21.63248   	18.10411   	 0.15400198
14/01/2010 	18.119549  	22.32517   	20.73203   	 0.31289732
15/01/2010 	18.489319  	21.99254   	20.77198   	 0.24480572
16/01/2010 	18.640223  	22.34776   	20.81291   	 0.31185257
17/01/2010 	19.719763  	23.03716   	21.90960   	 0.75987374
18/01/2010 	19.927746  	22.83099   	21.75678   	 0.95693077
19/01/2010 	17.504023  	22.48441   	20.85316   	 1.09241264
20/01/2010 	13.731212  	21.66369   	18.91182   	 1.02655074
21/01/2010 	14.864043  	21.17958   	19.05370   	 1.05020809
22/01/2010 	12.890491  	20.63210   	17.95574   	 0.87245616
23/01/2010 	17.131748  	22.23937   	20.05510   	 1.02955346
24/01/2010 	18.335197  	22.41009   	20.81213   	 1.06696545
25/01/2010 	18.470705  	21.92786   	20.62565   	 0.90077117
26/01/2010 	17.148680  	21.04300   	19.30150   	 0.32900999
27/01/2010 	16.364109  	20.98702   	18.94413   	 0.07648532
28/01/2010 	16.115040  	19.33272   	17.66530   	 0.31781487
29/01/2010 	15.570734  	18.51252   	17.23092   	 0.51140121
30/01/2010 	15.681856  	20.66817   	18.35772   	 0.62966722
31/01/2010 	16.045723  	20.55073   	18.12898   	 0.64843854
01/02/2010 	16.719927  	20.97619   	18.73558   	 0.81694533
02/02/2010 	16.267717  	20.68581   	18.97449   	 0.94446384
03/02/2010 	17.583244  	22.10852   	20.09319   	 1.16338518
04/02/2010 	14.690228  	20.44606   	18.46952   	 1.19850310
05/02/2010 	13.811803  	20.46101   	17.90521   	 1.29408878
06/02/2010 	15.504266  	20.75618   	18.77144   	 1.46181036
07/02/2010 	13.739405  	19.43064   	17.22145   	 1.43436926
08/02/2010 	14.588562  	19.64480   	17.46325   	 1.35123762
09/02/2010 	16.277256  	19.86265   	18.36688   	 1.10682260
10/02/2010 	14.806607  	19.45819   	17.76735   	 0.78475939
11/02/2010 	13.414295  	18.04834   	15.89459   	 0.26233605
12/02/2010 	14.387556  	17.57947   	16.07137   	-0.02951353
13/02/2010 	14.011930  	19.12906   	16.79185   	-0.22106294
14/02/2010 	15.195292  	19.38444   	17.43924   	-0.35644838
15/02/2010 	15.875379  	19.90242   	17.84926   	-0.52050100
16/02/2010 	16.115450  	21.25684   	18.55315   	-0.52132170
17/02/2010 	17.583845  	21.61265   	19.90191   	-0.45395875
18/02/2010 	18.382025  	21.60529   	20.29835   	-0.29491823
19/02/2010 	19.125900  	21.81799   	20.77524   	 0.06584409
20/02/2010 	20.461189  	21.88661   	21.10167   	 0.33136731
21/02/2010 	20.006323  	21.48458   	20.97892   	 0.41455724
22/02/2010 	20.370220  	21.81665   	21.20211   	 0.75406798
23/02/2010 	17.631226  	22.20046   	20.47807   	 0.94311032
24/02/2010 	18.937437  	23.00645   	21.16140   	 1.16397625
25/02/2010 	20.994987  	23.71178   	22.53538   	 1.63578827
26/02/2010 	20.322590  	23.96868   	22.78091   	 2.05484097
27/02/2010 	21.871853  	24.38752   	23.31925   	 2.50230568
28/02/2010 	20.488287  	23.54405   	22.75263   	 2.68388882
01/03/2010 	20.702606  	23.75196   	22.37434   	 2.88621738
02/03/2010 	18.158609  	22.89072   	21.16565   	 2.87351208
03/03/2010 	14.797862  	22.61600   	19.28209   	 2.90380690
04/03/2010 	13.075362  	20.76148   	17.58625   	 2.94913839
05/03/2010 	12.937015  	19.51057   	16.04133   	 2.91077383
06/03/2010 	12.907704  	18.77406   	15.84513   	 2.67772414
07/03/2010 	12.530964  	18.99306   	15.49463   	 2.41134217
08/03/2010 	11.735015  	18.14081   	15.71898   	 2.40563359
09/03/2010 	12.536473  	17.14911   	15.45415   	 2.35776838
10/03/2010 	13.624383  	18.22192   	16.42936   	 2.35442854
11/03/2010 	14.267752  	17.97868   	16.57638   	 2.31387550
12/03/2010 	12.598848  	16.47780   	14.67981   	 2.38352808
13/03/2010 	11.249244  	16.00249   	13.62983   	 2.56796182
14/03/2010 	10.785436  	15.52143   	13.33471   	 2.97682327
15/03/2010 	10.540913  	15.85824   	13.82691   	 3.44889029
16/03/2010 	11.299062  	16.51329   	14.49802   	 3.77210118
17/03/2010 	11.596910  	17.50733   	14.62658   	 3.96929458
18/03/2010 	11.744659  	17.62621   	15.19104   	 4.23560955
19/03/2010 	12.785927  	18.71185   	16.00763   	 4.64682974
20/03/2010 	15.274417  	19.01180   	17.50485   	 5.07794895
21/03/2010 	15.000422  	19.10705   	17.36660   	 5.55138234
22/03/2010 	13.766709  	19.28330   	16.78376   	 5.81098074
23/03/2010 	14.656496  	19.14765   	17.40473   	 5.91884121
24/03/2010 	14.241343  	19.83388   	17.48924   	 6.19970898
25/03/2010 	15.590055  	20.71924   	18.56963   	 6.44904654
26/03/2010 	15.729217  	20.54065   	18.95862   	 6.75574498
27/03/2010 	15.007013  	21.20675   	18.72819   	 6.90134674
28/03/2010 	15.788966  	20.76198   	18.76786   	 7.05304895
29/03/2010 	15.209972  	20.68875   	18.39477   	 7.20286890
30/03/2010 	13.553687  	21.56222   	17.95712   	 7.42971664
31/03/2010 	16.222494  	24.08851   	20.64386   	 7.34296960
01/04/2010 	20.761982  	23.64878   	22.42535   	 6.96682296
02/04/2010 	19.606136  	23.58920   	22.30386   	 6.84223750
03/04/2010 	17.383244  	23.75221   	21.82956   	 6.97284779
04/04/2010 	16.746737  	23.70822   	21.29840   	 7.17232514
05/04/2010 	15.789732  	23.24991   	19.96886   	 7.34566448
06/04/2010 	15.046046  	23.23075   	19.74827   	 7.53691457
07/04/2010 	19.825802  	23.86710   	21.94722   	 7.75087125
08/04/2010 	18.930307  	23.31626   	21.67749   	 8.00996596
09/04/2010 	18.411850  	21.95035   	20.43054   	 8.45487869
10/04/2010 	17.458263  	21.41309   	19.52901   	 8.81320858
11/04/2010 	14.017926  	20.27965   	18.10415   	 8.90654117
12/04/2010 	14.555731  	19.72389   	17.28130   	 8.92333486
13/04/2010 	15.021914  	19.29708   	17.31425   	 8.88963026
14/04/2010 	15.126481  	19.80588   	17.68438   	 8.97066746
15/04/2010 	15.970431  	20.38554   	18.45469   	 9.02870564
16/04/2010 	16.836809  	21.07437   	18.98228   	 9.10331289
17/04/2010 	17.370893  	20.97874   	19.05358   	 9.36152430
18/04/2010 	17.415047  	21.37121   	19.18194   	 9.71524928
19/04/2010 	17.247734  	21.37539   	19.22281   	10.00443528
20/04/2010 	17.048782  	22.43308   	19.67194   	10.09830626
21/04/2010 	17.646940  	22.34665   	19.82250   	 9.60694140
22/04/2010 	17.854197  	22.05788   	20.15319   	 9.12474442
23/04/2010 	18.241076  	23.35315   	20.39939   	 9.42457863
24/04/2010 	17.980822  	23.19937   	20.84678   	 9.72804832
25/04/2010 	18.702969  	24.05532   	21.53436   	 9.92570955
26/04/2010 	20.034592  	23.82985   	22.10135   	10.20170782
27/04/2010 	19.824915  	23.67550   	21.93990   	10.53658418
28/04/2010 	18.968309  	24.12211   	21.72664   	10.93708140
29/04/2010 	19.752413  	24.32765   	22.30472   	11.34487389
30/04/2010 	20.958334  	24.39124   	22.86917   	11.70772638
01/05/2010 	21.735144  	24.77976   	23.16520   	11.88821010
02/05/2010 	17.728294  	24.45979   	22.06430   	11.96268133
03/05/2010 	16.992838  	25.14407   	21.08649   	11.15139220
04/05/2010 	19.191555  	26.50055   	22.04422   	10.24261924
05/05/2010 	18.679911  	22.29354   	20.60151   	10.16001258
06/05/2010 	18.014854  	23.44273   	20.75587   	10.35754043
07/05/2010 	19.606092  	23.52066   	21.74406   	10.12639352
08/05/2010 	19.634207  	24.55513   	22.66724   	10.12202706
09/05/2010 	20.419197  	23.75033   	22.41455   	10.27962506
10/05/2010 	20.480984  	23.65871   	22.20358   	10.39310950
11/05/2010 	20.101412  	23.37492   	21.75413   	10.33575823
12/05/2010 	18.774580  	25.93081   	21.98870   	 9.88483226
13/05/2010 	19.132721  	24.24393   	21.90612   	 9.52741690
14/05/2010 	18.904501  	24.15369   	21.52394   	 9.66129585
15/05/2010 	19.094511  	24.23284   	21.60451   	 9.98071498
16/05/2010 	19.621231  	24.01503   	21.80384   	10.22938347
17/05/2010 	20.124023  	24.80518   	22.28760   	10.60799529
18/05/2010 	18.804531  	24.26288   	21.51453   	11.14651893
19/05/2010 	17.681173  	23.72578   	20.66497   	11.71463933
20/05/2010 	17.655373  	24.16991   	20.94642   	12.25437442
21/05/2010 	17.100378  	23.99991   	20.98333   	12.96874827
22/05/2010 	16.904875  	23.00013   	20.36874   	13.60515815
23/05/2010 	17.698223  	23.56076   	20.55332   	14.23124115
24/05/2010 	18.349350  	23.39903   	21.06492   	14.79243712
25/05/2010 	18.288363  	23.25668   	21.01172   	15.03043514
26/05/2010 	18.188419  	23.95340   	21.01766   	15.05433500
27/05/2010 	18.453218  	24.66923   	21.72001   	14.93930225
28/05/2010 	19.275742  	24.85534   	21.90960   	15.01982125
29/05/2010 	19.236115  	25.06585   	22.11019   	14.97776586
30/05/2010 	20.280464  	26.07433   	23.71324   	14.97513626
31/05/2010 	22.486816  	25.57394   	24.00858   	14.90305487
01/06/2010 	20.720413  	25.47157   	23.14819   	15.08553364
02/06/2010 	20.265715  	25.46613   	23.07842   	15.32285150
03/06/2010 	19.509485  	25.01263   	22.54034   	15.79756008
04/06/2010 	19.979586  	24.93517   	22.65144   	16.22280864
05/06/2010 	20.771770  	24.96863   	23.17782   	16.59496323
06/06/2010 	21.856415  	25.59926   	23.88144   	16.85608860
07/06/2010 	22.767048  	25.44810   	24.22536   	16.94782992
08/06/2010 	22.227135  	25.51431   	24.28897   	17.10695342
09/06/2010 	22.146616  	25.29021   	24.13846   	17.40507277
10/06/2010 	20.794949  	24.57058   	23.18050   	17.65957789
11/06/2010 	20.429554  	24.28276   	22.63434   	17.95924656
12/06/2010 	19.820065  	23.89295   	22.07334   	17.89476895
13/06/2010 	18.143831  	23.25306   	21.00022   	17.68427821
14/06/2010 	17.849552  	24.15027   	21.08677   	17.82803373
15/06/2010 	17.399092  	23.21882   	20.31472   	17.56478981
16/06/2010 	18.239864  	23.37962   	21.19201   	17.06856736
17/06/2010 	19.980484  	26.14417   	22.54743   	16.85037740
18/06/2010 	21.236551  	27.79494   	23.88728   	16.55180174
19/06/2010 	22.077179  	30.38514   	26.01735   	15.34099454
20/06/2010 	26.012236  	31.69992   	28.87901   	14.08398620
21/06/2010 	27.437920  	31.40281   	28.99581   	14.03368704
22/06/2010 	27.484640  	29.42787   	28.16518   	14.50273768
23/06/2010 	26.668728  	28.13275   	27.58535   	15.19480139
24/06/2010 	26.644455  	28.39234   	27.64714   	15.85906547
25/06/2010 	26.552658  	28.41657   	27.57021   	16.33241598
26/06/2010 	25.718836  	28.33997   	27.11229   	17.02444156
27/06/2010 	25.484982  	28.71973   	27.15742   	17.69625974
28/06/2010 	25.333490  	28.70697   	27.08435   	18.65008001
29/06/2010 	25.232389  	28.73957   	27.15662   	19.23718989
30/06/2010 	25.562372  	28.57089   	27.26124   	19.59904957
01/07/2010 	25.784191  	28.67163   	27.23225   	20.00724232
02/07/2010 	25.236183  	29.29759   	27.39886   	20.50436139
03/07/2010 	25.816608  	28.80607   	27.50724   	20.94048977
04/07/2010 	25.832340  	28.56329   	27.20738   	21.34610983
05/07/2010 	25.552921  	29.29017   	27.53308   	21.47698462
06/07/2010 	25.391764  	28.53535   	27.11931   	21.51586107
07/07/2010 	24.872984  	28.61865   	26.91264   	21.24001412
08/07/2010 	26.392437  	29.07536   	27.77481   	21.17302477
09/07/2010 	26.346216  	28.84138   	27.75715   	21.40910550
10/07/2010 	26.406990  	28.83707   	27.79246   	21.83782196
11/07/2010 	26.330038  	28.73575   	27.64755   	22.19396667
12/07/2010 	26.163919  	28.83929   	27.77915   	22.29739352
13/07/2010 	27.106583  	29.20014   	28.08291   	22.13465969
14/07/2010 	25.643694  	29.18289   	27.61782   	22.38176235
15/07/2010 	24.886284  	29.04868   	27.54500   	22.02551397
16/07/2010 	22.941229  	28.92999   	27.14764   	21.17777022
17/07/2010 	23.419127  	28.77379   	27.36328   	20.88569204
18/07/2010 	24.743927  	28.49519   	27.38160   	20.70019277
19/07/2010 	24.930098  	28.61191   	27.36157   	20.78294631
20/07/2010 	25.190853  	28.35948   	27.23056   	21.02708526
21/07/2010 	26.165237  	28.43762   	27.52386   	21.13294959
22/07/2010 	26.625532  	28.47560   	27.71155   	21.06319662
23/07/2010 	25.458403  	28.30229   	27.11046   	21.14703739
24/07/2010 	23.955574  	27.70649   	25.89223   	21.00633546
25/07/2010 	23.085171  	27.43841   	25.68192   	20.91322637
26/07/2010 	23.632565  	27.52552   	25.63334   	20.82653062
27/07/2010 	22.272839  	26.74714   	24.62940   	20.74582899
28/07/2010 	21.576784  	26.77438   	24.49688   	20.77895363
29/07/2010 	21.467407  	26.35258   	24.10745   	20.75862439
30/07/2010 	20.625362  	25.58135   	23.27324   	20.62512898
31/07/2010 	19.654627  	26.64187   	23.37688   	20.43975329
01/08/2010 	20.480743  	26.76668   	24.28619   	20.35233915
02/08/2010 	21.459076  	26.43121   	24.21680   	20.54516141
03/08/2010 	21.870190  	26.72446   	24.28363   	20.62365150
04/08/2010 	22.260284  	26.34473   	24.93734   	20.56188107
05/08/2010 	23.271534  	26.95199   	25.17575   	20.24457363
06/08/2010 	21.973974  	25.84491   	24.20034   	20.12665828
07/08/2010 	21.942530  	26.01383   	24.46959   	20.08233702
08/08/2010 	22.583210  	26.22694   	24.65278   	19.98088153
09/08/2010 	20.221060  	25.03904   	22.99864   	19.91948203
10/08/2010 	19.742819  	25.40533   	23.05183   	19.96349005
11/08/2010 	20.483305  	26.12732   	23.67966   	19.93813495
12/08/2010 	19.208294  	25.07712   	22.89289   	19.95601765
13/08/2010 	19.048943  	24.70795   	22.59542   	19.80885490
14/08/2010 	18.466934  	24.60433   	22.13565   	19.88123139
15/08/2010 	17.649160  	24.01028   	20.91022   	19.78087378
16/08/2010 	18.293283  	21.95173   	20.13088   	19.50569808
17/08/2010 	18.734890  	22.95037   	20.81414   	19.56050440
18/08/2010 	19.530910  	23.19204   	21.30508   	19.19322443
19/08/2010 	21.146646  	22.91164   	21.70606   	18.82613909
20/08/2010 	20.598099  	21.76958   	21.08146   	18.85786247
21/08/2010 	20.505566  	21.38386   	20.80978   	19.04455594
22/08/2010 	20.357588  	20.85913   	20.57844   	19.24482008
23/08/2010 	18.256384  	21.07339   	20.18218   	19.33358745
24/08/2010 	20.241838  	23.39647   	21.40615   	18.77114304
25/08/2010 	21.052114  	24.01939   	22.21659   	18.04918452
26/08/2010 	21.235876  	22.85216   	22.09469   	17.77674206
27/08/2010 	19.926220  	22.92166   	21.74931   	17.29759689
28/08/2010 	18.660688  	21.93667   	20.57502   	16.88525107
29/08/2010 	17.865641  	22.00728   	20.10336   	16.57927253
30/08/2010 	19.028259  	23.51182   	21.24795   	15.76170095
31/08/2010 	16.192528  	21.00225   	18.40158   	15.69352074
01/09/2010 	15.527912  	20.37398   	17.93559   	15.79101775
02/09/2010 	15.229902  	20.26339   	18.00771   	15.88659326
03/09/2010 	14.824621  	19.21531   	17.26460   	15.96811082
04/09/2010 	14.044783  	18.90153   	17.14768   	16.19869824
05/09/2010 	12.003229  	18.15498   	16.18730   	16.29096508
06/09/2010 	 9.516930  	17.75357   	14.80014   	16.17275067
07/09/2010 	11.022187  	20.18843   	16.77771   	15.69476738
08/09/2010 	14.467834  	20.67447   	18.32307   	15.47085194
09/09/2010 	16.992691  	21.22976   	19.31664   	15.67109978
10/09/2010 	16.098648  	20.39092   	18.65696   	15.87197576
11/09/2010 	15.811232  	20.46174   	18.93782   	16.11911438
12/09/2010 	16.662157  	20.31553   	19.04816   	16.42560828
13/09/2010 	15.976297  	19.94209   	18.00702   	16.44965625
14/09/2010 	16.729616  	19.83321   	18.74500   	16.43627302
15/09/2010 	18.535172  	21.64397   	19.84789   	16.09258656
16/09/2010 	18.725809  	21.26566   	20.27477   	15.36360625
17/09/2010 	19.553690  	22.75181   	20.60052   	14.64645213
18/09/2010 	21.413776  	24.52866   	22.83547   	13.39000692
19/09/2010 	19.655752  	23.92082   	21.05703   	13.36768426
20/09/2010 	18.653038  	20.43461   	19.68934   	13.81571156
21/09/2010 	17.462891  	19.83764   	18.82568   	14.12986805
22/09/2010 	14.377640  	18.33914   	17.12072   	14.37057467
23/09/2010 	13.401818  	18.80805   	16.74408   	14.70493851
24/09/2010 	13.163517  	18.54135   	16.89927   	15.00423441
25/09/2010 	14.354695  	17.96879   	16.18763   	14.66389930
26/09/2010 	13.998881  	18.50364   	16.01546   	14.39523977
27/09/2010 	13.083846  	18.56466   	15.93284   	14.40563238
28/09/2010 	12.731062  	18.36630   	15.86426   	14.44875737
29/09/2010 	11.605466  	18.17731   	15.31907   	14.26732282
30/09/2010 	10.642843  	18.95299   	15.72171   	13.87805192
01/10/2010 	14.681456  	19.56999   	17.43202   	13.81987399
02/10/2010 	14.849291  	20.41509   	18.52671   	13.86527230
03/10/2010 	18.398142  	20.77669   	19.88519   	14.28419890
04/10/2010 	18.880325  	22.02308   	20.77036   	14.77975186
05/10/2010 	18.089764  	22.16502   	20.70795   	15.07351844
06/10/2010 	17.948921  	22.30011   	21.01353   	15.33450870
07/10/2010 	17.771732  	22.32654   	20.78484   	15.38358537
08/10/2010 	15.898785  	21.69481   	19.37921   	15.39217703
09/10/2010 	13.359487  	21.04909   	18.49452   	15.22557588
10/10/2010 	13.762938  	20.77573   	18.27320   	14.83564351
11/10/2010 	13.311004  	19.94464   	17.18080   	14.25320923
12/10/2010 	13.607821  	18.80953   	16.10697   	13.69067468
13/10/2010 	13.697639  	17.90238   	15.65244   	13.46620063
14/10/2010 	13.854066  	18.63873   	15.84997   	13.37437197
15/10/2010 	13.925059  	18.08488   	15.66781   	13.13598740
16/10/2010 	14.259010  	19.59707   	16.90080   	12.39517452
17/10/2010 	16.585632  	20.30548   	18.19028   	11.91892018
18/10/2010 	16.810200  	20.50791   	18.72400   	11.72552337
19/10/2010 	17.083628  	19.32888   	18.84879   	11.44684601
20/10/2010 	17.863079  	20.34533   	18.99826   	10.76466163
21/10/2010 	17.423601  	24.73890   	20.72400   	 9.59569869
22/10/2010 	19.793272  	25.97477   	22.04576   	 9.42283245
23/10/2010 	18.331724  	23.73097   	20.56637   	 9.49104720
24/10/2010 	18.265263  	20.65568   	19.50621   	 9.29053791
25/10/2010 	17.438963  	19.94107   	19.15315   	 8.66685190
26/10/2010 	16.037626  	20.27291   	18.33846   	 8.28207306
27/10/2010 	17.151911  	19.29165   	18.66884   	 8.46187494
28/10/2010 	18.613178  	19.09418   	18.81351   	 8.84246337
29/10/2010 	16.399824  	19.31619   	18.56282   	 9.12629102
30/10/2010 	18.314196  	20.66213   	19.55116   	 9.38063157
31/10/2010 	18.119408  	21.65300   	20.16104   	 9.63284071
01/11/2010 	17.995840  	22.93636   	20.57852   	 9.86467842
02/11/2010 	16.630646  	22.10488   	20.45531   	10.00365466
03/11/2010 	20.323090  	22.27584   	21.80592   	10.40761940
04/11/2010 	21.675652  	24.20902   	22.31529   	10.79208785
05/11/2010 	21.170664  	24.16401   	22.30871   	11.43289403
06/11/2010 	21.139828  	22.45885   	21.96174   	11.41189772
07/11/2010 	17.717583  	22.12066   	20.42231   	11.04085644
08/11/2010 	14.093143  	22.87840   	18.85993   	10.23158958
09/11/2010 	16.052023  	23.55504   	20.76924   	 9.60392861
10/11/2010 	17.629877  	22.86717   	20.04138   	 8.96213728
11/11/2010 	17.403986  	21.59099   	19.59867   	 8.27632184
12/11/2010 	20.450104  	24.23416   	22.46979   	 8.23837072
13/11/2010 	20.554785  	23.63239   	22.50330   	 8.30653777
14/11/2010 	20.119473  	22.30626   	21.19874   	 8.32185342
15/11/2010 	20.490347  	22.84043   	21.28265   	 8.33722232
16/11/2010 	17.231056  	21.98390   	20.16641   	 8.17744948
17/11/2010 	15.278170  	22.39984   	19.62840   	 7.97080830
18/11/2010 	16.915123  	22.64280   	20.65679   	 7.82782347
19/11/2010 	16.400173  	22.43453   	20.14449   	 7.66535818
20/11/2010 	15.789285  	21.31954   	19.16671   	 7.56880114
21/11/2010 	14.579415  	20.35507   	18.14715   	 7.42587958
22/11/2010 	13.310520  	19.46140   	17.10797   	 7.13976006
23/11/2010 	13.409703  	18.63403   	16.16817   	 6.75425680
24/11/2010 	14.106894  	18.70579   	15.97287   	 6.20858747
25/11/2010 	14.168021  	19.28237   	16.68856   	 6.06405928
26/11/2010 	13.765291  	19.53293   	17.09677   	 5.74081340
27/11/2010 	13.209373  	19.57268   	16.89694   	 5.33140588
28/11/2010 	12.427482  	19.65627   	16.82457   	 4.85037931
29/11/2010 	13.762865  	19.69543   	17.43689   	 4.17328242
30/11/2010 	13.465117  	19.43929   	17.30865   	 3.36244880
01/12/2010 	15.057879  	20.04697   	17.93800   	 2.12010155
02/12/2010 	17.159838  	21.53430   	19.58907   	 1.75236317
03/12/2010 	17.701427  	21.15814   	19.94002   	 1.55928450
04/12/2010 	18.515135  	22.02885   	20.57605   	 1.47512950
05/12/2010 	19.621458  	23.06981   	21.78173   	 1.76327603
06/12/2010 	20.211641  	22.67513   	21.72812   	 1.81541768
07/12/2010 	19.892538  	22.77155   	21.48116   	 1.68037563
08/12/2010 	18.914003  	22.45710   	21.21110   	 1.49061733
09/12/2010 	18.089638  	22.06065   	20.48553   	 1.35342744
10/12/2010 	18.758947  	21.88231   	20.30434   	 1.33461444
11/12/2010 	19.335611  	25.94704   	22.39157   	 2.38010123
12/12/2010 	21.243370  	26.92145   	24.49796   	 3.54460823
13/12/2010 	18.913311  	23.84464   	21.61224   	 3.06746501
14/12/2010 	17.937634  	23.86366   	21.56698   	 2.78537353
15/12/2010 	18.726646  	22.64364   	20.72684   	 2.38075889
16/12/2010 	18.262850  	21.16809   	19.84544   	 2.22882258
17/12/2010 	18.275787  	21.02541   	20.05070   	 2.18293753
18/12/2010 	17.366199  	21.63032   	19.99239   	 1.89630730
19/12/2010 	18.572594  	22.91939   	21.21981   	 1.44712278
20/12/2010 	18.851002  	22.61235   	21.21027   	 0.88888897
21/12/2010 	18.766806  	22.35729   	21.09530   	 0.54238027
22/12/2010 	16.832132  	21.89633   	20.33241   	 0.10815756
23/12/2010 	15.323997  	21.29414   	19.19296   	-0.17404146
24/12/2010 	16.640303  	27.88080   	21.31752   	-0.30440059
25/12/2010 	18.624451  	25.24556   	21.72728   	-0.50774956
26/12/2010 	19.631523  	22.81063   	21.08933   	-0.45940380
27/12/2010 	19.485636  	21.35499   	20.43888   	-0.27178886
28/12/2010 	17.391413  	20.77871   	19.84747   	-0.21051023
29/12/2010 	17.773186  	21.54689   	20.16321   	-0.19702474
30/12/2010 	17.849127  	21.92415   	20.38245   	-0.12351522
31/12/2010 	17.513172  	21.19437   	19.53568   	 0.02888496
