date	smin	smax	smean	tmean
01/01/2009  	21.724691   	27.78951    	24.95822    	 0.247500736
02/01/2009  	20.343008   	27.81886    	25.08020    	 1.266201617
03/01/2009  	21.379890   	30.52413    	25.91524    	 1.106510721
04/01/2009  	29.033035   	30.77529    	30.15950    	 2.967203473
05/01/2009  	21.395510   	30.89060    	26.35507    	 1.499916323
06/01/2009  	23.749815   	29.34582    	26.42807    	-0.590674761
07/01/2009  	21.299984   	31.09949    	27.96630    	 0.742634014
08/01/2009  	20.657812   	30.31392    	26.65764    	 0.709111107
09/01/2009  	17.649515   	30.54238    	26.55962    	 0.746315967
10/01/2009  	16.824970   	29.71001    	23.78418    	 0.066827574
11/01/2009  	15.940701   	29.93885    	24.03142    	-0.296310663
12/01/2009  	21.094936   	23.42610    	22.36738    	 0.614071000
13/01/2009  	23.052065   	23.85339    	23.52889    	 1.974665632
14/01/2009  	21.266909   	23.98272    	23.13636    	 2.466211190
15/01/2009  	17.912846   	23.74080    	20.97605    	 1.853111995
16/01/2009  	14.316871   	23.34533    	18.37351    	 1.485551268
17/01/2009  	10.496540   	23.32285    	16.93719    	 1.783231807
18/01/2009  	20.323397   	23.82458    	22.40944    	 2.964086220
19/01/2009  	21.881449   	24.69629    	23.50739    	 2.973139554
20/01/2009  	23.071350   	25.20379    	23.93878    	 3.043892359
21/01/2009  	23.712267   	26.91738    	24.91178    	 2.732873301
22/01/2009  	23.715141   	26.57373    	25.09054    	 2.340284320
23/01/2009  	22.243011   	27.11266    	25.81768    	 2.984054585
24/01/2009  	25.777166   	26.95881    	26.61087    	 3.258829847
25/01/2009  	25.929499   	27.55422    	26.92731    	 2.988431066
26/01/2009  	21.027161   	27.01381    	24.70199    	 2.175411170
27/01/2009  	17.352184   	25.59711    	20.52412    	 1.368799461
28/01/2009  	15.676839   	23.84822    	19.86163    	 0.915484737
29/01/2009  	14.062346   	23.74691    	18.64855    	 0.730039707
30/01/2009  	14.424196   	22.10799    	17.98266    	 0.148770356
31/01/2009  	15.421378   	23.67544    	19.93009    	-0.413819601
01/02/2009  	19.393318   	25.35604    	23.25556    	-0.831730083
02/02/2009  	24.412241   	27.09534    	25.30124    	-0.450220750
03/02/2009  	22.471821   	26.13401    	24.46867    	-0.022759967
04/02/2009  	21.042706   	26.20593    	23.70522    	 0.359016099
05/02/2009  	20.758595   	27.11722    	23.71030    	 0.698058374
06/02/2009  	19.598251   	25.97640    	22.87738    	 1.408170077
07/02/2009  	19.886814   	26.19017    	22.96062    	 1.669966007
08/02/2009  	19.349325   	26.99659    	23.25954    	 1.665521930
09/02/2009  	18.251669   	27.84439    	23.55422    	 1.554906803
10/02/2009  	16.070652   	28.18959    	22.12296    	 1.549121149
11/02/2009  	25.475864   	28.61515    	26.91739    	 1.934510728
12/02/2009  	25.020498   	28.51759    	27.06584    	 2.143458302
13/02/2009  	25.232470   	28.09353    	26.86956    	 2.220581139
14/02/2009  	23.696573   	28.02779    	26.27266    	 1.529147574
15/02/2009  	18.536144   	28.53999    	24.84374    	 1.896981974
16/02/2009  	17.518265   	28.65486    	24.72254    	 2.820503622
17/02/2009  	11.893980   	28.26060    	23.35738    	 3.335316832
18/02/2009  	 9.979999   	23.85782    	18.95344    	 2.728236174
19/02/2009  	 9.864253   	21.80468    	18.14748    	 2.404485432
20/02/2009  	10.604221   	22.92052    	17.89865    	 2.981263146
21/02/2009  	10.479875   	23.81786    	18.41129    	 3.431226969
22/02/2009  	12.334110   	25.54476    	20.42382    	 3.832931891
23/02/2009  	18.849215   	26.76454    	23.25877    	 4.159567495
24/02/2009  	13.837423   	24.87171    	20.75999    	 4.289833099
25/02/2009  	 9.072446   	26.30995    	18.66143    	 4.331036141
26/02/2009  	16.251638   	27.35089    	24.56181    	 4.619494726
27/02/2009  	18.087055   	26.67242    	25.39147    	 5.233681450
28/02/2009  	14.159713   	26.75759    	21.48178    	 5.628694057
01/03/2009  	11.390224   	25.28043    	19.27311    	 5.241217107
02/03/2009  	10.101527   	24.91963    	18.75746    	 5.262725184
03/03/2009  	10.338543   	24.42449    	18.28737    	 5.012776325
04/03/2009  	11.509507   	19.37970    	14.94731    	 4.593057632
05/03/2009  	10.303745   	20.34443    	16.23472    	 4.756661067
06/03/2009  	13.305723   	24.70738    	19.34690    	 4.815109293
07/03/2009  	12.955036   	23.92834    	21.03520    	 4.506708955
08/03/2009  	12.093772   	23.15187    	19.51161    	 5.119733989
09/03/2009  	19.370911   	21.10536    	20.38622    	 4.982771317
10/03/2009  	19.901300   	20.97097    	20.57843    	 4.982628077
11/03/2009  	16.948555   	20.72478    	19.96614    	 4.822501491
12/03/2009  	15.449132   	22.97385    	19.87359    	 5.226775179
13/03/2009  	15.122781   	23.37918    	20.08528    	 5.634906451
14/03/2009  	10.832792   	22.69607    	17.28078    	 5.849964301
15/03/2009  	13.391880   	25.04262    	20.58597    	 6.045294444
16/03/2009  	10.729034   	25.02762    	18.66725    	 6.245950590
17/03/2009  	10.681999   	23.88143    	18.89205    	 6.503312369
18/03/2009  	 9.198120   	21.95736    	16.39998    	 6.325213750
19/03/2009  	 8.004714   	22.64378    	18.60836    	 6.511682481
20/03/2009  	 8.080511   	21.12597    	17.01931    	 6.436781247
21/03/2009  	11.443243   	22.26191    	17.74106    	 6.540623109
22/03/2009  	11.202260   	24.05514    	18.69486    	 6.515997161
23/03/2009  	18.732119   	28.80898    	24.89214    	 6.530023833
24/03/2009  	16.833139   	27.90583    	23.67593    	 6.072493136
25/03/2009  	19.953213   	26.22345    	24.03713    	 6.171278745
26/03/2009  	16.424620   	26.62758    	23.86363    	 6.295531005
27/03/2009  	22.553852   	27.64092    	25.79200    	 6.152746141
28/03/2009  	18.948339   	23.70269    	21.08829    	 6.195395370
29/03/2009  	15.781762   	22.99603    	20.39095    	 6.118641883
30/03/2009  	14.240501   	23.36961    	19.61318    	 5.781261216
31/03/2009  	10.955499   	23.84921    	18.03725    	 6.376531949
01/04/2009  	11.720971   	22.32641    	17.96826    	 6.889576415
02/04/2009  	14.062339   	22.33126    	18.26907    	 7.396255722
03/04/2009  	10.069134   	22.98120    	18.44983    	 7.996206274
04/04/2009  	 8.412377   	22.90436    	17.06134    	 8.464813590
05/04/2009  	 7.924185   	22.45773    	16.07295    	 8.657596767
06/04/2009  	 7.980043   	22.57045    	16.62537    	 8.754634460
07/04/2009  	 9.263557   	22.34623    	16.69109    	 9.324831386
08/04/2009  	10.286609   	21.23599    	14.69833    	 9.235627890
09/04/2009  	11.665332   	18.92357    	15.22131    	 9.149630904
10/04/2009  	12.591814   	20.00249    	15.91299    	 9.810950160
11/04/2009  	13.987205   	21.93438    	18.07688    	10.479436755
12/04/2009  	14.606986   	22.91946    	19.50875    	10.689738274
13/04/2009  	15.617859   	23.42761    	20.60539    	10.588569423
14/04/2009  	16.435684   	24.24438    	21.15574    	10.531683842
15/04/2009  	17.961645   	24.62957    	21.47316    	10.846012811
16/04/2009  	17.464428   	25.24800    	21.57320    	11.368347963
17/04/2009  	17.314280   	25.65148    	20.96041    	11.318210979
18/04/2009  	21.038485   	27.30437    	24.60879    	10.169742525
19/04/2009  	22.746782   	26.29847    	24.69177    	10.209626039
20/04/2009  	21.898609   	26.77729    	24.26784    	11.246075968
21/04/2009  	20.662233   	26.58270    	23.45950    	12.003464500
22/04/2009  	20.719833   	27.04045    	24.97065    	11.657705208
23/04/2009  	24.932467   	27.88213    	26.22603    	11.638444702
24/04/2009  	24.120079   	27.87958    	26.07937    	12.066551387
25/04/2009  	23.735939   	27.72723    	25.93935    	12.191766163
26/04/2009  	22.359140   	27.48772    	25.07286    	12.535746614
27/04/2009  	21.827845   	27.71944    	25.06375    	12.702337046
28/04/2009  	20.832344   	28.07474    	24.50257    	12.388980786
29/04/2009  	20.519955   	27.91352    	24.61091    	12.446898063
30/04/2009  	21.113825   	27.68032    	25.17617    	12.604488870
01/05/2009  	21.922722   	28.22588    	25.76479    	13.209994674
02/05/2009  	22.293074   	29.53209    	25.75194    	13.646458189
03/05/2009  	22.045921   	29.23381    	25.64905    	13.507242242
04/05/2009  	24.690048   	30.65797    	28.56726    	12.194372137
05/05/2009  	29.401892   	30.58225    	30.25946    	11.936309059
06/05/2009  	28.267775   	30.10919    	29.21079    	11.343344351
07/05/2009  	25.377758   	29.20801    	26.98700    	12.275895596
08/05/2009  	22.599258   	26.97227    	25.13377    	12.686668456
09/05/2009  	21.271769   	24.00247    	22.30990    	12.433775862
10/05/2009  	21.337381   	24.59850    	22.46969    	12.909860889
11/05/2009  	21.477476   	28.49916    	25.75695    	12.580514928
12/05/2009  	26.498129   	29.14305    	28.02683    	12.096619089
13/05/2009  	28.042881   	29.56504    	28.77570    	12.047403971
14/05/2009  	28.282547   	30.03053    	28.94554    	12.272642136
15/05/2009  	24.784973   	29.05330    	27.51731    	12.668015202
16/05/2009  	21.790249   	25.94628    	22.92788    	12.912314037
17/05/2009  	20.652391   	24.42062    	22.33793    	13.228288392
18/05/2009  	22.357605   	24.27316    	23.42547    	13.335590303
19/05/2009  	23.324724   	24.70405    	24.22127    	13.231170078
20/05/2009  	21.700130   	25.10843    	24.22727    	13.772751311
21/05/2009  	21.730400   	25.17011    	23.89428    	14.424995383
22/05/2009  	22.046265   	25.78889    	24.12730    	14.639231543
23/05/2009  	21.330883   	25.97875    	23.89515    	15.317172527
24/05/2009  	21.476126   	26.18897    	23.58599    	16.151751796
25/05/2009  	21.586456   	26.62206    	24.49538    	16.558569014
26/05/2009  	22.196417   	28.43574    	25.39507    	16.849163453
27/05/2009  	23.994110   	29.69869    	27.71619    	15.163800438
28/05/2009  	25.243467   	28.04840    	27.62932    	14.631571094
29/05/2009  	22.930496   	28.11609    	26.04553    	15.204395115
30/05/2009  	22.674473   	26.83525    	24.64276    	15.164899667
31/05/2009  	24.411383   	27.83175    	26.16928    	15.904871066
01/06/2009  	25.820593   	28.86141    	27.56947    	16.745408237
02/06/2009  	27.931395   	30.39922    	29.50244    	16.211263339
03/06/2009  	29.760895   	31.06025    	30.63572    	15.062451740
04/06/2009  	30.269911   	31.41551    	31.01837    	13.789906045
05/06/2009  	30.736712   	31.42761    	31.24457    	12.899154862
06/06/2009  	29.099510   	31.42290    	30.52068    	13.184390148
07/06/2009  	29.593130   	30.58988    	30.11545    	13.563448012
08/06/2009  	27.347017   	30.25048    	29.17929    	14.800319095
09/06/2009  	25.486053   	30.05927    	28.04952    	15.629984240
10/06/2009  	24.055946   	30.24713    	27.23052    	15.681880474
11/06/2009  	23.642086   	29.05426    	26.31871    	15.404916326
12/06/2009  	24.007521   	29.56960    	26.90697    	15.211679578
13/06/2009  	23.542873   	29.92957    	26.87805    	15.146490971
14/06/2009  	20.309753   	30.05084    	25.67085    	16.188002308
15/06/2009  	19.653151   	29.51763    	24.33170    	16.902966003
16/06/2009  	19.519579   	29.07964    	24.46692    	16.598602235
17/06/2009  	17.270361   	26.76654    	22.70404    	16.599947294
18/06/2009  	16.835411   	29.66055    	24.96088    	17.092171709
19/06/2009  	17.697607   	30.53368    	26.61565    	16.840512156
20/06/2009  	26.986860   	30.33094    	29.25459    	16.126330992
21/06/2009  	21.770502   	29.73263    	27.59878    	15.470915715
22/06/2009  	22.676474   	28.63540    	25.46808    	15.909492691
23/06/2009  	24.011114   	29.15077    	26.86875    	16.783965945
24/06/2009  	27.998659   	31.43006    	29.59818    	17.282191753
25/06/2009  	29.976412   	31.96326    	31.03517    	17.407942116
26/06/2009  	27.043358   	31.97332    	30.54221    	18.555996974
27/06/2009  	25.458082   	31.91897    	28.75351    	19.483352900
28/06/2009  	24.086769   	30.87701    	27.53514    	20.173336387
29/06/2009  	24.705463   	30.46305    	27.62789    	21.137271206
30/06/2009  	25.981613   	31.16512    	29.02041    	21.279129942
01/07/2009  	26.234438   	31.36350    	30.13701    	21.107728362
02/07/2009  	29.236855   	31.84995    	31.21474    	20.939354340
03/07/2009  	26.474043   	31.80672    	31.21302    	21.527458032
04/07/2009  	24.922255   	31.90896    	29.09604    	22.522480448
05/07/2009  	22.924465   	30.90052    	27.67922    	22.513313850
06/07/2009  	21.904528   	31.82483    	28.13494    	21.891244809
07/07/2009  	25.893139   	31.92961    	28.17667    	20.175701737
08/07/2009  	26.767365   	30.72328    	28.71826    	19.411691427
09/07/2009  	27.200487   	31.02471    	29.20000    	17.917392492
10/07/2009  	30.114229   	31.66294    	30.91380    	16.852112174
11/07/2009  	30.838520   	31.62858    	31.30645    	16.660673320
12/07/2009  	27.231836   	31.40043    	30.16785    	17.045999865
13/07/2009  	22.852974   	31.02828    	28.64799    	18.079623222
14/07/2009  	21.582764   	30.79975    	26.52368    	19.109794974
15/07/2009  	20.403946   	30.94768    	26.98537    	19.677994649
16/07/2009  	24.750334   	31.25159    	29.20115    	18.949175000
17/07/2009  	23.091894   	29.66827    	27.49194    	19.196243405
18/07/2009  	24.679684   	26.48601    	25.58671    	18.722271840
19/07/2009  	24.271496   	25.31406    	24.65898    	18.363897443
20/07/2009  	24.025858   	25.55329    	24.89458    	18.318457325
21/07/2009  	24.642897   	25.85959    	25.29317    	18.574774305
22/07/2009  	24.446625   	25.85125    	25.20044    	19.135527293
23/07/2009  	23.390726   	26.14338    	24.99093    	19.028639952
24/07/2009  	23.133165   	26.89325    	25.78306    	18.592729568
25/07/2009  	25.742023   	26.84853    	26.52289    	18.317599972
26/07/2009  	25.137644   	26.97022    	26.18748    	18.065800110
27/07/2009  	23.973042   	27.14445    	25.76286    	18.540117860
28/07/2009  	20.406439   	28.00819    	25.33016    	18.753039201
29/07/2009  	20.100161   	28.01902    	24.44382    	18.798613628
30/07/2009  	26.499079   	28.44477    	27.75664    	18.982195934
31/07/2009  	26.589884   	28.21371    	27.63276    	17.835088571
01/08/2009  	22.877142   	27.70843    	26.08838    	17.639465332
02/08/2009  	23.314444   	27.61086    	25.86944    	18.395756761
03/08/2009  	22.251682   	27.20573    	24.94745    	18.694727341
04/08/2009  	20.589790   	27.26834    	23.89499    	19.251482884
05/08/2009  	19.071144   	26.46745    	23.11043    	20.001131376
06/08/2009  	19.614990   	26.69046    	23.67924    	20.733531753
07/08/2009  	19.568466   	26.45853    	23.36639    	20.974123120
08/08/2009  	20.131222   	26.46801    	23.36271    	20.598087192
09/08/2009  	22.753805   	28.39883    	25.87881    	19.741352042
10/08/2009  	24.745245   	28.85056    	27.25309    	19.958023032
11/08/2009  	23.184990   	28.93664    	26.43659    	20.261472503
12/08/2009  	22.538008   	29.21394    	26.13648    	20.077467879
13/08/2009  	22.187935   	29.31248    	25.80859    	19.514182250
14/08/2009  	21.276699   	29.62076    	25.97328    	19.214608947
15/08/2009  	20.978821   	30.52882    	26.75365    	19.504307111
16/08/2009  	25.811230   	29.91488    	28.22375    	19.488352895
17/08/2009  	25.307077   	30.60882    	28.90645    	19.641982317
18/08/2009  	26.109827   	30.32806    	29.10351    	19.211857279
19/08/2009  	21.303368   	29.86138    	26.20043    	19.414948662
20/08/2009  	20.514879   	28.77120    	24.65413    	19.901914477
21/08/2009  	19.348234   	28.53809    	24.78095    	19.754814068
22/08/2009  	19.524017   	28.13742    	24.60386    	18.930636883
23/08/2009  	19.520596   	26.93226    	23.16365    	18.811917981
24/08/2009  	20.399647   	27.65260    	23.80663    	18.954578598
25/08/2009  	22.123507   	28.61167    	25.02921    	19.857736031
26/08/2009  	21.985603   	29.75418    	26.42589    	19.205412308
27/08/2009  	22.911764   	29.76108    	27.78827    	18.574969927
28/08/2009  	26.372284   	29.36439    	27.33171    	18.290201704
29/08/2009  	26.062380   	26.57514    	26.20223    	16.828749895
30/08/2009  	26.074844   	27.34838    	26.54303    	16.005062203
31/08/2009  	25.935789   	28.13658    	26.77537    	16.995019635
01/09/2009  	24.783243   	27.76313    	26.12444    	17.764587045
02/09/2009  	24.293232   	25.42516    	24.85108    	17.163258394
03/09/2009  	23.631170   	28.79516    	25.80377    	16.953535159
04/09/2009  	28.219955   	29.80460    	29.50109    	16.255502005
05/09/2009  	28.974148   	29.54516    	29.21585    	15.974117657
06/09/2009  	28.889977   	29.19103    	29.06584    	15.605771303
07/09/2009  	28.672911   	29.11746    	28.92017    	15.568173210
08/09/2009  	26.381655   	29.13141    	28.41972    	16.257590512
09/09/2009  	28.315306   	29.05838    	28.78300    	16.890861591
10/09/2009  	27.675982   	28.88964    	28.41103    	16.329738021
11/09/2009  	27.990330   	29.07989    	28.59273    	16.128182252
12/09/2009  	28.701199   	29.50693    	29.14199    	16.458190064
13/09/2009  	29.272024   	29.99503    	29.74933    	16.529339751
14/09/2009  	27.854965   	30.44782    	29.59402    	16.028000414
15/09/2009  	28.674139   	30.34399    	29.79885    	16.104269385
16/09/2009  	28.976782   	30.27431    	29.92105    	16.325487951
17/09/2009  	29.246157   	30.70193    	30.09160    	15.406700432
18/09/2009  	29.877279   	30.86357    	30.41101    	15.427762528
19/09/2009  	30.038548   	30.86293    	30.39817    	15.461134811
20/09/2009  	30.099937   	30.97123    	30.50351    	16.300714513
21/09/2009  	30.409897   	31.14714    	30.79314    	16.036387841
22/09/2009  	30.458778   	31.48348    	31.03503    	16.435933987
23/09/2009  	31.224831   	31.65583    	31.45481    	16.456515829
24/09/2009  	31.167297   	31.64291    	31.35373    	15.745915055
25/09/2009  	31.209114   	31.44145    	31.29345    	15.405783494
26/09/2009  	31.233225   	31.85651    	31.50772    	15.438050032
27/09/2009  	31.285713   	31.85036    	31.57715    	15.507819017
28/09/2009  	31.323843   	32.14699    	31.61687    	16.253932158
29/09/2009  	31.912788   	32.61788    	32.41553    	16.631888072
30/09/2009  	28.987587   	32.54795    	31.82117    	15.999279380
01/10/2009  	31.652906   	32.54311    	32.08296    	14.904151042
02/10/2009  	31.687132   	32.56828    	32.12012    	13.596127609
03/10/2009  	32.119865   	32.94691    	32.55069    	13.716673036
04/10/2009  	29.004066   	32.40345    	30.60520    	13.230782807
05/10/2009  	29.020746   	31.85216    	30.29473    	12.289999564
06/10/2009  	26.543190   	32.05173    	29.90613    	12.576448937
07/10/2009  	26.552877   	32.22590    	29.61614    	13.850932022
08/10/2009  	24.042383   	30.56379    	27.78216    	13.221956392
09/10/2009  	25.045849   	29.99051    	27.70387    	11.811554492
10/10/2009  	21.662956   	29.38914    	25.80803    	11.352633178
11/10/2009  	18.649141   	32.12214    	25.95019    	11.667741418
12/10/2009  	27.983730   	32.48813    	30.48459    	11.523978273
13/10/2009  	28.492598   	32.47082    	30.96587    	10.865004957
14/10/2009  	25.726471   	32.15599    	29.51687    	 9.940405329
15/10/2009  	26.538639   	32.62237    	31.05498    	 9.494426529
16/10/2009  	32.135883   	33.40465    	32.82755    	11.614345551
17/10/2009  	31.991165   	33.35464    	32.67344    	10.556129456
18/10/2009  	32.473267   	33.03530    	32.76963    	 9.872784058
19/10/2009  	31.362495   	33.12802    	32.74744    	10.117563287
20/10/2009  	24.703651   	33.13935    	30.14683    	 8.865768502
21/10/2009  	17.473738   	28.46468    	23.27987    	 7.934688558
22/10/2009  	15.493771   	25.49435    	19.70116    	 7.726680080
23/10/2009  	15.072467   	28.08190    	21.87004    	 8.427169919
24/10/2009  	20.163786   	28.04667    	22.84023    	 9.582143764
25/10/2009  	22.320568   	27.78370    	25.06617    	10.314402461
26/10/2009  	27.803370   	28.16194    	28.03317    	11.028311511
27/10/2009  	27.995083   	28.37672    	28.09755    	11.179963787
28/10/2009  	28.120323   	28.64271    	28.27312    	11.321505010
29/10/2009  	26.229877   	28.56843    	27.80370    	11.622367760
30/10/2009  	25.723101   	28.41061    	26.94472    	11.563893119
31/10/2009  	22.606394   	28.22156    	25.66563    	10.738075594
01/11/2009  	21.130081   	28.20962    	24.07640    	11.097986380
02/11/2009  	22.295540   	26.85748    	25.53067    	11.347482920
03/11/2009  	22.543232   	28.15449    	26.75773    	10.252244969
04/11/2009  	25.898642   	28.05488    	27.73597    	 9.993330101
05/11/2009  	27.209404   	28.30649    	27.84572    	 9.576895436
06/11/2009  	26.952816   	27.96553    	27.65822    	 9.418407381
07/11/2009  	27.147934   	27.97910    	27.78908    	 9.685943564
08/11/2009  	24.695044   	27.99456    	27.28796    	 8.935953995
09/11/2009  	22.306627   	27.86800    	25.50077    	 8.156760395
10/11/2009  	21.945530   	26.98755    	24.92377    	 8.303311249
11/11/2009  	21.745884   	27.74275    	24.60098    	 8.441659371
12/11/2009  	20.267212   	28.05288    	23.77324    	 8.430184225
13/11/2009  	20.055147   	27.22601    	24.58082    	 9.083246807
14/11/2009  	25.013201   	26.95298    	25.83561    	10.312912365
15/11/2009  	25.475504   	27.89512    	27.06486    	10.065962474
16/11/2009  	25.733624   	27.82149    	27.21596    	10.126202186
17/11/2009  	27.220045   	29.31933    	27.96297    	10.181246599
18/11/2009  	26.834248   	30.16606    	28.54076    	10.397028009
19/11/2009  	29.534342   	30.26041    	29.93480    	10.862368405
20/11/2009  	26.000927   	30.28013    	28.29074    	 9.966511130
21/11/2009  	25.983397   	28.95471    	27.46474    	10.481114705
22/11/2009  	24.926933   	28.80511    	26.97653    	10.702401916
23/11/2009  	26.613203   	29.91289    	28.90225    	10.232166131
24/11/2009  	29.564459   	30.16460    	29.75837    	10.237047176
25/11/2009  	27.526632   	30.06033    	29.50220    	10.264982382
26/11/2009  	29.801895   	30.42978    	30.15668    	 9.725090166
27/11/2009  	30.286503   	30.47246    	30.42452    	 9.305448572
28/11/2009  	29.684116   	30.45102    	30.16469    	 8.708986998
29/11/2009  	29.466345   	30.23550    	29.79510    	 8.722749710
30/11/2009  	26.837677   	29.47605    	29.01005    	 8.282504340
01/12/2009  	25.085979   	29.01774    	27.23781    	 7.123770833
02/12/2009  	19.045280   	28.06502    	25.14678    	 6.150896092
03/12/2009  	16.364765   	25.54158    	21.88042    	 6.762778213
04/12/2009  	19.637541   	26.01288    	24.03720    	 7.326925844
05/12/2009  	19.492151   	27.00860    	25.14682    	 6.954259108
06/12/2009  	22.675255   	26.40627    	24.95478    	 7.957633227
07/12/2009  	24.127769   	24.48555    	24.30029    	 7.920894841
08/12/2009  	21.757576   	24.77462    	24.04263    	 7.697395494
09/12/2009  	19.822149   	24.41662    	22.90186    	 7.458666732
10/12/2009  	18.366243   	24.30024    	22.92792    	 7.889843176
11/12/2009  	19.152046   	23.89769    	21.84737    	 7.760437667
12/12/2009  	19.357450   	24.35494    	21.65868    	 6.842827727
13/12/2009  	16.266895   	23.71861    	21.27847    	 5.520536323
14/12/2009  	15.553682   	24.54246    	20.61578    	 4.668751548
15/12/2009  	13.043322   	23.95652    	19.72500    	 3.699047280
16/12/2009  	12.228911   	23.55385    	19.05796    	 3.303038081
17/12/2009  	10.040987   	21.95523    	14.91938    	 3.327219546
18/12/2009  	 7.823175   	22.27098    	15.22137    	 2.659654861
19/12/2009  	11.122815   	24.33215    	19.16710    	 1.557964226
20/12/2009  	12.058733   	23.40110    	17.46823    	 1.468019712
21/12/2009  	16.940250   	19.33374    	18.10256    	 1.765876440
22/12/2009  	15.879385   	20.23965    	18.91865    	 1.558757808
23/12/2009  	19.402802   	21.74433    	20.79188    	 2.090871846
24/12/2009  	15.831278   	21.47906    	19.58537    	 1.743959621
25/12/2009  	14.751912   	23.22956    	19.43814    	 1.987628582
26/12/2009  	20.592972   	23.59821    	22.12443    	 3.262905518
27/12/2009  	20.681860   	23.23870    	22.61423    	 3.678248609
28/12/2009  	20.584324   	23.90163    	22.75441    	 3.723381028
29/12/2009  	18.263885   	22.80576    	20.88121    	 2.803247310
30/12/2009  	17.769672   	22.64153    	20.32908    	 2.248395522
31/12/2009  	17.976223   	24.26972    	21.40952    	 2.115819601
01/01/2010  	18.543795   	24.92429    	22.64571    	 1.935939915
02/01/2010  	16.183781   	23.88296    	20.90295    	 1.506772428
03/01/2010  	16.975832   	24.51008    	20.66142    	 0.985824440
04/01/2010  	15.621492   	24.89170    	20.05914    	 0.993102462
05/01/2010  	14.695820   	25.32815    	20.72206    	 1.836054342
06/01/2010  	13.397676   	25.43462    	19.73607    	 1.859273553
07/01/2010  	11.238534   	24.48162    	17.76689    	 1.391901344
08/01/2010  	10.506489   	23.55420    	18.26321    	 0.877066500
09/01/2010  	14.755120   	25.02020    	22.46058    	 0.544760120
10/01/2010  	23.412895   	27.77969    	26.36991    	 1.202384587
11/01/2010  	20.356220   	27.75156    	26.22455    	 0.991027284
12/01/2010  	12.858794   	26.39819    	21.12001    	 0.260722657
13/01/2010  	 9.024856   	22.10301    	16.59446    	-0.884900620
14/01/2010  	 9.207124   	22.00932    	15.29984    	-0.583297126
15/01/2010  	11.934649   	22.69610    	18.03043    	-0.406229322
16/01/2010  	13.565009   	20.34251    	17.45631    	-0.125399526
17/01/2010  	16.423241   	24.56220    	19.05715    	 0.161690534
18/01/2010  	17.051933   	24.24471    	19.70923    	 0.670265234
19/01/2010  	17.860989   	24.42479    	20.81055    	 1.396787846
20/01/2010  	16.289463   	23.21514    	20.18680    	 0.942684530
21/01/2010  	14.048013   	23.68259    	18.74356    	 0.648546810
22/01/2010  	11.402927   	21.89459    	15.31094    	-0.006743059
23/01/2010  	 8.267632   	22.30189    	13.85976    	 0.130619674
24/01/2010  	 9.660439   	18.76631    	13.70693    	-0.046175241
25/01/2010  	11.439449   	20.49571    	16.80831    	-0.113226956
26/01/2010  	13.823606   	21.73587    	19.33350    	-0.635603550
27/01/2010  	16.632954   	26.22815    	22.41634    	-0.237244049
28/01/2010  	22.942379   	28.58259    	26.83951    	 1.030335351
29/01/2010  	23.104052   	27.61956    	26.05307    	 1.081320119
30/01/2010  	20.852976   	26.72066    	24.36428    	 0.630659558
31/01/2010  	20.085482   	27.90347    	24.57893    	 0.807836014
01/02/2010  	16.555975   	28.59097    	24.31516    	 1.243358667
02/02/2010  	16.712173   	28.73858    	25.95982    	 1.440104234
03/02/2010  	27.896046   	28.65217    	28.33556    	 1.638004797
04/02/2010  	17.423204   	28.42115    	23.12332    	 1.513052322
05/02/2010  	13.056372   	26.23238    	18.44957    	 1.573501334
06/02/2010  	10.568170   	23.11044    	18.16490    	 1.804766255
07/02/2010  	11.745288   	21.36736    	17.41902    	 1.547232419
08/02/2010  	12.273569   	20.84537    	17.87444    	 0.766970680
09/02/2010  	13.927116   	24.56839    	21.30991    	 0.115757441
10/02/2010  	18.515844   	26.24154    	23.24752    	-0.287936526
11/02/2010  	23.110249   	28.74939    	26.36006    	 0.050758059
12/02/2010  	25.104790   	28.86393    	27.48516    	-0.360479479
13/02/2010  	26.667795   	29.61975    	28.28275    	-0.189068357
14/02/2010  	27.092331   	29.38293    	28.41073    	-0.609295174
15/02/2010  	22.981672   	28.38902    	26.23668    	-1.256411381
16/02/2010  	15.626078   	27.65267    	21.19959    	-0.866814173
17/02/2010  	14.732467   	24.15206    	18.29448    	-0.664059801
18/02/2010  	14.619532   	24.90717    	19.55936    	-0.466137052
19/02/2010  	14.870447   	25.05081    	19.38013    	 0.388843286
20/02/2010  	19.866003   	21.98914    	20.17807    	 0.682391749
21/02/2010  	19.780653   	22.12620    	20.78802    	 0.651534076
22/02/2010  	18.447210   	22.19703    	20.37195    	 1.115701602
23/02/2010  	18.533907   	24.15554    	21.17529    	 1.175757052
24/02/2010  	14.871023   	22.32265    	20.05171    	 1.126787382
25/02/2010  	14.810340   	20.33374    	17.93873    	 1.876787079
26/02/2010  	15.341555   	21.49008    	18.47490    	 2.777047028
27/02/2010  	21.555626   	25.49079    	23.89574    	 2.779980972
28/02/2010  	21.505278   	25.07952    	23.85392    	 3.324729294
01/03/2010  	21.641806   	23.90506    	22.45581    	 3.479777932
02/03/2010  	21.803633   	24.23403    	22.72571    	 3.124401699
03/03/2010  	21.098009   	23.91245    	22.42676    	 2.767041236
04/03/2010  	21.184893   	26.80082    	23.17595    	 2.895158000
05/03/2010  	23.949451   	28.12040    	25.33174    	 2.814030856
06/03/2010  	22.612961   	29.06546    	26.76503    	 2.448484736
07/03/2010  	20.987173   	27.89222    	24.75457    	 1.362498744
08/03/2010  	21.156780   	28.06103    	24.92118    	 1.519768930
09/03/2010  	15.516306   	27.65321    	23.68914    	 1.502058587
10/03/2010  	19.314695   	26.08928    	23.62951    	 2.002673735
11/03/2010  	20.423561   	28.37728    	24.88806    	 1.913304366
12/03/2010  	21.634287   	29.21601    	26.00266    	 2.632571598
13/03/2010  	18.109510   	29.36527    	25.10378    	 3.070249980
14/03/2010  	23.636995   	29.79029    	27.31614    	 3.837473437
15/03/2010  	24.646719   	29.76200    	28.28098    	 4.369154130
16/03/2010  	16.643799   	29.03357    	24.64544    	 4.646828075
17/03/2010  	10.993887   	27.70768    	21.27786    	 4.598736465
18/03/2010  	10.590421   	27.55560    	20.68249    	 4.952896307
19/03/2010  	10.419624   	26.97049    	19.90196    	 5.755780498
20/03/2010  	14.324251   	27.58071    	22.81688    	 6.663537900
21/03/2010  	14.235360   	25.47802    	20.65456    	 7.166992744
22/03/2010  	12.296305   	24.56463    	18.59610    	 6.586442540
23/03/2010  	10.584685   	24.78946    	19.48757    	 6.640900115
24/03/2010  	 9.206181   	22.69275    	17.98141    	 6.812932034
25/03/2010  	12.385105   	21.83031    	19.09237    	 7.306663881
26/03/2010  	 8.944128   	21.40430    	17.29167    	 7.755260160
27/03/2010  	 9.721795   	22.01831    	17.12310    	 7.661565711
28/03/2010  	13.556479   	21.68288    	17.56817    	 7.692595929
29/03/2010  	13.614371   	20.98261    	17.57271    	 7.714205186
30/03/2010  	11.718286   	22.73374    	16.23005    	 7.954245627
31/03/2010  	12.912561   	23.38430    	18.29001    	 7.508088162
01/04/2010  	20.791332   	23.85579    	22.67584    	 6.393403163
02/04/2010  	22.607176   	24.33683    	23.83041    	 6.125824600
03/04/2010  	17.094074   	24.23592    	21.19545    	 6.569845974
04/04/2010  	15.050076   	23.40075    	19.40103    	 7.088874956
05/04/2010  	13.839199   	22.52901    	18.10822    	 7.192034125
06/04/2010  	10.514551   	22.67657    	17.86788    	 7.573189636
07/04/2010  	12.265563   	23.05555    	19.69471    	 7.990845660
08/04/2010  	10.943176   	23.35604    	19.06822    	 8.491298775
09/04/2010  	11.949152   	24.06560    	19.31009    	 8.866714656
10/04/2010  	13.474536   	23.96342    	19.41019    	 9.002304812
11/04/2010  	17.760954   	24.71886    	21.55951    	 8.548121750
12/04/2010  	20.725891   	26.15419    	23.16251    	 8.256615768
13/04/2010  	21.670996   	27.27172    	24.71143    	 8.014085084
14/04/2010  	23.371017   	26.96420    	24.96427    	 8.224231035
15/04/2010  	23.819075   	27.73921    	25.56875    	 8.277026683
16/04/2010  	24.832655   	28.51020    	26.72857    	 8.298804045
17/04/2010  	25.496885   	28.74673    	27.20093    	 8.739186188
18/04/2010  	25.157476   	28.64351    	26.94262    	 9.355932703
19/04/2010  	24.223375   	28.46229    	26.89864    	 9.253920545
20/04/2010  	23.847296   	30.37774    	27.26546    	 9.114319523
21/04/2010  	29.732235   	31.02868    	30.54890    	 8.236899734
22/04/2010  	28.838570   	31.13171    	30.71874    	 7.592600127
23/04/2010  	24.402742   	31.09422    	29.50089    	 8.183601062
24/04/2010  	20.347164   	30.26817    	26.40177    	 9.027016620
25/04/2010  	19.118778   	29.55933    	24.53766    	 9.647578875
26/04/2010  	19.014868   	28.93057    	24.40156    	10.431082765
27/04/2010  	18.876554   	27.99222    	24.02663    	10.989700496
28/04/2010  	19.257286   	27.84086    	24.22583    	11.635754347
29/04/2010  	19.511009   	28.92580    	24.88277    	11.998584509
30/04/2010  	18.493935   	29.37318    	25.28810    	12.111467342
01/05/2010  	19.096085   	29.76247    	25.27817    	11.733569344
02/05/2010  	19.717438   	28.51258    	25.36056    	11.131104370
03/05/2010  	28.116810   	31.98782    	30.53610    	 9.917271694
04/05/2010  	30.124037   	32.13705    	31.42847    	 8.971597522
05/05/2010  	28.525095   	32.07326    	31.23375    	 9.309250017
06/05/2010  	29.693779   	31.78770    	31.02020    	 9.263511827
07/05/2010  	29.780834   	31.73149    	30.96823    	 9.195762982
08/05/2010  	26.862673   	31.30708    	29.90714    	 9.324690819
09/05/2010  	25.728279   	31.42516    	30.07544    	 9.805980901
10/05/2010  	29.609137   	31.60852    	30.94455    	 9.731559138
11/05/2010  	30.297417   	31.77355    	31.23079    	 9.394230505
12/05/2010  	31.282740   	32.22068    	31.74693    	 9.248673052
13/05/2010  	31.331923   	32.29291    	31.93929    	 8.872276664
14/05/2010  	29.763048   	32.15263    	31.44076    	 9.504607558
15/05/2010  	28.175938   	32.02378    	30.82376    	10.320534329
16/05/2010  	27.554157   	31.93286    	30.84246    	10.657771627
17/05/2010  	24.716459   	31.78170    	28.84948    	11.077414413
18/05/2010  	25.372561   	31.75494    	28.94448    	11.546915253
19/05/2010  	28.434338   	31.93543    	31.02084    	11.654199382
20/05/2010  	25.876919   	32.06476    	29.87280    	12.568320870
21/05/2010  	26.974886   	32.07406    	29.13116    	13.711718599
22/05/2010  	26.601908   	32.15140    	30.80761    	14.077931941
23/05/2010  	27.758490   	32.60891    	31.03325    	14.801580310
24/05/2010  	23.736322   	32.48179    	30.19557    	15.849832733
25/05/2010  	23.846992   	32.30834    	29.60598    	15.349790156
26/05/2010  	26.785215   	32.69127    	30.95161    	14.130578895
27/05/2010  	28.618622   	32.76258    	31.35337    	13.506821990
28/05/2010  	24.575958   	32.43125    	29.34139    	14.078734716
29/05/2010  	20.837372   	32.27718    	27.30277    	13.859560450
30/05/2010  	18.722891   	31.18907    	26.46210    	14.200007478
31/05/2010  	18.443947   	30.51202    	24.63271    	14.077992976
01/06/2010  	19.927353   	28.40584    	25.05971    	14.288231373
02/06/2010  	24.693237   	29.93900    	27.33009    	14.850218614
03/06/2010  	26.077314   	31.10515    	28.80432    	15.302314361
04/06/2010  	27.053396   	31.62062    	29.46293    	15.867153426
05/06/2010  	25.816427   	31.71192    	29.13973    	16.396249115
06/06/2010  	23.371946   	31.52705    	27.69821    	16.950676938
07/06/2010  	20.785679   	30.65487    	26.97745    	17.180575927
08/06/2010  	20.788235   	29.72477    	25.32375    	17.197977424
09/06/2010  	20.030634   	29.12454    	24.73565    	17.834171017
10/06/2010  	19.388744   	28.00895    	24.28963    	17.992008686
11/06/2010  	19.461546   	28.69664    	24.89241    	18.192443490
12/06/2010  	18.036255   	29.89896    	24.86480    	17.607918620
13/06/2010  	18.786779   	30.03204    	25.15856    	16.625370920
14/06/2010  	19.723162   	30.09789    	25.97210    	16.801689923
15/06/2010  	26.630798   	32.13432    	30.58079    	16.125294387
16/06/2010  	31.127718   	32.40142    	31.95358    	15.913446824
17/06/2010  	31.948090   	32.55845    	32.35767    	16.089016855
18/06/2010  	32.540833   	32.76652    	32.64349    	15.611910641
19/06/2010  	32.686874   	32.91879    	32.77038    	14.796973844
20/06/2010  	32.369362   	32.94759    	32.74986    	13.910808702
21/06/2010  	32.398273   	32.91321    	32.69423    	14.098569532
22/06/2010  	32.487637   	32.84290    	32.67777    	15.126092434
23/06/2010  	32.156895   	32.82668    	32.64092    	16.472048402
24/06/2010  	30.640369   	32.76078    	32.28385    	17.921180248
25/06/2010  	28.966463   	32.80726    	31.63432    	18.480834842
26/06/2010  	29.238121   	33.08121    	31.76150    	19.004925013
27/06/2010  	30.906706   	33.22300    	32.27446    	18.503771822
28/06/2010  	30.155188   	33.13931    	32.24190    	19.607159177
29/06/2010  	28.860435   	33.13982    	31.89119    	20.240202705
30/06/2010  	28.823093   	33.12967    	31.13402    	20.364591161
01/07/2010  	28.480125   	32.93197    	30.80188    	20.044467290
02/07/2010  	27.413275   	33.01216    	30.06077    	20.721003413
03/07/2010  	26.349274   	32.48563    	29.47261    	21.470821023
04/07/2010  	25.164986   	32.24658    	28.99035    	21.449306846
05/07/2010  	24.609222   	32.83421    	28.81095    	21.303039630
06/07/2010  	24.335577   	32.16298    	28.31473    	20.659315467
07/07/2010  	23.821404   	31.75739    	28.26362    	19.393729726
08/07/2010  	22.875547   	31.85889    	28.81761    	19.615314484
09/07/2010  	22.533545   	30.93773    	27.04948    	20.474225005
10/07/2010  	22.658707   	30.78215    	27.47867    	21.807843407
11/07/2010  	22.935783   	30.30511    	27.47832    	22.502718925
12/07/2010  	23.472837   	29.97561    	27.95662    	22.165743033
13/07/2010  	24.803003   	30.10722    	27.72782    	21.168874184
14/07/2010  	24.990339   	29.90152    	27.15563    	21.407344540
15/07/2010  	24.237972   	31.14037    	28.16592    	20.511669159
16/07/2010  	26.932863   	30.52467    	29.07319    	18.603241205
17/07/2010  	23.982748   	30.19788    	28.92609    	18.557720542
18/07/2010  	26.668659   	30.09046    	29.37507    	18.387618899
19/07/2010  	23.988317   	29.84814    	28.33698    	18.827959538
20/07/2010  	23.419853   	29.59863    	27.23083    	19.742021521
21/07/2010  	23.110014   	29.45757    	26.59039    	20.268822710
22/07/2010  	22.671600   	29.74311    	27.05356    	20.311394374
23/07/2010  	22.452778   	29.33110    	26.00140    	20.359594385
24/07/2010  	22.484854   	28.67490    	25.93907    	19.726479014
25/07/2010  	22.859297   	29.19915    	26.81502    	19.324792504
26/07/2010  	23.251724   	29.46944    	26.87800    	19.410795331
27/07/2010  	25.084562   	30.31316    	27.63192    	19.278347373
28/07/2010  	24.443531   	30.52703    	27.39519    	19.819443822
29/07/2010  	25.129866   	31.23522    	27.87000    	19.345458825
30/07/2010  	26.223324   	31.72828    	29.65666    	18.621287902
31/07/2010  	21.720251   	31.74434    	27.83143    	18.997980992
01/08/2010  	19.060297   	30.83545    	25.91105    	19.519747655
02/08/2010  	18.746893   	29.22771    	24.80477    	20.067803303
03/08/2010  	18.338970   	29.16006    	24.01841    	20.061425010
04/08/2010  	18.362637   	29.34544    	24.75061    	19.578991055
05/08/2010  	20.106718   	28.19959    	24.42315    	18.849911491
06/08/2010  	20.078279   	27.47018    	24.53014    	18.572305918
07/08/2010  	17.571671   	26.74344    	23.11307    	19.236822208
08/08/2010  	17.311874   	26.85296    	22.00768    	19.243472179
09/08/2010  	17.356585   	26.26597    	22.52542    	19.346686482
10/08/2010  	17.724064   	27.64196    	22.67591    	19.403758168
11/08/2010  	18.563375   	26.93885    	22.89862    	19.292384505
12/08/2010  	17.422602   	26.49210    	22.24599    	19.063128114
13/08/2010  	16.468006   	27.22255    	21.76506    	18.811454972
14/08/2010  	15.868798   	25.19534    	20.57276    	19.169809858
15/08/2010  	18.657097   	30.45862    	26.14023    	19.101724505
16/08/2010  	24.470694   	30.73062    	28.44061    	19.218787750
17/08/2010  	22.876089   	29.87541    	27.32250    	19.445126216
18/08/2010  	25.453882   	30.70950    	29.57820    	18.657446106
19/08/2010  	22.550236   	30.79916    	28.59021    	17.731512507
20/08/2010  	22.177988   	30.16078    	27.24194    	17.641341488
21/08/2010  	23.585386   	29.88962    	26.78823    	18.612931410
22/08/2010  	22.299406   	25.21342    	23.51584    	19.169930498
23/08/2010  	20.811243   	24.81782    	22.17654    	19.210031192
24/08/2010  	21.652332   	23.55132    	22.62806    	17.871955156
25/08/2010  	23.469816   	24.85524    	24.22362    	16.615536332
26/08/2010  	20.564024   	24.65223    	23.17003    	15.920542101
27/08/2010  	21.249382   	26.35659    	24.08366    	16.473811130
28/08/2010  	24.806435   	27.29476    	26.01480    	16.002507726
29/08/2010  	24.411745   	27.95365    	26.40979    	15.955057184
30/08/2010  	23.196012   	28.87394    	25.99822    	15.465487798
31/08/2010  	24.590006   	28.65484    	26.29507    	15.130373637
01/09/2010  	22.764524   	27.08856    	25.61396    	14.982083480
02/09/2010  	21.342928   	26.96752    	24.21743    	15.137022456
03/09/2010  	19.530169   	26.56578    	23.09856    	15.511618733
04/09/2010  	17.163668   	24.60233    	21.93349    	15.788833916
05/09/2010  	12.344587   	24.95175    	19.33968    	15.820955575
06/09/2010  	 9.973609   	22.97734    	16.51462    	15.325696667
07/09/2010  	 8.334112   	21.43188    	14.95436    	14.084885836
08/09/2010  	 8.322723   	20.56851    	14.82648    	14.242057840
09/09/2010  	10.162402   	23.86116    	17.09866    	15.408807894
10/09/2010  	11.627504   	23.56068    	18.34741    	15.916393220
11/09/2010  	14.327170   	25.62909    	19.44267    	16.317882836
12/09/2010  	14.129389   	22.61992    	18.25879    	16.824175278
13/09/2010  	14.645471   	24.09245    	18.90597    	16.317022463
14/09/2010  	16.876793   	25.40586    	20.90933    	16.421494067
15/09/2010  	20.143682   	24.81342    	22.24517    	15.562117279
16/09/2010  	23.780262   	26.71580    	24.68076    	14.031429946
17/09/2010  	23.917231   	26.97313    	25.41025    	13.642427842
18/09/2010  	25.544792   	26.75471    	26.04725    	13.307993531
19/09/2010  	25.906858   	29.90491    	27.52435    	12.794484317
20/09/2010  	21.556116   	28.94982    	25.49911    	13.956938545
21/09/2010  	19.762791   	23.63670    	21.66849    	14.793956717
22/09/2010  	13.604156   	22.90025    	19.45216    	14.939453383
23/09/2010  	12.199595   	23.24551    	18.26045    	15.181098282
24/09/2010  	10.869497   	22.69585    	17.96453    	15.373197953
25/09/2010  	19.336489   	26.42422    	22.93516    	13.665533861
26/09/2010  	12.871301   	23.03379    	18.51309    	13.439403971
27/09/2010  	12.177051   	22.04522    	17.95802    	13.722562929
28/09/2010  	12.376051   	21.42589    	17.57296    	14.019949893
29/09/2010  	 9.980999   	21.03299    	15.99394    	13.330033263
30/09/2010  	 6.630117   	19.52177    	13.36017    	12.390346428
01/10/2010  	 6.853698   	16.26694    	11.66182    	12.870043178
02/10/2010  	10.110432   	15.52470    	13.20506    	13.440943360
03/10/2010  	13.725132   	18.68863    	16.43965    	14.709445218
04/10/2010  	15.277282   	20.06390    	17.70261    	15.357844134
05/10/2010  	14.751503   	21.52177    	17.84789    	15.623174429
06/10/2010  	14.714557   	21.98760    	18.58738    	15.771640778
07/10/2010  	14.555158   	19.89219    	17.61396    	15.563098947
08/10/2010  	14.230894   	19.49838    	16.73386    	15.383693834
09/10/2010  	14.826895   	21.05597    	17.96465    	14.495641331
10/10/2010  	14.039074   	22.13034    	18.25380    	13.120818814
11/10/2010  	17.863901   	23.30268    	21.38258    	12.249819239
12/10/2010  	20.680920   	24.67705    	22.78271    	12.241363625
13/10/2010  	22.142570   	25.72780    	23.83271    	12.408936461
14/10/2010  	22.619484   	26.67469    	24.49429    	12.248940428
15/10/2010  	24.826689   	27.85114    	26.39281    	12.568400621
16/10/2010  	24.629673   	28.91836    	27.37404    	11.764898002
17/10/2010  	22.782831   	29.04187    	26.43380    	 9.747945368
18/10/2010  	21.613192   	29.23886    	27.30904    	 9.950960418
19/10/2010  	24.076538   	29.10241    	27.47653    	10.007284641
20/10/2010  	23.214521   	29.15134    	26.99956    	 9.524842521
21/10/2010  	23.821869   	30.20515    	28.19358    	 9.030460934
22/10/2010  	26.666981   	30.78431    	29.80159    	 8.705470820
23/10/2010  	20.807428   	29.60120    	24.18287    	 9.359278083
24/10/2010  	21.829462   	26.47139    	23.74470    	 8.826224029
25/10/2010  	22.838573   	29.21729    	25.89458    	 8.218671908
26/10/2010  	25.267994   	29.95529    	27.75082    	 8.219273130
27/10/2010  	21.263668   	29.79285    	24.90533    	 8.595183621
28/10/2010  	21.495092   	22.66652    	22.05620    	 9.679443796
29/10/2010  	20.322605   	22.92587    	21.55879    	 9.738091429
30/10/2010  	18.966217   	21.53955    	20.00117    	 9.885922730
31/10/2010  	16.465914   	21.36614    	18.57160    	 9.836810927
01/11/2010  	14.254283   	22.71583    	18.41317    	 9.896178524
02/11/2010  	14.296593   	22.70638    	18.77754    	10.004026949
03/11/2010  	18.978424   	23.08855    	21.15860    	10.650986294
04/11/2010  	22.682352   	27.03018    	24.73410    	11.519781192
05/11/2010  	23.716856   	26.85995    	25.86022    	12.376553774
06/11/2010  	24.355368   	26.45224    	25.55738    	11.683018426
07/11/2010  	22.929144   	25.82327    	24.59499    	 9.996129851
08/11/2010  	17.743214   	24.44941    	21.48124    	 8.327189674
09/11/2010  	18.791903   	24.57837    	22.52214    	 7.504402012
10/11/2010  	21.515783   	25.95480    	24.02096    	 7.350480298
11/11/2010  	17.803301   	26.74475    	22.51556    	 7.073726147
12/11/2010  	22.395023   	30.53346    	25.75531    	 8.831800679
13/11/2010  	24.770412   	30.07058    	26.91395    	 9.000492593
14/11/2010  	23.400337   	29.91024    	26.65673    	 8.902777970
15/11/2010  	25.082716   	29.39768    	27.45575    	 8.655162940
16/11/2010  	19.433458   	28.78658    	25.21561    	 7.921341230
17/11/2010  	15.440752   	27.23476    	20.74020    	 6.815401336
18/11/2010  	10.067196   	24.09712    	18.40241    	 6.227483551
19/11/2010  	10.133617   	21.40497    	17.45653    	 6.365020464
20/11/2010  	11.267801   	22.28702    	18.50150    	 6.674216608
21/11/2010  	11.636993   	22.65062    	18.19763    	 6.653326829
22/11/2010  	14.684185   	24.70087    	21.24843    	 6.147640268
23/11/2010  	23.645542   	28.98710    	26.45401    	 6.375198931
24/11/2010  	25.810598   	28.26451    	27.11105    	 5.316507479
25/11/2010  	21.641977   	27.40011    	24.35875    	 4.576463511
26/11/2010  	17.042219   	26.39716    	21.61306    	 3.962119699
27/11/2010  	13.459485   	25.12361    	19.25850    	 3.645193775
28/11/2010  	11.092348   	24.37292    	17.19971    	 2.775846663
29/11/2010  	13.759994   	23.57335    	19.43701    	 1.989373167
30/11/2010  	15.724573   	26.49919    	22.85247    	 1.055829904
01/12/2010  	22.879141   	28.85669    	26.79098    	-0.083801791
02/12/2010  	25.063709   	28.96051    	27.92574    	-1.077652384
03/12/2010  	23.492630   	28.88503    	27.75690    	-0.773900443
04/12/2010  	19.906557   	29.63978    	23.32663    	 0.447296163
05/12/2010  	19.407429   	23.11377    	21.86826    	 1.679617667
06/12/2010  	21.222948   	23.69822    	22.30830    	 1.969369364
07/12/2010  	20.489500   	25.01476    	22.48376    	 1.281374598
08/12/2010  	20.761360   	27.39683    	23.05382    	 0.542544790
09/12/2010  	24.743284   	29.64247    	27.97436    	 1.712868908
10/12/2010  	27.694464   	29.77907    	28.79356    	 2.343255214
11/12/2010  	28.542219   	30.76587    	29.61247    	 3.929265082
12/12/2010  	26.748869   	30.69605    	28.59363    	 3.455613956
13/12/2010  	26.647636   	30.10365    	28.00867    	 2.411559803
14/12/2010  	28.104847   	30.44435    	29.13147    	 2.236589109
15/12/2010  	29.822348   	30.58264    	30.31280    	 2.958668185
16/12/2010  	30.186359   	30.63925    	30.50685    	 3.359231651
17/12/2010  	22.330002   	30.60970    	29.42607    	 2.567023898
18/12/2010  	15.887390   	29.33613    	23.47213    	 1.203209610
19/12/2010  	14.001714   	24.70207    	19.73702    	-0.220869655
20/12/2010  	14.441120   	26.37883    	22.75067    	-0.314418322
21/12/2010  	15.365080   	25.88803    	21.73331    	-0.571759112
22/12/2010  	17.485184   	26.26307    	22.60927    	-0.947398645
23/12/2010  	25.573328   	30.09529    	28.38221    	 0.141030147
24/12/2010  	28.696419   	30.76994    	30.24215    	 0.424421044
25/12/2010  	30.165138   	30.77324    	30.56523    	-0.146628887
26/12/2010  	30.256939   	30.76261    	30.53394    	-0.094550589
27/12/2010  	25.653076   	30.81613    	29.75239    	 0.512308118
28/12/2010  	20.521366   	31.00527    	25.71186    	 0.338595812
29/12/2010  	16.958918   	28.70319    	22.44460    	-0.127965212
30/12/2010  	15.979861   	28.02580    	23.00882    	 0.015798196
31/12/2010  	16.631536   	27.74117    	23.22179    	 0.576699084
