date	smin	smax	smean	tmean
01/01/2009 	25.533411  	29.20151   	27.121044  	 1.76406466
02/01/2009 	24.430294  	27.71160   	25.345796  	 1.16349793
03/01/2009 	23.846188  	26.72675   	25.249610  	 1.18925515
04/01/2009 	22.316877  	26.46739   	23.968603  	 1.44492597
05/01/2009 	21.369787  	27.17797   	24.069376  	 1.35698434
06/01/2009 	25.012518  	28.86685   	26.402407  	 0.80736084
07/01/2009 	22.719898  	27.95780   	24.822488  	 0.28103399
08/01/2009 	22.368456  	26.52786   	24.561810  	 0.34198623
09/01/2009 	18.829966  	24.89611   	22.862588  	 0.25907002
10/01/2009 	20.099718  	24.65202   	22.850789  	-0.06127998
11/01/2009 	15.700754  	22.26084   	18.293810  	-0.43257533
12/01/2009 	15.459536  	22.37111   	18.035145  	 0.42194659
13/01/2009 	16.149061  	23.26156   	19.960258  	 1.42665065
14/01/2009 	16.861467  	22.77558   	18.977661  	 1.74613434
15/01/2009 	16.902704  	20.87120   	18.033867  	 1.55789635
16/01/2009 	14.067576  	20.07389   	17.293620  	 1.32932241
17/01/2009 	10.228891  	19.66961   	13.590282  	 1.37784218
18/01/2009 	 9.280978  	21.42229   	16.706527  	 2.38989603
19/01/2009 	15.266246  	23.36389   	21.563316  	 2.53899301
20/01/2009 	21.556341  	23.40934   	22.929374  	 2.93180098
21/01/2009 	21.156136  	23.16512   	22.497406  	 2.70575498
22/01/2009 	11.776546  	22.25105   	17.213968  	 2.11347043
23/01/2009 	11.459278  	22.93348   	17.847784  	 2.66027075
24/01/2009 	17.767599  	25.04165   	22.300997  	 3.07431947
25/01/2009 	15.757736  	24.72916   	20.998743  	 2.86625956
26/01/2009 	18.612125  	22.71015   	20.070385  	 2.34342517
27/01/2009 	18.639891  	21.30012   	19.850503  	 1.70064364
28/01/2009 	18.343904  	22.13932   	20.262160  	 1.22264177
29/01/2009 	19.075912  	23.46082   	20.837550  	 0.90805278
30/01/2009 	19.785786  	24.10162   	21.253339  	 0.53212885
31/01/2009 	21.152487  	25.18089   	22.625041  	 0.26482772
01/02/2009 	22.247791  	25.63330   	24.089728  	 0.12171713
02/02/2009 	23.849018  	27.04147   	25.221637  	 0.12395248
03/02/2009 	23.924976  	27.02197   	25.290752  	 0.31319918
04/02/2009 	22.761497  	25.73938   	24.529734  	 0.36071460
05/02/2009 	22.641577  	26.01608   	24.601700  	 0.54813127
06/02/2009 	20.861258  	25.20486   	23.175044  	 0.93378800
07/02/2009 	20.324560  	23.72398   	22.754565  	 1.20781196
08/02/2009 	17.489336  	23.39721   	21.345684  	 1.20706597
09/02/2009 	15.402534  	23.24389   	19.300152  	 1.28108487
10/02/2009 	18.017162  	26.90139   	22.929813  	 1.49606916
11/02/2009 	20.915285  	26.00674   	23.028701  	 1.64546556
12/02/2009 	20.551418  	23.95110   	22.105817  	 1.71198543
13/02/2009 	20.470545  	24.26780   	22.155947  	 1.80585334
14/02/2009 	21.044151  	25.09052   	22.852021  	 1.53556044
15/02/2009 	17.927973  	24.70742   	21.140075  	 1.70778165
16/02/2009 	17.173988  	19.25760   	18.204558  	 2.29297346
17/02/2009 	13.703482  	18.78965   	16.459658  	 2.89175082
18/02/2009 	11.997904  	20.63909   	17.910322  	 2.72482317
19/02/2009 	11.602878  	17.83053   	15.604614  	 2.53679467
20/02/2009 	10.029587  	15.31368   	12.715196  	 2.91128155
21/02/2009 	 9.685499  	14.70556   	12.244307  	 3.13863340
22/02/2009 	 8.374618  	13.81551   	10.613154  	 3.49490043
23/02/2009 	 9.230001  	13.73529   	11.655888  	 3.97573160
24/02/2009 	10.692500  	15.31801   	13.456213  	 4.07248025
25/02/2009 	 7.203610  	15.45613   	11.492245  	 4.24902638
26/02/2009 	 6.724459  	18.28992   	10.584661  	 4.56786869
27/02/2009 	 5.800060  	16.73066   	10.515368  	 4.91513404
28/02/2009 	 9.176252  	13.63413   	11.357321  	 5.20011075
01/03/2009 	11.950553  	19.45132   	15.303471  	 5.05117480
02/03/2009 	11.426782  	17.98953   	15.062843  	 5.16364332
03/03/2009 	 8.851850  	15.70412   	11.653424  	 5.05267166
04/03/2009 	 6.985277  	10.87530   	 9.223630  	 4.68864177
05/03/2009 	 8.812110  	15.46369   	10.867252  	 4.81003927
06/03/2009 	10.365842  	18.15819   	14.506923  	 4.91373927
07/03/2009 	11.641210  	16.30161   	14.225975  	 4.63322130
08/03/2009 	 8.714388  	12.97620   	11.175538  	 5.12016287
09/03/2009 	 9.100675  	19.52880   	15.273503  	 5.01720616
10/03/2009 	10.310980  	18.78067   	15.337417  	 4.98443429
11/03/2009 	 9.744080  	16.72921   	13.687757  	 4.96767592
12/03/2009 	11.774941  	15.59740   	13.328579  	 5.22804631
13/03/2009 	12.166409  	15.48519   	13.600643  	 5.49074785
14/03/2009 	11.494414  	14.97274   	12.912652  	 5.72265779
15/03/2009 	 8.831602  	13.72821   	11.349589  	 5.99754301
16/03/2009 	10.618563  	13.94873   	12.317340  	 6.16740358
17/03/2009 	 9.706944  	15.26036   	12.926920  	 6.44444321
18/03/2009 	11.722873  	15.62146   	14.010873  	 6.37368113
19/03/2009 	11.777092  	16.00337   	14.195670  	 6.35899286
20/03/2009 	11.651022  	17.50033   	14.738206  	 6.26053200
21/03/2009 	12.160159  	18.53986   	14.920205  	 6.44387510
22/03/2009 	 8.790683  	18.73679   	14.726661  	 6.66511278
23/03/2009 	 7.312566  	25.65489   	14.541884  	 6.84915304
24/03/2009 	10.079394  	23.37864   	15.568698  	 6.60256154
25/03/2009 	10.519005  	15.99121   	13.246514  	 6.44716308
26/03/2009 	 6.968533  	15.37614   	11.743838  	 6.58936415
27/03/2009 	 7.323667  	24.32586   	14.006370  	 6.38804287
28/03/2009 	 8.225841  	21.22521   	14.493585  	 6.30273405
29/03/2009 	11.106367  	16.51940   	13.368227  	 6.35723368
30/03/2009 	11.750045  	14.61369   	12.842576  	 6.07231935
31/03/2009 	11.604610  	16.20970   	13.265200  	 6.33045264
01/04/2009 	11.329243  	15.90969   	13.699125  	 6.74256884
02/04/2009 	13.554074  	20.10386   	16.392860  	 7.33968061
03/04/2009 	13.704763  	21.07782   	17.287197  	 7.96047154
04/04/2009 	10.167167  	18.35800   	14.714922  	 8.38011911
05/04/2009 	 9.633032  	17.42479   	13.590236  	 8.87720988
06/04/2009 	13.503163  	19.86184   	15.668862  	 8.97374964
07/04/2009 	12.838239  	19.76955   	16.025427  	 9.45023656
08/04/2009 	11.219488  	17.23068   	13.736385  	 9.19695103
09/04/2009 	12.865442  	14.71410   	13.872554  	 9.15536149
10/04/2009 	13.618539  	19.07497   	15.469936  	 9.80463413
11/04/2009 	14.710011  	18.31486   	16.613996  	10.49972576
12/04/2009 	16.046482  	18.71184   	17.566114  	10.80657663
13/04/2009 	16.629017  	19.48688   	18.031137  	10.85642906
14/04/2009 	16.816481  	20.12406   	18.376827  	10.89115820
15/04/2009 	17.436369  	20.84747   	19.559108  	11.16884381
16/04/2009 	16.719938  	21.82389   	19.570385  	11.59269840
17/04/2009 	16.121099  	24.54449   	20.549686  	11.42328564
18/04/2009 	20.972582  	23.54215   	22.310584  	11.02122571
19/04/2009 	21.252136  	22.80701   	21.906048  	11.00747615
20/04/2009 	21.344351  	24.04650   	22.282996  	11.83636173
21/04/2009 	21.614264  	24.97917   	22.983815  	12.40329842
22/04/2009 	21.858192  	26.77641   	24.351922  	12.19877607
23/04/2009 	22.024250  	26.58736   	23.913607  	12.19900674
24/04/2009 	23.043524  	27.84689   	24.776873  	12.42216869
25/04/2009 	24.102797  	28.29860   	25.368357  	12.49094995
26/04/2009 	24.645767  	27.56452   	25.526026  	12.86552219
27/04/2009 	23.662252  	26.20513   	25.068539  	13.00902069
28/04/2009 	22.667551  	26.33595   	24.454603  	12.83866195
29/04/2009 	22.935833  	25.51414   	24.579041  	12.74896189
30/04/2009 	23.730400  	26.76862   	25.230688  	12.92450011
01/05/2009 	24.530380  	28.45727   	25.964374  	13.59052142
02/05/2009 	24.258764  	27.84718   	26.023016  	13.93339199
03/05/2009 	22.233124  	26.75829   	24.917946  	13.74516604
04/05/2009 	21.407988  	25.88947   	23.892208  	12.58376642
05/05/2009 	20.879887  	26.39208   	23.102211  	11.74186983
06/05/2009 	20.556751  	26.05384   	22.697349  	12.07387227
07/05/2009 	21.388855  	25.37494   	23.392995  	12.63440188
08/05/2009 	20.840174  	24.99139   	22.709361  	12.71193471
09/05/2009 	20.047812  	22.41278   	21.567006  	12.58250316
10/05/2009 	20.155676  	25.50781   	21.539173  	12.96484741
11/05/2009 	21.262774  	28.20918   	24.175419  	12.94744913
12/05/2009 	23.259768  	28.93649   	25.987514  	12.67977583
13/05/2009 	25.257355  	29.63333   	27.439263  	12.66384486
14/05/2009 	26.711998  	29.01681   	27.741431  	12.74088196
15/05/2009 	24.816639  	28.87070   	27.066281  	12.75514148
16/05/2009 	19.762770  	25.66471   	22.678222  	12.99900119
17/05/2009 	19.563541  	22.40543   	20.949550  	13.53010446
18/05/2009 	18.888117  	23.00024   	21.118445  	13.64153967
19/05/2009 	18.909609  	22.78900   	20.629362  	13.68297241
20/05/2009 	18.897411  	20.66901   	19.713262  	14.03510237
21/05/2009 	19.117657  	21.84525   	20.208369  	14.59909070
22/05/2009 	19.141251  	22.18989   	20.680235  	14.97199365
23/05/2009 	19.547756  	23.18720   	21.285643  	15.60355729
24/05/2009 	20.861130  	24.67213   	22.546071  	16.09592885
25/05/2009 	21.881979  	26.78100   	23.655468  	16.52543682
26/05/2009 	20.722069  	24.50558   	22.707066  	17.10941947
27/05/2009 	20.259144  	24.62253   	21.577716  	15.68691935
28/05/2009 	19.012331  	25.19108   	21.846092  	15.13002789
29/05/2009 	18.809753  	22.82802   	20.360497  	15.59683293
30/05/2009 	20.509640  	25.34812   	22.591762  	16.14737393
31/05/2009 	22.688608  	27.03567   	24.773061  	16.57801710
01/06/2009 	23.890228  	28.36629   	25.827983  	17.20571419
02/06/2009 	24.563408  	28.93530   	27.213686  	16.80709364
03/06/2009 	24.831005  	30.23425   	28.338912  	15.73674707
04/06/2009 	24.756510  	29.70672   	27.900577  	14.00641038
05/06/2009 	24.515820  	29.69266   	27.173316  	13.64700389
06/06/2009 	24.979858  	30.15863   	27.526485  	13.60479699
07/06/2009 	26.690596  	30.23699   	28.680333  	13.54976070
08/06/2009 	26.900749  	29.26985   	28.025552  	14.55454634
09/06/2009 	25.217640  	28.18762   	26.958901  	15.30334779
10/06/2009 	22.839220  	25.96443   	24.484841  	15.57575327
11/06/2009 	24.570765  	27.69991   	26.011391  	15.62775413
12/06/2009 	24.709387  	27.71368   	26.378986  	15.49448077
13/06/2009 	23.827532  	27.51832   	25.664906  	15.47932376
14/06/2009 	21.380350  	25.59756   	24.204212  	16.15113157
15/06/2009 	21.121746  	24.65333   	22.732392  	16.73064490
16/06/2009 	19.259535  	26.34481   	23.729092  	17.02937822
17/06/2009 	21.727911  	26.23879   	24.103636  	17.07477025
18/06/2009 	15.996515  	24.03710   	20.985345  	17.11644097
19/06/2009 	17.141127  	21.36987   	18.925484  	17.02868076
20/06/2009 	16.473066  	21.29189   	18.450104  	16.53914471
21/06/2009 	16.747835  	23.36207   	19.415697  	16.60079378
22/06/2009 	19.681747  	26.76025   	22.618788  	16.75797629
23/06/2009 	22.803482  	30.36570   	25.083252  	17.10597507
24/06/2009 	25.361448  	30.67842   	27.748694  	17.47248189
25/06/2009 	27.098213  	31.31073   	29.073361  	17.85672208
26/06/2009 	27.922722  	31.14433   	29.454563  	18.70949427
27/06/2009 	27.412481  	31.09320   	28.846503  	19.41737894
28/06/2009 	27.411026  	30.98005   	29.003939  	20.03393165
29/06/2009 	27.633318  	30.50330   	28.999355  	21.06196392
30/06/2009 	27.895153  	30.82936   	29.491595  	21.56514064
01/07/2009 	27.901766  	30.95819   	29.834827  	21.77604310
02/07/2009 	28.136652  	31.16321   	30.053685  	22.03409394
03/07/2009 	28.653431  	31.38381   	30.096892  	22.55861441
04/07/2009 	26.578348  	29.24185   	28.415899  	23.16465346
05/07/2009 	26.866222  	29.41111   	28.077128  	23.10858111
06/07/2009 	19.957277  	27.89491   	24.047858  	22.47328810
07/07/2009 	19.590088  	23.00912   	21.694150  	20.85657056
08/07/2009 	18.963736  	24.65918   	22.319034  	19.80533600
09/07/2009 	19.059660  	27.70248   	23.293177  	17.58134458
10/07/2009 	19.100952  	30.71358   	25.355764  	16.39104094
11/07/2009 	19.902760  	29.23959   	24.674045  	16.14321117
12/07/2009 	20.322878  	26.19860   	22.473203  	16.73363884
13/07/2009 	19.678482  	23.32976   	21.268349  	17.56026455
14/07/2009 	18.964470  	21.26241   	20.449576  	18.63319774
15/07/2009 	17.405926  	22.25485   	19.807190  	19.58000286
16/07/2009 	17.946808  	22.97350   	20.449595  	19.42551243
17/07/2009 	18.773817  	23.83891   	20.944631  	19.51775308
18/07/2009 	19.453581  	23.59335   	22.181937  	18.83372470
19/07/2009 	19.376078  	23.84012   	22.710263  	18.55112243
20/07/2009 	21.199711  	23.57939   	22.815432  	18.35931981
21/07/2009 	20.194439  	23.98165   	22.299028  	18.57518188
22/07/2009 	21.123219  	24.12066   	22.604206  	19.12517818
23/07/2009 	20.961285  	23.97083   	22.813720  	19.10581958
24/07/2009 	21.977085  	23.74015   	22.974190  	18.85103051
25/07/2009 	21.143509  	23.74484   	22.827256  	18.26205178
26/07/2009 	19.796103  	23.34797   	22.052771  	18.13681042
27/07/2009 	20.571466  	23.79577   	21.927432  	18.59567924
28/07/2009 	20.117332  	22.26853   	21.133962  	18.52062519
29/07/2009 	20.241531  	23.41513   	21.792936  	18.85530663
30/07/2009 	17.733240  	21.61107   	20.264992  	18.89886614
31/07/2009 	17.640266  	23.53592   	20.678173  	18.14632293
01/08/2009 	18.876255  	22.31630   	20.477062  	18.26310674
02/08/2009 	19.480768  	21.57584   	20.528940  	18.74572055
03/08/2009 	19.314236  	21.74950   	20.511381  	18.89233696
04/08/2009 	19.344048  	22.35383   	20.740186  	19.24680944
05/08/2009 	19.960489  	24.18243   	21.538141  	19.77500494
06/08/2009 	21.001328  	24.44319   	22.831646  	20.40026156
07/08/2009 	22.004467  	24.55423   	23.564027  	20.70516924
08/08/2009 	22.828709  	26.29777   	24.234336  	20.64948408
09/08/2009 	23.261011  	27.77102   	25.110755  	20.59933829
10/08/2009 	23.873217  	27.22609   	25.380787  	20.83364646
11/08/2009 	23.656694  	25.71084   	24.665532  	20.64505565
12/08/2009 	23.014183  	25.78743   	24.369283  	20.02884197
13/08/2009 	22.726118  	25.43740   	24.248015  	19.72415356
14/08/2009 	23.396757  	25.59389   	24.416239  	19.76106779
15/08/2009 	20.293993  	23.77196   	22.172131  	19.46933782
16/08/2009 	19.968819  	21.24514   	20.836526  	20.22212970
17/08/2009 	20.008612  	22.60155   	21.183312  	20.09360937
18/08/2009 	19.735929  	23.33035   	21.228872  	19.58474704
19/08/2009 	20.773361  	26.44063   	21.968151  	19.64973613
20/08/2009 	21.535242  	25.00347   	22.685020  	19.95837859
21/08/2009 	19.264015  	22.23850   	20.545240  	20.07902098
22/08/2009 	19.480968  	25.14136   	20.883080  	19.41141009
23/08/2009 	21.510359  	26.18317   	23.546242  	19.52584604
24/08/2009 	22.980633  	27.06314   	24.704816  	19.62570767
25/08/2009 	22.756147  	26.00883   	24.411435  	19.78546747
26/08/2009 	21.698601  	24.54443   	23.018578  	19.07195532
27/08/2009 	20.669455  	23.69310   	22.581737  	19.39308393
28/08/2009 	20.931057  	25.79933   	24.138803  	18.87089062
29/08/2009 	24.135649  	26.74530   	25.652997  	17.13700263
30/08/2009 	24.295498  	26.38791   	25.644182  	16.47785115
31/08/2009 	25.236717  	26.40921   	25.975839  	16.58538924
01/09/2009 	23.463879  	26.05044   	24.703316  	17.16066579
02/09/2009 	22.864813  	25.16767   	24.304986  	17.15524173
03/09/2009 	20.996084  	26.40961   	23.827693  	16.93506785
04/09/2009 	23.619728  	29.79704   	26.843726  	16.28020289
05/09/2009 	24.759264  	29.17184   	27.809831  	15.98656448
06/09/2009 	23.477720  	29.16626   	26.964252  	15.53131916
07/09/2009 	24.371151  	28.97820   	26.403761  	15.48924824
08/09/2009 	24.638552  	27.96730   	26.148643  	15.96663167
09/09/2009 	24.985907  	28.02841   	27.198328  	16.60188317
10/09/2009 	24.239216  	27.74742   	26.223586  	16.59830278
11/09/2009 	24.667675  	28.24074   	26.970453  	16.53138558
12/09/2009 	25.472919  	28.62270   	27.650863  	16.43216576
13/09/2009 	27.073177  	29.09418   	28.260247  	16.14781193
14/09/2009 	25.699030  	29.50378   	27.929241  	15.78042759
15/09/2009 	27.170033  	29.57249   	28.621198  	16.01433335
16/09/2009 	26.740124  	29.88422   	28.782515  	16.13084008
17/09/2009 	26.672249  	29.86318   	28.615487  	15.70084306
18/09/2009 	27.134691  	29.84535   	28.812385  	15.75793846
19/09/2009 	27.972393  	30.17096   	28.980289  	15.96942606
20/09/2009 	27.059649  	30.40126   	29.237447  	16.56122112
21/09/2009 	27.694971  	30.28518   	29.160761  	16.26686770
22/09/2009 	27.684092  	30.71239   	29.139360  	16.08021512
23/09/2009 	26.998259  	30.33946   	28.841232  	15.81002345
24/09/2009 	26.453764  	29.48456   	28.398113  	15.43640798
25/09/2009 	27.198298  	29.96143   	28.491953  	15.41695327
26/09/2009 	27.486477  	29.34007   	28.534814  	15.63758973
27/09/2009 	27.548605  	29.81273   	28.705181  	15.94043068
28/09/2009 	27.642647  	30.27891   	28.765468  	16.20200906
29/09/2009 	27.528555  	29.75401   	28.587639  	16.16735291
30/09/2009 	27.271034  	29.63640   	28.241107  	15.93372877
01/10/2009 	27.477411  	30.24780   	28.572135  	15.26701901
02/10/2009 	27.292746  	30.82391   	28.914171  	14.09477518
03/10/2009 	23.103954  	32.77561   	28.117981  	13.72959028
04/10/2009 	24.764284  	32.66064   	30.426019  	12.97226840
05/10/2009 	23.512318  	31.00294   	27.495501  	12.50263506
06/10/2009 	23.708757  	28.12624   	25.909967  	12.64602963
07/10/2009 	19.767109  	28.01888   	23.632709  	13.80910989
08/10/2009 	22.832861  	26.36264   	24.511872  	13.27280041
09/10/2009 	24.626253  	27.61528   	26.084905  	12.60051825
10/10/2009 	22.746979  	29.58821   	26.307971  	11.96187190
11/10/2009 	18.424919  	24.15810   	21.696068  	11.81166357
12/10/2009 	18.672819  	27.74698   	22.693298  	11.33757875
13/10/2009 	26.179792  	29.64049   	27.880708  	10.46995354
14/10/2009 	26.738041  	30.01843   	28.114845  	 9.98335379
15/10/2009 	26.936575  	31.78082   	29.379257  	 9.83348695
16/10/2009 	28.361063  	32.22654   	30.417237  	 9.62985845
17/10/2009 	30.068663  	32.23852   	31.283767  	 9.71688326
18/10/2009 	30.533350  	32.44090   	31.517835  	 9.09824709
19/10/2009 	28.201517  	32.28254   	30.359490  	 9.18790609
20/10/2009 	27.519684  	32.73340   	29.458978  	 8.56723465
21/10/2009 	27.247608  	32.58443   	29.848919  	 8.13012368
22/10/2009 	24.860634  	32.41495   	28.602766  	 8.11435979
23/10/2009 	23.360786  	29.39478   	26.433378  	 8.44040912
24/10/2009 	21.712105  	26.67092   	24.381083  	 8.90526793
25/10/2009 	20.726458  	26.84134   	24.783741  	10.28297889
26/10/2009 	26.168854  	27.84549   	27.338989  	10.90994541
27/10/2009 	24.536779  	28.01565   	26.446923  	11.12365558
28/10/2009 	24.542171  	27.91831   	26.084124  	11.25167199
29/10/2009 	25.001045  	26.78792   	25.797048  	11.49401859
30/10/2009 	24.937580  	27.52676   	25.883254  	11.34104413
31/10/2009 	24.417702  	27.01230   	25.821207  	10.72559442
01/11/2009 	20.364319  	26.21345   	23.479798  	10.97838306
02/11/2009 	19.834339  	23.13710   	21.926411  	11.08306777
03/11/2009 	20.280510  	24.04912   	22.215701  	10.34789785
04/11/2009 	19.413881  	25.35258   	22.336949  	10.00252074
05/11/2009 	18.986937  	25.43178   	22.560003  	 9.92625467
06/11/2009 	19.190987  	25.03181   	22.036644  	 9.81563693
07/11/2009 	17.293167  	26.91021   	23.281574  	 9.80647022
08/11/2009 	20.233593  	25.81701   	22.501724  	 9.20729021
09/11/2009 	19.793695  	24.90196   	21.934819  	 8.88260110
10/11/2009 	20.653637  	25.21748   	23.003289  	 8.77771107
11/11/2009 	21.029644  	22.87389   	21.943553  	 8.68975977
12/11/2009 	18.442533  	22.28105   	19.962096  	 8.41774201
13/11/2009 	14.081910  	21.19355   	18.034409  	 9.22145170
14/11/2009 	15.758527  	25.14450   	21.164078  	10.04925994
15/11/2009 	23.356630  	27.03664   	25.729055  	10.05031973
16/11/2009 	19.826876  	25.23179   	23.453637  	 9.92016584
17/11/2009 	18.840878  	26.00165   	22.262040  	 9.87657624
18/11/2009 	20.005955  	27.50420   	24.486988  	10.00135513
19/11/2009 	25.103552  	29.44940   	27.356207  	10.56781403
20/11/2009 	21.017601  	27.38564   	24.067968  	 9.89106361
21/11/2009 	21.030300  	24.56219   	22.808423  	10.15259850
22/11/2009 	18.482321  	26.30987   	21.486554  	10.40755449
23/11/2009 	25.700768  	29.68175   	27.371753  	10.14379358
24/11/2009 	26.024887  	29.87085   	28.634102  	10.13802155
25/11/2009 	26.172197  	29.94781   	27.661990  	10.25672090
26/11/2009 	25.326149  	30.20397   	27.800112  	 9.60649476
27/11/2009 	27.312586  	30.52205   	29.405036  	 9.15389822
28/11/2009 	21.904543  	30.47182   	28.366378  	 8.59119745
29/11/2009 	20.774263  	29.21098   	26.086413  	 8.51585098
30/11/2009 	21.077480  	28.63255   	26.205341  	 8.28186597
01/12/2009 	22.842585  	26.75719   	24.044031  	 7.60915577
02/12/2009 	20.684563  	26.90978   	23.931927  	 6.65281827
03/12/2009 	12.659126  	25.97336   	18.199686  	 6.74251333
04/12/2009 	14.815102  	18.48634   	16.729836  	 7.10969870
05/12/2009 	13.282937  	20.78049   	16.336943  	 6.91405062
06/12/2009 	12.905726  	22.35794   	17.138383  	 7.68962625
07/12/2009 	13.113692  	22.86006   	18.710502  	 7.79726388
08/12/2009 	16.000301  	20.74565   	17.984069  	 7.51781436
09/12/2009 	15.638972  	19.19077   	17.059969  	 7.36417694
10/12/2009 	15.079641  	18.66350   	16.748703  	 7.67284066
11/12/2009 	15.898171  	20.41784   	17.366325  	 7.72242469
12/12/2009 	16.078382  	23.25163   	18.758835  	 7.25749915
13/12/2009 	17.100546  	22.66854   	19.548745  	 6.26937542
14/12/2009 	19.025944  	22.93697   	20.580606  	 5.53386250
15/12/2009 	18.248451  	22.04066   	20.291251  	 4.29798295
16/12/2009 	11.363084  	21.09751   	16.673071  	 3.49050575
17/12/2009 	 9.261370  	16.48450   	13.083699  	 3.03412581
18/12/2009 	 9.891761  	21.51784   	16.012510  	 2.39320092
19/12/2009 	11.001308  	22.10476   	18.085641  	 1.68676768
20/12/2009 	11.062405  	14.92319   	12.506729  	 1.73273978
21/12/2009 	 9.937502  	15.97328   	13.851655  	 1.90158655
22/12/2009 	12.411590  	15.83993   	13.813021  	 1.61258126
23/12/2009 	11.719160  	15.34851   	13.669799  	 1.88136461
24/12/2009 	11.634764  	17.16898   	13.608001  	 1.52420300
25/12/2009 	11.941154  	17.13251   	13.892327  	 1.47369976
26/12/2009 	11.860375  	17.58958   	15.386941  	 2.66988110
27/12/2009 	14.869617  	19.87581   	18.469229  	 3.24698368
28/12/2009 	15.981362  	20.46708   	18.644480  	 3.31145218
29/12/2009 	15.467847  	20.85627   	17.363626  	 2.92704767
30/12/2009 	16.534061  	22.01499   	18.800043  	 2.51477532
31/12/2009 	17.026587  	24.49170   	20.047728  	 2.31095265
01/01/2010 	16.787025  	24.40697   	21.051395  	 2.17351628
02/01/2010 	18.038723  	22.00553   	20.188139  	 1.69717933
03/01/2010 	18.833797  	24.46977   	21.114307  	 1.51691035
04/01/2010 	19.007866  	23.31906   	20.295763  	 1.25035304
05/01/2010 	16.273964  	21.07357   	18.289493  	 1.30899034
06/01/2010 	14.051068  	17.74685   	15.397518  	 1.26058579
07/01/2010 	13.136698  	16.13833   	14.658536  	 1.16862231
08/01/2010 	13.124916  	20.55750   	16.349260  	 0.90106548
09/01/2010 	16.821714  	24.38992   	21.518385  	 0.75260620
10/01/2010 	20.555498  	27.86644   	26.301280  	 1.37876264
11/01/2010 	24.772039  	27.94309   	26.284929  	 1.21729646
12/01/2010 	20.548504  	25.71876   	24.234405  	 0.51110514
13/01/2010 	22.167334  	26.45999   	24.210747  	-0.99371336
14/01/2010 	17.234766  	26.15495   	22.732690  	-0.52665340
15/01/2010 	20.641443  	23.91033   	22.198716  	-0.41681374
16/01/2010 	20.800152  	23.60281   	22.119506  	-0.38039072
17/01/2010 	16.265932  	23.58549   	19.933987  	-0.24962842
18/01/2010 	16.705629  	21.00608   	19.044125  	 0.14312741
19/01/2010 	17.196634  	20.91035   	19.340950  	 0.58018706
20/01/2010 	18.489767  	23.53781   	20.815104  	 0.38933216
21/01/2010 	18.225039  	24.17746   	21.416259  	 0.41278926
22/01/2010 	18.240189  	23.01363   	20.447682  	-0.08294153
23/01/2010 	16.003506  	23.54955   	19.388349  	-0.06523231
24/01/2010 	12.944510  	21.15982   	17.954904  	-0.18467558
25/01/2010 	13.401580  	19.96688   	17.560341  	-0.56868071
26/01/2010 	16.266657  	23.18628   	19.921498  	-1.08422533
27/01/2010 	13.880127  	22.14112   	18.529450  	-0.77251714
28/01/2010 	12.749600  	18.76913   	15.787064  	 0.31666592
29/01/2010 	16.154938  	19.24581   	17.880464  	 0.53226787
30/01/2010 	16.763287  	21.42237   	18.400495  	 0.42180418
31/01/2010 	14.827517  	18.76337   	16.948692  	 0.54898922
01/02/2010 	13.447962  	16.68093   	14.567816  	 0.76908892
02/02/2010 	11.101406  	18.33898   	13.829573  	 0.90505881
03/02/2010 	 9.742950  	19.58805   	13.715915  	 1.08538946
04/02/2010 	10.805378  	20.80345   	14.722973  	 1.19801931
05/02/2010 	12.622125  	18.05930   	14.980299  	 1.34238288
06/02/2010 	11.636226  	18.64682   	15.643849  	 1.59478226
07/02/2010 	12.555946  	17.62106   	15.745253  	 1.45164396
08/02/2010 	13.113525  	21.23225   	17.070721  	 0.79827115
09/02/2010 	17.370512  	23.29257   	20.351630  	 0.12724516
10/02/2010 	18.103050  	26.38011   	21.780551  	-0.03651211
11/02/2010 	19.921091  	27.88966   	24.424680  	 0.10804707
12/02/2010 	22.611572  	28.00451   	25.291509  	-0.23205686
13/02/2010 	23.472776  	27.99885   	25.722960  	-0.36544457
14/02/2010 	23.900642  	26.83852   	25.306375  	-0.63497208
15/02/2010 	24.378754  	26.72493   	25.520967  	-1.09182390
16/02/2010 	16.556906  	27.37148   	22.798130  	-1.04372550
17/02/2010 	17.061333  	23.89273   	21.276415  	-0.86043735
18/02/2010 	19.294033  	23.24321   	21.449930  	-0.58491058
19/02/2010 	15.265553  	23.93141   	18.729750  	 0.02542396
20/02/2010 	15.120616  	18.89914   	17.459663  	 0.52105225
21/02/2010 	15.618158  	18.71405   	17.042993  	 0.55730281
22/02/2010 	16.610325  	18.71739   	17.571078  	 0.87734956
23/02/2010 	17.476690  	21.87314   	19.316461  	 1.06508046
24/02/2010 	17.811792  	23.58720   	20.167409  	 1.09662466
25/02/2010 	13.942411  	21.71245   	18.083883  	 1.63756462
26/02/2010 	13.773191  	21.40770   	16.510703  	 2.23876962
27/02/2010 	19.187565  	23.08928   	21.832197  	 2.86614159
28/02/2010 	18.706657  	21.34645   	20.289034  	 3.16542149
01/03/2010 	19.026880  	21.51416   	20.297382  	 3.36985844
02/03/2010 	17.673563  	20.65463   	19.698671  	 3.18288873
03/03/2010 	17.013329  	22.36182   	19.192583  	 3.04276252
04/03/2010 	17.696033  	24.91014   	20.531960  	 3.11776519
05/03/2010 	17.786768  	24.32029   	20.243610  	 2.80381985
06/03/2010 	17.698627  	26.23613   	21.558459  	 2.58398151
07/03/2010 	19.555239  	25.44634   	21.371332  	 2.00096074
08/03/2010 	20.232044  	24.99155   	21.652320  	 1.96635041
09/03/2010 	20.595921  	24.77250   	22.372107  	 1.92608192
10/03/2010 	20.043596  	25.52899   	22.864480  	 2.05720086
11/03/2010 	21.913404  	27.18476   	24.231071  	 2.20131096
12/03/2010 	19.056067  	23.67876   	21.787104  	 2.58607256
13/03/2010 	16.413723  	21.69151   	19.652626  	 2.87746095
14/03/2010 	14.425968  	20.55290   	17.898217  	 3.59118890
15/03/2010 	16.491789  	20.21230   	18.309864  	 4.09773147
16/03/2010 	14.591426  	18.95817   	16.601603  	 4.52523721
17/03/2010 	12.201179  	18.71060   	15.686441  	 4.67019994
18/03/2010 	13.768232  	21.08603   	16.270960  	 4.88877166
19/03/2010 	 9.385257  	20.23422   	13.611538  	 5.41051040
20/03/2010 	 9.639438  	21.38307   	14.482363  	 5.78275483
21/03/2010 	10.611544  	12.82043   	11.797861  	 6.46357368
22/03/2010 	 9.993400  	15.08143   	12.185155  	 6.55151133
23/03/2010 	 8.041220  	19.95851   	12.780296  	 6.59076368
24/03/2010 	10.571424  	21.33710   	15.819018  	 6.79890989
25/03/2010 	12.205718  	21.07911   	16.371035  	 7.40983624
26/03/2010 	13.647219  	18.38260   	15.849030  	 7.87624966
27/03/2010 	10.155785  	15.24384   	12.682594  	 7.79263622
28/03/2010 	 9.834316  	13.13927   	11.530020  	 7.73071297
29/03/2010 	 9.340044  	16.39010   	11.386272  	 7.88050579
30/03/2010 	 9.788598  	18.35226   	12.956816  	 8.07368879
31/03/2010 	 8.567815  	16.50459   	12.483838  	 7.63554829
01/04/2010 	11.178847  	23.37776   	17.249653  	 6.75393486
02/04/2010 	13.913644  	22.89687   	17.922410  	 6.44703146
03/04/2010 	14.592971  	18.94409   	16.129302  	 6.70694735
04/04/2010 	14.206220  	18.39839   	16.055286  	 7.03070051
05/04/2010 	12.546342  	16.47503   	14.657500  	 7.14431711
06/04/2010 	10.967938  	19.15021   	14.277890  	 7.51895730
07/04/2010 	11.664804  	18.12186   	14.625238  	 7.95131210
08/04/2010 	15.360418  	18.75350   	17.200420  	 8.60044509
09/04/2010 	16.402534  	19.57804   	17.815856  	 9.08098908
10/04/2010 	16.719372  	21.42125   	18.933508  	 9.21514505
11/04/2010 	17.366850  	23.68445   	20.209806  	 8.72829330
12/04/2010 	19.071043  	25.94359   	21.897328  	 8.46878146
13/04/2010 	20.263527  	26.12619   	22.793929  	 8.40350877
14/04/2010 	20.835773  	26.42403   	22.790234  	 8.51610877
15/04/2010 	22.030716  	27.07426   	23.856041  	 8.55383817
16/04/2010 	21.863062  	27.42160   	24.316144  	 8.61134523
17/04/2010 	22.677748  	26.54380   	24.002325  	 8.91141530
18/04/2010 	23.176241  	26.35036   	24.407839  	 9.44803558
19/04/2010 	23.611561  	26.72798   	25.078034  	 9.61591369
20/04/2010 	22.174999  	26.70430   	24.588418  	 9.58629946
21/04/2010 	21.752501  	25.22535   	23.749887  	 8.53109228
22/04/2010 	23.035070  	26.23518   	24.506319  	 8.41680746
23/04/2010 	23.773796  	28.14925   	25.485760  	 9.08485977
24/04/2010 	23.409906  	26.49196   	24.798329  	 9.83694166
25/04/2010 	23.041029  	28.46330   	25.165461  	10.15822748
26/04/2010 	22.266474  	26.71495   	24.509265  	10.66945153
27/04/2010 	22.271111  	26.21106   	24.486070  	11.18628345
28/04/2010 	23.495832  	28.41740   	25.038415  	11.71758954
29/04/2010 	24.649738  	28.36398   	25.914770  	11.90450837
30/04/2010 	21.947947  	26.65693   	24.576931  	12.35946556
01/05/2010 	19.728180  	23.69599   	21.656891  	12.37643087
02/05/2010 	20.898439  	27.86522   	23.920213  	11.86271997
03/05/2010 	24.646429  	31.24417   	28.005648  	10.35413742
04/05/2010 	25.442762  	29.89150   	28.156804  	 9.15436715
05/05/2010 	25.472822  	29.28845   	27.360518  	 9.20038682
06/05/2010 	26.515703  	30.54890   	28.360367  	 9.58470541
07/05/2010 	27.463949  	29.96330   	29.351662  	 9.42093188
08/05/2010 	27.123253  	29.72327   	28.413583  	 9.57195212
09/05/2010 	27.151871  	30.31707   	28.960629  	 9.92382610
10/05/2010 	27.283783  	30.92870   	29.251274  	10.17558714
11/05/2010 	27.276457  	31.23883   	29.340349  	10.12486734
12/05/2010 	27.903673  	31.59950   	30.181498  	 9.51357353
13/05/2010 	27.684759  	30.87644   	29.565465  	 8.83543217
14/05/2010 	27.947727  	30.82856   	28.987129  	 9.37203260
15/05/2010 	27.831417  	30.67562   	28.908515  	 9.99271260
16/05/2010 	26.945028  	30.34470   	28.657903  	10.33255339
17/05/2010 	26.084635  	28.53839   	27.381674  	10.87883971
18/05/2010 	26.695063  	29.83127   	28.041434  	11.40070200
19/05/2010 	26.837814  	31.07338   	28.890884  	11.78484952
20/05/2010 	26.727381  	31.11453   	28.480840  	12.59143335
21/05/2010 	26.686892  	29.66359   	27.988161  	13.84798398
22/05/2010 	27.206961  	30.90777   	29.172454  	14.42377873
23/05/2010 	27.490284  	31.30344   	29.623706  	15.09063327
24/05/2010 	26.522533  	28.50560   	27.507068  	15.93578164
25/05/2010 	25.227329  	31.15599   	28.592486  	15.79567496
26/05/2010 	27.959469  	32.22050   	29.967883  	15.13990027
27/05/2010 	28.883320  	32.02064   	30.179239  	14.66130970
28/05/2010 	25.819431  	30.21450   	27.927381  	14.81349258
29/05/2010 	23.723370  	28.52911   	25.905590  	14.44927969
30/05/2010 	18.561754  	28.25344   	23.272806  	14.56968810
31/05/2010 	18.573917  	24.14272   	21.154973  	14.43870455
01/06/2010 	23.212454  	27.48115   	25.446080  	14.72283512
02/06/2010 	24.885828  	28.04510   	26.471339  	15.29197762
03/06/2010 	26.182510  	29.10537   	27.600506  	15.90647380
04/06/2010 	26.872141  	29.99469   	28.101725  	16.55602964
05/06/2010 	26.951210  	29.88067   	28.416258  	17.11537600
06/06/2010 	27.004482  	29.41969   	28.434694  	17.57495995
07/06/2010 	20.264551  	27.38054   	24.650823  	17.41419820
08/06/2010 	19.611145  	26.10200   	23.384077  	17.59912288
09/06/2010 	21.295010  	25.89152   	23.624422  	18.13418925
10/06/2010 	20.904581  	26.05827   	24.249047  	18.42224435
11/06/2010 	21.845520  	26.13313   	24.414854  	18.83382106
12/06/2010 	20.838020  	25.93103   	23.548175  	18.27837896
13/06/2010 	23.002880  	27.82704   	25.266102  	17.61538061
14/06/2010 	24.332634  	30.61935   	26.095594  	17.84213404
15/06/2010 	26.184874  	31.08939   	28.800783  	17.28912048
16/06/2010 	27.158998  	31.39128   	29.452355  	16.65121857
17/06/2010 	28.549141  	32.19701   	30.657381  	16.49759938
18/06/2010 	29.398235  	32.20533   	31.414806  	16.07103580
19/06/2010 	31.409401  	32.45307   	32.096743  	14.80530155
20/06/2010 	31.723724  	32.53818   	32.325147  	13.44839370
21/06/2010 	31.837351  	32.62981   	32.407520  	13.42181444
22/06/2010 	31.819111  	32.63620   	32.438234  	14.07972095
23/06/2010 	31.521677  	32.79280   	32.124556  	15.36917887
24/06/2010 	31.162285  	32.83431   	32.082185  	16.68733035
25/06/2010 	31.320751  	32.84308   	32.073825  	17.42349581
26/06/2010 	31.053425  	33.12667   	32.030905  	17.85547026
27/06/2010 	31.190075  	33.13778   	32.207515  	17.93060132
28/06/2010 	31.008663  	33.14630   	32.069898  	19.17135529
29/06/2010 	30.695093  	32.86257   	31.836890  	19.79990721
30/06/2010 	30.316317  	32.29274   	31.549689  	20.07342259
01/07/2010 	29.923553  	32.59256   	31.288605  	20.07980140
02/07/2010 	29.113180  	31.73025   	30.731168  	20.64511867
03/07/2010 	28.525860  	31.27201   	30.385172  	21.36486204
04/07/2010 	28.383114  	31.26047   	29.939764  	21.65668178
05/07/2010 	25.371130  	29.50885   	28.045423  	21.39297438
06/07/2010 	24.379042  	29.36134   	27.363809  	21.10393524
07/07/2010 	24.267435  	28.54490   	27.131223  	19.96358287
08/07/2010 	24.181084  	28.17937   	26.584504  	20.07223896
09/07/2010 	25.242134  	29.07581   	27.634146  	20.92907596
10/07/2010 	26.754938  	29.63877   	28.360424  	22.02546199
11/07/2010 	27.562893  	30.66009   	28.600197  	22.63836368
12/07/2010 	27.949932  	30.29059   	29.000411  	22.38995767
13/07/2010 	26.248539  	29.76557   	27.661455  	21.82548086
14/07/2010 	26.865122  	30.39809   	28.666201  	21.85643053
15/07/2010 	21.079233  	29.32729   	24.908198  	21.13250013
16/07/2010 	18.585381  	23.70982   	21.337056  	19.44627309
17/07/2010 	17.735445  	24.02166   	20.109928  	19.21008456
18/07/2010 	19.162323  	23.62112   	20.798125  	19.15687291
19/07/2010 	18.962460  	24.59712   	21.912132  	19.57781577
20/07/2010 	21.301186  	26.02690   	23.719358  	20.43602943
21/07/2010 	23.076162  	26.45209   	24.520577  	20.91250269
22/07/2010 	21.687937  	25.54125   	23.433976  	20.80267926
23/07/2010 	21.994717  	26.02307   	24.268445  	20.81344100
24/07/2010 	23.992924  	28.62808   	25.773529  	20.43412868
25/07/2010 	24.441816  	27.75247   	26.213142  	20.45649890
26/07/2010 	25.053066  	30.08884   	26.452805  	20.42552638
27/07/2010 	25.429203  	29.79123   	27.247621  	20.47271589
28/07/2010 	24.854399  	27.83968   	26.460734  	20.50911272
29/07/2010 	25.506294  	28.66338   	26.995475  	20.30153803
30/07/2010 	26.113913  	30.00280   	28.038174  	19.82893952
31/07/2010 	23.130333  	27.96549   	25.898842  	19.45251322
01/08/2010 	20.200989  	24.22104   	22.781168  	19.49928351
02/08/2010 	20.209267  	25.00965   	23.149324  	19.93033254
03/08/2010 	20.524849  	24.65527   	23.384229  	20.05994968
04/08/2010 	17.037298  	24.16335   	20.779317  	19.83993896
05/08/2010 	17.184731  	21.91141   	19.038057  	19.60291350
06/08/2010 	17.646482  	20.92810   	19.222977  	19.39806128
07/08/2010 	15.958985  	23.01547   	18.429171  	19.52518757
08/08/2010 	16.146406  	21.94347   	18.855831  	19.52372317
09/08/2010 	18.919807  	24.69551   	21.042085  	19.66644124
10/08/2010 	17.459518  	23.55772   	19.748640  	19.56136211
11/08/2010 	16.421648  	21.28912   	17.904598  	19.51193134
12/08/2010 	15.955416  	22.50684   	18.471847  	19.31209576
13/08/2010 	16.097956  	23.91884   	18.806298  	18.98063187
14/08/2010 	17.766958  	22.60592   	20.134660  	19.31511903
15/08/2010 	19.872423  	29.79142   	24.266153  	19.47810173
16/08/2010 	21.176197  	28.26028   	24.273417  	19.15767447
17/08/2010 	19.813778  	24.77502   	22.180299  	19.23838949
18/08/2010 	17.713419  	20.80792   	19.273165  	18.79236654
19/08/2010 	16.743231  	19.18132   	18.427706  	18.38443903
20/08/2010 	17.012506  	19.80096   	18.618698  	18.42721943
21/08/2010 	17.522917  	20.64806   	19.256295  	18.76648362
22/08/2010 	15.828535  	19.39968   	17.704621  	19.30441066
23/08/2010 	14.480515  	18.88956   	16.826318  	19.31788154
24/08/2010 	14.147126  	21.95594   	19.183209  	18.03454963
25/08/2010 	16.869450  	23.37720   	20.589232  	17.14056695
26/08/2010 	15.795404  	22.84859   	18.544620  	16.69513702
27/08/2010 	16.435381  	24.75114   	20.950279  	16.58031793
28/08/2010 	16.280626  	24.33996   	20.735740  	15.98379429
29/08/2010 	14.806741  	23.40726   	18.577259  	15.44197436
30/08/2010 	15.800632  	24.03167   	20.295796  	14.97925335
31/08/2010 	17.353275  	23.83279   	19.854875  	14.52249700
01/09/2010 	17.756851  	21.49451   	19.219794  	14.80416729
02/09/2010 	17.898390  	21.44714   	19.432514  	15.18314016
03/09/2010 	17.839088  	21.20143   	19.163683  	15.44611100
04/09/2010 	16.518612  	22.04538   	19.653988  	15.87730966
05/09/2010 	18.189316  	23.13371   	20.195751  	15.88844832
06/09/2010 	17.549601  	26.27098   	21.271960  	15.57363751
07/09/2010 	17.582336  	27.22527   	22.381732  	14.68036918
08/09/2010 	17.045990  	26.06411   	22.443218  	14.65328205
09/09/2010 	17.273739  	25.73417   	20.980817  	15.01327207
10/09/2010 	15.951847  	21.48642   	18.452743  	15.40073595
11/09/2010 	11.988868  	16.53126   	14.225347  	16.06968757
12/09/2010 	12.464970  	14.38628   	13.817980  	16.62052198
13/09/2010 	12.754756  	16.53131   	14.448533  	16.32961849
14/09/2010 	 9.929131  	19.10328   	14.629727  	16.39889433
15/09/2010 	15.345073  	22.42291   	19.101735  	15.76484783
16/09/2010 	17.350842  	22.45948   	21.203021  	14.77488625
17/09/2010 	15.459332  	24.48715   	21.153526  	13.77664038
18/09/2010 	13.432232  	24.06689   	21.241628  	12.95753630
19/09/2010 	13.271573  	23.95520   	19.921855  	12.85472320
20/09/2010 	11.837547  	22.58880   	17.642285  	13.60533289
21/09/2010 	14.054241  	22.30252   	18.887554  	14.21542285
22/09/2010 	13.732348  	17.24855   	15.617589  	14.48630232
23/09/2010 	13.958250  	17.43649   	15.523687  	14.83960038
24/09/2010 	12.792779  	21.68604   	15.604480  	15.10435541
25/09/2010 	15.420963  	24.30128   	19.864483  	14.04467152
26/09/2010 	15.886058  	20.83835   	17.497300  	13.36667659
27/09/2010 	13.505849  	16.19454   	15.340821  	13.48276891
28/09/2010 	12.743198  	17.22132   	15.342276  	13.71164785
29/09/2010 	12.317148  	17.80663   	15.494669  	13.19704268
30/09/2010 	 7.373042  	18.87789   	14.568875  	12.29444742
01/10/2010 	 6.669462  	18.01459   	12.946311  	12.60397508
02/10/2010 	 6.821858  	10.15037   	 8.402548  	13.10624456
03/10/2010 	 7.987684  	14.96326   	11.244241  	14.27834755
04/10/2010 	10.498334  	16.98647   	13.821885  	14.90025723
05/10/2010 	12.404865  	17.69652   	13.988021  	15.42065487
06/10/2010 	11.248249  	16.24632   	13.381488  	15.52977961
07/10/2010 	12.816837  	19.26264   	14.750559  	15.48180385
08/10/2010 	14.630770  	21.40025   	16.854532  	15.50136566
09/10/2010 	16.155420  	22.57384   	17.740167  	14.80360454
10/10/2010 	17.901119  	22.62528   	19.492559  	13.96669066
11/10/2010 	18.851496  	24.11047   	20.749037  	13.33200546
12/10/2010 	19.502136  	24.62515   	21.458346  	13.15626788
13/10/2010 	20.120192  	22.98580   	20.984896  	12.83046536
14/10/2010 	20.382544  	25.04289   	22.063537  	12.79113275
15/10/2010 	19.945192  	24.23001   	22.350980  	12.49230105
16/10/2010 	18.103382  	25.95923   	22.974080  	11.64391808
17/10/2010 	22.098095  	26.73948   	24.202281  	10.66262331
18/10/2010 	16.361580  	24.37041   	20.415362  	10.05927672
19/10/2010 	14.629535  	19.99376   	16.528739  	 9.98661476
20/10/2010 	15.380946  	19.79747   	17.392281  	 9.27677419
21/10/2010 	14.186527  	24.63722   	20.160925  	 8.42658767
22/10/2010 	14.516828  	29.48989   	23.830648  	 9.16843202
23/10/2010 	16.458647  	26.22616   	20.999750  	 9.30256897
24/10/2010 	16.177883  	22.05101   	19.433611  	 8.79508243
25/10/2010 	15.528081  	25.16330   	21.687511  	 8.14485329
26/10/2010 	14.702889  	25.19335   	20.765223  	 7.75580835
27/10/2010 	10.585942  	19.49965   	15.349651  	 8.36421109
28/10/2010 	13.390847  	19.47091   	16.806013  	 9.32835881
29/10/2010 	12.829416  	18.41011   	15.482814  	 9.61312842
30/10/2010 	10.650204  	15.57777   	13.349313  	 9.65680385
31/10/2010 	12.782221  	19.58569   	15.838906  	 9.80022933
01/11/2010 	15.859112  	20.26956   	17.530896  	 9.92284693
02/11/2010 	11.623534  	16.78853   	13.902166  	 9.87471944
03/11/2010 	10.754330  	20.02346   	16.067203  	10.36682989
04/11/2010 	10.864235  	24.69783   	19.737230  	11.05409926
05/11/2010 	20.801077  	24.54209   	23.354548  	11.94215286
06/11/2010 	18.428938  	24.64633   	22.435164  	11.60552994
07/11/2010 	18.935127  	23.13512   	20.741738  	10.99031285
08/11/2010 	19.450739  	24.37609   	20.997164  	 9.77550958
09/11/2010 	20.097723  	24.96059   	22.614254  	 8.53224989
10/11/2010 	20.813023  	24.75302   	22.735533  	 7.75601276
11/11/2010 	13.322592  	24.41239   	19.079181  	 7.36617445
12/11/2010 	16.838451  	24.22167   	22.548657  	 8.22623437
13/11/2010 	19.167257  	24.83977   	22.982988  	 8.28860162
14/11/2010 	20.023731  	24.66800   	22.199176  	 8.42055831
15/11/2010 	18.999557  	22.62115   	20.188208  	 8.24747869
16/11/2010 	17.967728  	21.14243   	19.339595  	 7.83759276
17/11/2010 	17.788776  	22.47561   	19.690848  	 6.94596115
18/11/2010 	18.106350  	22.48956   	20.372617  	 6.50494562
19/11/2010 	16.622860  	19.75335   	18.102393  	 6.38259569
20/11/2010 	15.371372  	19.48896   	17.754710  	 6.50393221
21/11/2010 	16.304335  	23.92822   	18.670324  	 6.45003406
22/11/2010 	20.054289  	25.76105   	21.746883  	 6.25510058
23/11/2010 	20.848255  	26.65267   	24.006087  	 6.08167909
24/11/2010 	21.131342  	24.90884   	22.873079  	 5.23464724
25/11/2010 	20.379921  	23.85082   	21.405940  	 4.73585140
26/11/2010 	19.661375  	23.08860   	21.683201  	 4.36017856
27/11/2010 	18.624331  	22.89984   	20.987968  	 3.68279416
28/11/2010 	18.682030  	22.89163   	20.910422  	 2.91718991
29/11/2010 	21.674000  	25.14203   	22.824103  	 2.46876074
30/11/2010 	22.573765  	27.19024   	24.874564  	 2.10002242
01/12/2010 	24.108601  	28.27368   	26.562902  	 1.41111946
02/12/2010 	25.803726  	28.99743   	27.615361  	 0.76975459
03/12/2010 	25.604473  	28.76345   	27.433890  	 0.73981156
04/12/2010 	16.200991  	26.70694   	20.336514  	-0.11747967
05/12/2010 	16.269453  	22.05940   	18.531654  	 1.11371184
06/12/2010 	16.170189  	20.70599   	18.564191  	 1.13310142
07/12/2010 	17.888479  	21.96957   	20.079647  	 0.57384075
08/12/2010 	20.133608  	26.03150   	22.801531  	 0.56471323
09/12/2010 	20.579931  	26.61452   	24.170229  	 0.90798790
10/12/2010 	21.104473  	27.06910   	22.863175  	 0.84920835
11/12/2010 	21.543730  	27.78912   	24.501933  	 2.55173440
12/12/2010 	23.185627  	27.76903   	25.573732  	 3.65748999
13/12/2010 	25.771019  	28.11776   	26.815568  	 3.50306319
14/12/2010 	26.055500  	28.76690   	27.515301  	 2.69097808
15/12/2010 	26.780725  	29.22730   	28.427082  	 2.04202841
16/12/2010 	24.424171  	28.78061   	26.249149  	 1.99065903
17/12/2010 	21.252615  	27.34816   	24.644976  	 1.67760578
18/12/2010 	16.463905  	23.55180   	20.472555  	 0.96615020
19/12/2010 	15.962184  	26.47242   	21.257018  	-0.08528829
20/12/2010 	22.276693  	26.05509   	23.864750  	-0.33460336
21/12/2010 	19.291403  	25.36617   	21.751772  	-0.68322501
22/12/2010 	21.236370  	26.79245   	23.893106  	-0.93868041
23/12/2010 	23.731138  	30.29882   	26.305540  	-0.50444825
24/12/2010 	25.695078  	30.35365   	28.484257  	-0.05355657
25/12/2010 	26.646383  	30.35970   	28.987202  	-0.34834325
26/12/2010 	26.641245  	29.75476   	28.056504  	-0.39565639
27/12/2010 	24.438406  	28.45910   	26.441153  	-0.04470730
28/12/2010 	22.266220  	27.41915   	24.897559  	 0.03288563
29/12/2010 	22.030045  	26.33213   	24.470631  	-0.35034042
30/12/2010 	21.442217  	25.73557   	24.153673  	-0.32013750
31/12/2010 	21.561268  	24.92028   	23.677445  	 0.25460960
