Scenario	ocean[fileName]	calendar[initialDate]	steps[maxSteps]	starfish[inDensity]	mussel[initialN]	mussel[initialDensity]	mussel.end.N	mussel.end.dens	St.End.Density	StNm1	StNm2
1	SO_.txt	9/3/2009	94	0	68.91255652	0.299425978	64.88416437	0.383356915	0	0	0
2	TX2.txt	10/3/2009	90	0.004549113	1.956202793	0.053893387	0.051535766	0.001659452	9.668570323	1.033945294	1.423135701
3	TXw.txt	10/3/2009	90	0.00925229	20.19259652	0.445417086	5.07995406	0.037713873	28.50886042	1.057513915	1.851991039
4	BSw.txt	25/03/2009	82	0.000961636	21.51561728	0.250024073	7.484294791	0.091775896	0.443160346	0.080155416	2.423507418
5	MRo.txt	26/03/2009	81	0.000162112	5.569312253	0.075766119	5.3324314	0.075215302	0	0.071142374	0
6	MRw.txt	26/03/2009	81	6.24979E-05	10.40505388	0.106084254	0.525099769	0.006269691	0	0.016891321	0
7	VVG.txt	30/03/2009	77	0.000164501	392.581487	3.56814213	355.0754643	3.583181136	0.24994749	0.041645844	0.042007982
8	AD1.txt	31/03/2009	77	0.000733843	532.3996105	1.199866692	426.9176887	1.863608434	0	0.039874764	0
9	VLz.txt	31/03/2009	77	0	3.034726369	0.031864627	0.219894721	0.00540941	0.467452125	0	0.017377402
10	ZW_.txt	1/4/2009	69	0.000385021	1114.173459	1.197646903	631.0403109	1.927166261	0	0.036322691	0
11	ZWo.txt	1/4/2009	69	0	1901.914895	1.465319312	1710.049157	3.957396763	0	0	0
12	ZWw.txt	1/4/2009	69	8.38016E-05	1061.188639	1.601163631	300.4645848	1.169162262	0	0.02464754	0
13	VJG.txt	1/4/2009	77	0	1494.215797	2.828503897	955.7226858	4.450457443	0	0	0
14	LW_.txt	2/4/2009	68	0	492.0158103	0.752898612	76.90698918	0.280685554	0	0	0
15	GSn.txt	6/4/2009	65	0.001381643	199.0338164	2.975129799	172.0216966	2.677143994	0.74801309	0.038647343	0.019479508
16	BSn.txt	21/09/2009	50	0.875427575	4095.537119	9.319833717	328.9913511	1.176217351	554.9368075	67.22075209	36.45289745
17	WM_.txt	21/09/2009	50	0.078300721	3332.502292	4.269333116	0	0	1031.777648	9.672198511	82.0723896
18	BSp.txt	21/09/2009	59	0.288935421	1716.069473	2.136565825	158.8047374	0.267126352	361.1215002	40.877301	24.78312815
19	BR_.txt	22/09/2009	57	0.282635794	5096.328219	3.666498053	1255.163613	1.379736219	36.62341762	33.75781317	3.133863608
20	BRw.txt	22/09/2009	57	0.045147084	8166.044715	9.313604587	593.7884341	0.676410403	0	5.708818335	0
21	WK_.txt	22/09/2009	57	0.134226509	1139.20007	0.409686498	51.59504489	0.032411144	260.9281117	18.02386626	21.85886342
22	IN_.txt	22/09/2009	58	0.067243803	2024.214719	2.711814968	473.9040137	0.676328261	229.3846788	11.71170659	26.00851054
23	BRz.txt	23/09/2009	55	0.466958968	11276.7875	6.525546096	175.8335959	0.117307814	1336.442088	45.89422355	82.89060859
24	VJG.txt	23/09/2009	55	0.031567213	322.2883451	2.549189241	205.4042501	1.734653387	24.93111046	41.62096046	18.74988692
25	STp.txt	23/09/2009	57	0.000353567	0.348700399	0.003131217	0.022365361	0.000616725	42.18923557	0.087516628	5.389481496
26	BSn.txt	10/11/2009	147	0.554936808	328.9913511	1.176217351	39.05959296	0.224497465	231.8100911	36.45289745	8.858008565
27	WM_.txt	10/11/2009	147	1.031777648	0	0	0	0	20.59055993	82.0723896	2.120164175
28	VJG.txt	17/11/2009	142	0.02493111	205.4042501	1.734653387	188.8457127	1.882153468	18.29890046	18.74988692	3.668742707
29	BRz.txt	17/11/2009	148	1.336442088	175.8335959	0.117307814	0	0	110.1024787	82.89060859	10.18948937
30	BR_.txt	18/11/2009	147	0.036623418	1255.163613	1.379736219	570.801364	1.047129214	0	3.133863608	0
31	BRw.txt	18/11/2009	147	0	593.7884341	0.676410403	58.55912623	0.153194471	0	0	0
32	WK_.txt	18/11/2009	147	0.260928112	51.59504489	0.032411144	0.047380156	0.000960795	92.07261241	21.85886342	10.52731327
33	BSp.txt	19/11/2009	144	0.3611215	158.8047374	0.267126352	78.34394423	0.208989887	73.21323757	24.78312815	3.79283695
34	IN_.txt	19/11/2009	147	0.229384679	473.9040137	0.676328261	40.16600314	0.091756088	43.64876765	26.00851054	4.162656452
35	STp.txt	19/11/2009	153	0.042189236	0.022365361	0.000616725	0	0	17.38953731	5.389481496	2.763948814
36	Dbo.txt	7/4/2010	71	0	184.2352529	1.221439667	157.8003793	1.203697037	0.384470411	0	0.705400894
37	BZ_.txt	12/4/2010	65	0.001756155	221.77482	1.622675998	113.3383267	0.921220768	3.948611557	0.197497689	0.287318742
38	ZWo.txt	13/04/2010	63	0	806.1689659	5.097720715	598.5099522	4.856060534	0	0	0
39	BR_.txt	14/04/2010	62	0	570.801364	1.047129214	351.2122815	1.800378629	0	0	0
40	BRw.txt	14/04/2010	62	0	58.55912623	0.153194471	14.26483728	0.090673224	0	0	0
41	IN_.txt	15/04/2010	60	0.043648768	40.16600314	0.091756088	0	0	28.61106756	4.162656452	2.230089883
42	KW_.txt	15/04/2010	62	0	630.0527481	2.767501701	617.6274985	2.993579304	0.110631707	0	0.018438618
43	SO2.txt	20/04/2010	55	0.010757623	1013.744248	3.429979442	296.7863894	1.748482987	1.883357838	0.317446679	0.052509977
44	SOK.txt	20/04/2010	55	0.00757649	1955.465901	5.730572137	1513.823032	8.093849754	48.29163054	0.629433782	2.361782072
45	BZn.txt	21/04/2010	56	0.02793388	534.3277065	0.674725364	378.731143	0.872488871	42.25181126	1.905190934	1.768399014
