date	smin	smax	smean	tmean
01/01/2009 	15.753349  	26.02596   	19.07702   	 0.18181981
02/01/2009 	13.230074  	24.86838   	20.48516   	 0.96920945
03/01/2009 	16.322153  	26.86662   	21.58514   	 0.95777169
04/01/2009 	22.123938  	30.00223   	26.59274   	 2.02721584
05/01/2009 	14.320157  	28.02165   	23.28751   	 1.58676604
06/01/2009 	16.396158  	26.44828   	21.83606   	 0.04985096
07/01/2009 	18.015341  	27.84504   	21.99245   	 0.28154304
08/01/2009 	18.516579  	25.94869   	22.65325   	 0.22639730
09/01/2009 	21.341475  	23.86376   	22.49677   	-0.03286812
10/01/2009 	17.758066  	25.00457   	21.85212   	-0.36212547
11/01/2009 	18.657907  	23.25046   	21.22050   	-0.32022715
12/01/2009 	21.013334  	24.61561   	22.85279   	 0.92701630
13/01/2009 	22.590960  	25.09476   	23.99229   	 1.78439620
14/01/2009 	20.951620  	25.14254   	23.92802   	 2.28470968
15/01/2009 	16.199121  	24.95267   	22.27809   	 1.97083054
16/01/2009 	12.113420  	24.24517   	18.99636   	 1.56952103
17/01/2009 	13.560807  	23.69962   	20.58283   	 1.77966395
18/01/2009 	22.959513  	24.56287   	23.73574   	 2.86403499
19/01/2009 	22.378723  	24.69803   	23.36875   	 2.79318280
20/01/2009 	23.136112  	27.63042   	25.83000   	 3.06517103
21/01/2009 	24.099770  	27.41693   	26.24934   	 2.80949654
22/01/2009 	25.019684  	27.42474   	26.09242   	 2.58909679
23/01/2009 	25.866724  	28.17163   	27.25807   	 2.84439288
24/01/2009 	26.614353  	28.08776   	27.47353   	 2.98465552
25/01/2009 	25.876705  	27.75438   	27.04643   	 2.81905455
26/01/2009 	18.639164  	26.97673   	24.67926   	 2.39460639
27/01/2009 	19.821783  	26.50667   	23.39081   	 1.80721543
28/01/2009 	17.717594  	26.06807   	22.05778   	 1.29656225
29/01/2009 	15.013027  	24.61519   	20.37095   	 0.98547593
30/01/2009 	14.378298  	22.99717   	18.05089   	 0.56237617
31/01/2009 	15.538266  	23.47354   	18.02338   	 0.06666690
01/02/2009 	16.242764  	23.46850   	18.35071   	-0.48810671
02/02/2009 	18.157421  	22.64520   	20.02231   	-0.55201121
03/02/2009 	20.586470  	22.87488   	21.51376   	 0.24958226
04/02/2009 	20.464413  	23.79165   	21.72676   	 0.51242179
05/02/2009 	20.707327  	23.64179   	22.08804   	 0.72217862
06/02/2009 	20.228203  	23.52738   	22.43037   	 1.17788740
07/02/2009 	20.008827  	23.76201   	22.05792   	 1.46516504
08/02/2009 	20.179752  	26.04195   	22.29864   	 1.51522327
09/02/2009 	20.063976  	24.27810   	22.78514   	 1.52321092
10/02/2009 	15.679982  	24.46395   	20.89091   	 1.53680817
11/02/2009 	14.648544  	25.74368   	20.88363   	 1.81242569
12/02/2009 	16.476864  	26.62914   	22.94301   	 2.09257718
13/02/2009 	16.081036  	27.28857   	23.57403   	 2.25540958
14/02/2009 	14.304133  	26.53178   	21.44829   	 1.82923649
15/02/2009 	17.063553  	24.64523   	22.40317   	 1.97231352
16/02/2009 	18.064137  	27.03473   	22.94867   	 2.65592530
17/02/2009 	13.665721  	27.13578   	23.02633   	 3.27535365
18/02/2009 	13.887451  	24.58907   	20.50429   	 2.85995342
19/02/2009 	17.122816  	21.58265   	20.37655   	 2.76898985
20/02/2009 	12.824792  	21.83469   	19.79262   	 3.06105311
21/02/2009 	13.554881  	22.69311   	19.54070   	 3.31670001
22/02/2009 	16.762224  	22.69603   	20.08697   	 3.67878672
23/02/2009 	15.191452  	26.28347   	23.98252   	 4.27212337
24/02/2009 	10.616312  	25.60794   	20.66263   	 4.06098332
25/02/2009 	11.984195  	22.63025   	19.60090   	 4.23165320
26/02/2009 	17.835817  	24.74868   	20.69370   	 4.56183874
27/02/2009 	18.190079  	26.50115   	23.24540   	 5.20589652
28/02/2009 	14.942237  	26.23433   	22.71050   	 5.58451237
01/03/2009 	11.968987  	25.57600   	20.57007   	 5.41761377
02/03/2009 	12.760328  	23.00630   	19.37401   	 5.48820244
03/03/2009 	15.459228  	22.14107   	19.66811   	 5.38009215
04/03/2009 	15.345137  	19.37014   	17.47307   	 4.80620747
05/03/2009 	13.350839  	20.64122   	18.21055   	 4.90435230
06/03/2009 	13.861821  	19.77563   	17.39631   	 4.81691126
07/03/2009 	14.117755  	20.66037   	18.70678   	 4.62897278
08/03/2009 	13.964988  	20.70322   	19.25839   	 5.02716849
09/03/2009 	18.970098  	21.08030   	20.25502   	 4.96238279
10/03/2009 	20.111378  	20.97797   	20.57156   	 4.87871712
11/03/2009 	15.754680  	21.42100   	20.56350   	 4.93240645
12/03/2009 	14.295051  	21.84188   	20.18795   	 5.23641759
13/03/2009 	14.040923  	22.49109   	20.35206   	 5.55270500
14/03/2009 	12.712861  	22.11814   	19.11334   	 5.81733907
15/03/2009 	16.559143  	24.54702   	21.39115   	 6.08123105
16/03/2009 	12.020047  	23.88408   	19.81411   	 6.26240608
17/03/2009 	 9.249019  	22.77898   	17.60942   	 6.60318984
18/03/2009 	 7.887929  	20.34702   	14.86752   	 6.62712501
19/03/2009 	 7.014378  	18.09662   	14.00682   	 6.71556979
20/03/2009 	 6.839186  	16.10730   	12.24615   	 6.59862947
21/03/2009 	 7.414143  	15.92100   	12.97768   	 6.60619419
22/03/2009 	 8.060598  	17.71268   	13.38662   	 6.41671035
23/03/2009 	13.371602  	25.26379   	18.27164   	 6.65274344
24/03/2009 	19.660755  	25.12167   	23.11416   	 6.26169581
25/03/2009 	17.078360  	25.41292   	21.32290   	 6.35410693
26/03/2009 	17.806309  	24.46709   	21.71667   	 6.34035328
27/03/2009 	16.946968  	23.03967   	18.67660   	 6.45884366
28/03/2009 	16.262270  	18.51618   	16.95664   	 6.40571871
29/03/2009 	15.525935  	20.65461   	17.42094   	 6.36756442
30/03/2009 	13.595452  	19.98866   	18.26924   	 6.09092097
31/03/2009 	11.846807  	21.14048   	18.09492   	 6.48214717
01/04/2009 	 9.906821  	20.51515   	16.47663   	 7.05966185
02/04/2009 	 6.875389  	19.39754   	13.08973   	 7.72708346
03/04/2009 	 7.127950  	17.17377   	12.40799   	 8.30055746
04/04/2009 	 8.509843  	17.32248   	13.94339   	 8.53678942
05/04/2009 	10.047055  	18.35143   	14.48440   	 8.58028702
06/04/2009 	10.627064  	19.61302   	13.95209   	 8.74056021
07/04/2009 	10.446932  	19.68512   	14.60743   	 9.09555014
08/04/2009 	11.497234  	20.37215   	15.98256   	 9.01404836
09/04/2009 	15.982100  	20.26144   	17.99153   	 8.90262415
10/04/2009 	15.355678  	21.54647   	18.12753   	 9.53763916
11/04/2009 	14.682748  	21.65962   	17.61493   	10.23298041
12/04/2009 	15.452756  	20.50373   	17.51870   	10.67288816
13/04/2009 	15.996533  	20.59431   	17.97101   	10.74819199
14/04/2009 	16.604300  	20.90646   	18.32653   	10.83833402
15/04/2009 	16.640417  	21.18982   	18.32866   	11.16668091
16/04/2009 	16.499619  	21.43148   	18.46734   	11.66654126
17/04/2009 	16.915783  	21.72095   	18.64907   	11.58835139
18/04/2009 	16.524784  	19.97591   	18.59245   	10.86670079
19/04/2009 	16.407267  	19.86370   	18.13814   	10.90012137
20/04/2009 	16.083281  	20.33178   	18.45265   	11.46371796
21/04/2009 	17.312941  	21.17153   	19.01856   	11.94206421
22/04/2009 	18.192135  	24.97577   	20.65881   	12.00605057
23/04/2009 	17.798967  	25.77223   	22.44270   	11.90512796
24/04/2009 	18.771961  	24.50159   	22.18493   	12.21650440
25/04/2009 	19.418554  	23.48590   	21.85599   	12.46925904
26/04/2009 	19.624563  	23.33220   	21.81798   	12.66476136
27/04/2009 	19.802677  	23.80695   	22.44688   	12.86959749
28/04/2009 	20.177082  	23.86813   	22.40360   	12.83366873
29/04/2009 	20.220051  	23.54937   	22.24981   	12.80146796
30/04/2009 	20.515610  	23.35456   	22.10932   	13.06933455
01/05/2009 	20.343140  	23.87297   	22.13666   	13.63750867
02/05/2009 	20.600239  	24.41672   	22.50756   	13.93634222
03/05/2009 	20.911022  	23.55178   	22.70669   	13.76928296
04/05/2009 	22.540419  	28.02356   	24.91181   	12.70253201
05/05/2009 	23.437887  	27.49018   	25.48928   	12.52741700
06/05/2009 	21.682505  	27.61946   	23.97575   	12.66301779
07/05/2009 	21.198502  	25.74836   	22.60572   	12.85270415
08/05/2009 	20.955275  	22.38706   	21.47731   	12.96574889
09/05/2009 	20.675501  	22.62726   	21.72595   	12.73313268
10/05/2009 	20.418766  	22.44417   	21.45652   	13.05002578
11/05/2009 	20.555834  	23.36622   	21.63109   	12.71283676
12/05/2009 	21.536255  	26.62966   	24.10777   	12.05911473
13/05/2009 	22.391830  	26.92876   	24.55034   	12.33560753
14/05/2009 	21.463915  	25.21190   	23.80038   	12.64087864
15/05/2009 	21.596617  	24.86166   	23.14863   	12.88459504
16/05/2009 	21.906158  	24.71576   	23.37741   	13.01661605
17/05/2009 	22.380190  	24.64364   	23.58559   	13.39720148
18/05/2009 	23.746836  	25.32612   	24.69144   	13.43922879
19/05/2009 	24.728701  	25.38243   	25.06380   	13.40306960
20/05/2009 	24.292522  	25.26651   	24.93686   	13.70274719
21/05/2009 	23.277573  	25.20501   	24.76972   	14.18621008
22/05/2009 	23.218536  	25.15483   	24.68644   	14.47221094
23/05/2009 	23.026834  	25.20591   	24.65039   	15.08894289
24/05/2009 	23.314356  	25.40931   	24.60173   	16.00395803
25/05/2009 	22.519993  	25.72750   	24.41787   	16.60003583
26/05/2009 	21.389380  	26.20453   	24.66078   	16.95819414
27/05/2009 	25.060827  	27.26823   	26.14957   	16.07600782
28/05/2009 	25.389990  	27.17606   	26.54426   	15.92375636
29/05/2009 	19.972368  	27.15278   	25.16619   	15.85281678
30/05/2009 	16.056648  	27.04098   	22.33292   	15.67077176
31/05/2009 	17.475914  	25.19606   	21.32057   	15.99312802
01/06/2009 	17.978554  	25.35826   	21.51548   	16.64475862
02/06/2009 	21.178156  	27.69998   	24.62147   	16.21926200
03/06/2009 	26.753242  	30.55775   	29.05986   	15.17768578
04/06/2009 	28.529476  	30.98903   	30.34142   	13.88122811
05/06/2009 	29.254429  	31.28205   	30.74347   	13.17708166
06/06/2009 	27.361401  	31.38721   	30.05255   	13.20993690
07/06/2009 	26.247526  	30.79324   	29.53849   	13.30526215
08/06/2009 	26.038948  	30.25557   	28.72138   	14.32983398
09/06/2009 	24.045206  	29.84308   	27.86962   	15.27263826
10/06/2009 	26.608702  	29.44628   	28.66126   	15.31371691
11/06/2009 	21.800665  	29.35998   	26.79562   	15.51855240
12/06/2009 	22.061804  	29.25760   	26.64745   	15.48681662
13/06/2009 	20.867538  	29.33132   	26.40337   	15.42344836
14/06/2009 	18.333292  	28.45526   	25.47210   	16.27340470
15/06/2009 	18.459377  	27.67523   	24.02561   	16.90375030
16/06/2009 	17.084927  	27.21930   	22.08959   	16.72902085
17/06/2009 	17.426420  	25.56615   	21.17707   	16.90282736
18/06/2009 	19.130592  	25.92643   	22.93965   	17.04954592
19/06/2009 	21.665636  	26.86987   	24.38642   	16.92849076
20/06/2009 	23.091118  	29.97061   	26.60034   	16.43353552
21/06/2009 	20.678802  	30.06757   	26.90382   	15.72799305
22/06/2009 	19.616575  	29.18736   	25.34119   	15.95076805
23/06/2009 	18.796303  	27.77726   	23.77071   	16.74190009
24/06/2009 	19.330793  	26.92791   	23.73695   	17.38595859
25/06/2009 	20.914749  	27.60239   	24.58763   	17.71877619
26/06/2009 	21.794018  	28.68559   	25.16888   	18.46027235
27/06/2009 	20.763250  	27.38516   	24.78785   	19.19698620
28/06/2009 	21.665823  	27.71577   	24.51626   	19.80780375
29/06/2009 	22.274088  	27.28676   	24.56651   	20.69478242
30/06/2009 	22.112539  	27.22323   	24.74702   	21.04115097
01/07/2009 	21.571115  	27.36501   	24.82467   	21.20249697
02/07/2009 	22.314629  	28.24408   	25.19285   	21.35156715
03/07/2009 	22.438110  	29.03540   	25.94452   	21.76749464
04/07/2009 	25.423962  	27.86210   	26.54546   	22.07127126
05/07/2009 	22.968904  	28.09914   	26.43330   	22.42824455
06/07/2009 	22.127922  	27.97339   	26.78852   	22.21180292
07/07/2009 	26.550550  	27.86127   	27.49939   	20.74961527
08/07/2009 	26.290615  	28.54999   	27.73693   	20.38691183
09/07/2009 	28.168098  	31.41469   	29.55111   	18.18040367
10/07/2009 	29.293535  	32.20043   	31.23359   	15.32667162
11/07/2009 	30.306389  	32.53704   	31.70767   	15.25306978
12/07/2009 	26.140772  	32.22960   	30.17317   	16.44674619
13/07/2009 	25.752201  	31.73733   	29.13782   	17.39353170
14/07/2009 	24.974035  	31.05441   	28.33724   	18.57882575
15/07/2009 	24.316828  	30.06166   	27.77092   	19.33180193
16/07/2009 	24.811441  	28.05967   	26.32411   	19.59865395
17/07/2009 	24.083992  	27.14212   	25.41095   	19.41316394
18/07/2009 	23.640097  	24.72251   	24.10584   	18.85426044
19/07/2009 	23.827801  	25.00735   	24.41916   	18.77971999
20/07/2009 	24.268219  	24.93096   	24.60049   	18.89366460
21/07/2009 	24.312868  	24.91806   	24.60275   	18.81941418
22/07/2009 	24.264847  	24.92104   	24.65685   	19.20452019
23/07/2009 	24.389544  	25.38753   	24.79296   	19.25758910
24/07/2009 	24.597757  	25.31054   	24.80373   	19.10592926
25/07/2009 	24.311775  	25.46760   	25.01067   	18.87105421
26/07/2009 	24.206244  	25.93461   	25.25528   	18.36455464
27/07/2009 	21.866339  	26.09756   	25.17058   	18.81918991
28/07/2009 	23.972977  	26.63206   	25.69365   	18.98101254
29/07/2009 	21.698545  	26.78192   	25.53854   	19.20190958
30/07/2009 	24.178198  	26.67703   	25.29070   	19.33173494
31/07/2009 	23.827135  	27.08307   	25.11116   	18.54224984
01/08/2009 	23.929813  	26.84134   	25.19362   	18.46636657
02/08/2009 	23.456566  	26.17216   	24.71581   	18.60275030
03/08/2009 	23.292194  	27.14819   	25.22542   	18.62004725
04/08/2009 	21.072338  	26.04190   	24.67032   	19.15068976
05/08/2009 	19.035782  	25.71366   	23.65587   	19.85572187
06/08/2009 	19.192835  	25.42221   	23.05306   	20.64338795
07/08/2009 	19.872576  	24.94373   	22.56993   	21.04298433
08/08/2009 	20.269638  	25.26058   	22.59879   	20.83387935
09/08/2009 	20.432890  	25.86634   	23.02956   	20.37278366
10/08/2009 	20.364773  	25.31176   	23.25790   	20.57246065
11/08/2009 	21.210176  	26.05539   	23.89542   	20.79212523
12/08/2009 	22.302296  	28.22137   	25.40509   	20.48039961
13/08/2009 	23.306255  	29.29716   	26.74995   	19.84493228
14/08/2009 	21.171097  	28.80577   	26.39901   	19.69357312
15/08/2009 	25.320724  	28.25181   	27.03598   	19.74395247
16/08/2009 	25.279966  	27.85368   	26.53372   	20.00109080
17/08/2009 	25.337257  	28.60415   	26.81296   	20.00060952
18/08/2009 	24.623344  	30.09432   	27.88264   	19.44819812
19/08/2009 	21.825691  	28.86830   	26.71233   	19.69435751
20/08/2009 	20.043535  	27.80900   	25.02841   	20.05741342
21/08/2009 	24.955359  	27.56136   	26.27239   	19.91397119
22/08/2009 	25.113918  	28.76731   	27.02840   	19.36726256
23/08/2009 	22.783207  	27.60849   	26.11097   	19.36184887
24/08/2009 	22.572895  	27.35126   	25.09334   	19.57592094
25/08/2009 	22.739481  	27.02570   	25.23893   	20.01917450
26/08/2009 	23.019184  	26.84888   	25.85050   	19.53499949
27/08/2009 	24.040026  	26.81762   	26.27854   	19.08267514
28/08/2009 	25.640829  	26.36330   	26.14075   	18.91407446
29/08/2009 	25.772314  	26.19470   	25.92111   	18.24341110
30/08/2009 	25.842743  	26.47339   	26.08623   	17.45852697
31/08/2009 	24.107765  	26.47394   	24.89636   	17.41700625
01/09/2009 	23.052441  	25.38935   	24.02185   	17.82354029
02/09/2009 	23.069672  	26.17266   	25.29484   	17.73481417
03/09/2009 	24.837626  	28.47587   	26.58198   	17.39788453
04/09/2009 	28.004377  	29.33288   	28.81639   	17.03237275
05/09/2009 	28.082546  	29.27549   	28.74161   	16.52439249
06/09/2009 	27.770826  	29.26040   	28.88027   	16.05296000
07/09/2009 	27.630344  	29.19893   	28.63934   	15.88603771
08/09/2009 	25.310928  	29.08695   	28.25373   	16.38684110
09/09/2009 	25.341496  	28.89039   	27.82008   	16.85095374
10/09/2009 	23.918234  	28.71183   	26.76806   	16.44388990
11/09/2009 	27.403078  	28.69787   	28.17885   	15.50980153
12/09/2009 	27.975225  	28.82151   	28.40536   	15.69791573
13/09/2009 	28.690466  	29.67858   	29.25215   	15.90189238
14/09/2009 	27.432096  	29.64452   	29.20635   	15.52399613
15/09/2009 	27.010637  	29.58232   	28.31199   	15.53150260
16/09/2009 	27.188854  	29.68754   	28.44343   	15.77631636
17/09/2009 	28.392075  	29.98840   	29.56609   	15.50328690
18/09/2009 	28.679403  	30.10944   	29.49411   	15.33620985
19/09/2009 	28.196236  	29.97088   	29.44103   	15.51360750
20/09/2009 	28.100910  	30.29899   	29.42004   	16.08488677
21/09/2009 	27.962538  	30.39496   	29.39698   	16.02391809
22/09/2009 	28.410347  	30.73518   	30.05168   	16.30048728
23/09/2009 	30.237413  	31.59152   	31.04121   	16.36106428
24/09/2009 	31.077997  	32.03957   	31.65881   	15.96158594
25/09/2009 	31.381954  	32.04634   	31.85677   	15.74290313
26/09/2009 	29.536898  	32.06599   	31.68168   	15.76157159
27/09/2009 	28.308880  	32.05319   	31.11967   	15.94040376
28/09/2009 	29.117081  	32.06225   	31.46897   	16.29714030
29/09/2009 	31.914864  	32.46581   	32.19763   	16.39168652
30/09/2009 	29.033064  	32.50478   	31.75984   	16.05421734
01/10/2009 	30.718008  	32.49992   	32.05684   	15.39418453
02/10/2009 	30.780769  	32.55491   	32.27598   	14.12961801
03/10/2009 	28.098310  	32.63502   	30.56198   	14.25123078
04/10/2009 	26.862423  	29.39481   	28.33949   	13.68965272
05/10/2009 	26.939756  	29.78701   	28.53442   	12.76262208
06/10/2009 	25.694777  	29.04467   	27.60698   	12.90405744
07/10/2009 	25.561235  	27.20091   	26.28329   	13.83391484
08/10/2009 	25.232679  	28.37825   	26.87624   	13.53363623
09/10/2009 	20.425350  	29.87128   	26.52114   	12.53424684
10/10/2009 	16.092514  	28.36343   	23.94487   	11.89140799
11/10/2009 	19.209785  	28.42835   	24.75466   	11.97167329
12/10/2009 	23.200933  	30.63780   	27.22810   	11.30771252
13/10/2009 	23.838963  	31.60839   	28.95252   	10.54260767
14/10/2009 	19.567673  	30.47195   	26.79922   	10.14445631
15/10/2009 	18.886625  	29.13002   	25.22897   	 9.46815699
16/10/2009 	23.685421  	33.34246   	30.50232   	10.73910266
17/10/2009 	30.293728  	33.43396   	32.18260   	 9.73799841
18/10/2009 	30.158844  	32.65880   	31.63618   	 9.32398935
19/10/2009 	29.425209  	32.69126   	31.28339   	 9.46347233
20/10/2009 	21.382944  	31.20977   	28.20221   	 8.78535485
21/10/2009 	19.806162  	27.54889   	24.19946   	 8.42906287
22/10/2009 	17.911097  	27.45591   	23.27272   	 8.48152912
23/10/2009 	19.819599  	27.66347   	24.19446   	 8.76361849
24/10/2009 	20.883316  	27.69993   	24.65439   	 9.44193919
25/10/2009 	26.923662  	28.33410   	27.74868   	10.37258621
26/10/2009 	28.269377  	28.60980   	28.49214   	10.91512565
27/10/2009 	28.328157  	28.64932   	28.53826   	11.14224964
28/10/2009 	28.276682  	28.62041   	28.51872   	11.22613448
29/10/2009 	25.865074  	28.58187   	28.15729   	11.44146949
30/10/2009 	20.562611  	28.54313   	27.17557   	11.38892005
31/10/2009 	20.458380  	28.52831   	26.02305   	10.90410664
01/11/2009 	21.749113  	28.20228   	26.38157   	11.21871767
02/11/2009 	26.921650  	28.29511   	27.73377   	11.48296330
03/11/2009 	27.202547  	28.42513   	27.75307   	10.55798636
04/11/2009 	27.443565  	28.57438   	27.83904   	10.52284068
05/11/2009 	27.466919  	28.15144   	27.81015   	10.11580549
06/11/2009 	27.478968  	28.11107   	27.85792   	 9.98099238
07/11/2009 	27.065512  	28.56093   	27.70923   	10.21134867
08/11/2009 	25.471781  	28.41601   	27.60151   	 9.56420320
09/11/2009 	21.454433  	28.06865   	25.70915   	 8.66544078
10/11/2009 	20.416233  	27.76825   	24.92259   	 8.49644572
11/11/2009 	21.332392  	27.26680   	25.00217   	 8.43620501
12/11/2009 	20.730972  	27.05785   	25.26782   	 8.28889978
13/11/2009 	23.825907  	27.17118   	25.77865   	 9.23731391
14/11/2009 	24.551731  	27.64982   	26.08084   	10.19324168
15/11/2009 	27.065142  	29.21827   	27.92373   	10.24489407
16/11/2009 	24.548325  	28.06176   	26.80516   	10.19514078
17/11/2009 	24.990835  	27.15039   	26.32058   	10.26351464
18/11/2009 	26.283577  	30.28831   	28.02628   	10.38112795
19/11/2009 	26.085760  	30.31237   	28.75903   	10.61312062
20/11/2009 	24.337667  	28.77943   	26.79603   	 9.98095328
21/11/2009 	24.482088  	28.70246   	27.42874   	10.39526198
22/11/2009 	24.615738  	29.82410   	27.51253   	10.70907811
23/11/2009 	28.806761  	30.02970   	29.47491   	10.44028127
24/11/2009 	29.191143  	29.96523   	29.78336   	10.40574805
25/11/2009 	25.813911  	30.32985   	28.84709   	10.26131207
26/11/2009 	30.274464  	30.54132   	30.45397   	 9.92173404
27/11/2009 	30.381760  	30.51684   	30.44874   	 9.49216737
28/11/2009 	29.841543  	30.47371   	30.09018   	 8.91810268
29/11/2009 	27.201576  	29.97135   	29.29533   	 8.82258785
30/11/2009 	27.164734  	29.14616   	28.27776   	 8.29960100
01/12/2009 	23.693890  	28.50890   	27.32587   	 7.52315324
02/12/2009 	16.955616  	28.35190   	24.25775   	 6.58779442
03/12/2009 	15.769039  	27.40473   	24.73740   	 7.34399352
04/12/2009 	24.876440  	27.23752   	26.29179   	 7.70270965
05/12/2009 	24.172466  	26.56165   	25.19716   	 7.15054476
06/12/2009 	23.900620  	24.88322   	24.44846   	 8.00269565
07/12/2009 	23.217916  	24.99236   	24.43671   	 7.89188272
08/12/2009 	22.313202  	24.30260   	23.62928   	 7.72286184
09/12/2009 	21.480280  	24.51912   	23.42364   	 7.53527353
10/12/2009 	22.758913  	24.20898   	23.60825   	 7.91261590
11/12/2009 	14.703060  	23.97093   	20.70426   	 7.92621048
12/12/2009 	11.341976  	23.57295   	17.87698   	 7.12643081
13/12/2009 	11.945466  	21.14943   	16.83205   	 5.93860237
14/12/2009 	12.135717  	20.22630   	16.87580   	 5.08113405
15/12/2009 	11.165126  	19.31772   	15.94249   	 4.06162159
16/12/2009 	11.201924  	19.05129   	16.40359   	 3.52264222
17/12/2009 	11.352035  	19.13738   	15.80763   	 3.16937415
18/12/2009 	10.183220  	20.25065   	14.54010   	 3.05256536
19/12/2009 	 7.146171  	17.85041   	13.29721   	 2.18944844
20/12/2009 	13.603178  	23.04584   	19.73103   	 2.63238884
21/12/2009 	19.552441  	21.55842   	20.97852   	 2.63439959
22/12/2009 	16.501108  	21.86987   	20.24853   	 2.18019606
23/12/2009 	19.497221  	21.90360   	20.47179   	 2.31408746
24/12/2009 	18.602961  	21.81647   	20.56641   	 2.28769851
25/12/2009 	14.616617  	23.22608   	20.15450   	 2.31822658
26/12/2009 	19.985050  	24.46180   	22.08083   	 3.22096360
27/12/2009 	20.998461  	24.52438   	23.01024   	 3.63618406
28/12/2009 	21.910448  	25.47605   	24.23903   	 3.87435021
29/12/2009 	14.330610  	25.26329   	21.84883   	 3.13733540
30/12/2009 	12.694799  	25.27864   	19.29617   	 2.49904692
31/12/2009 	11.361432  	24.37974   	17.58601   	 2.18195501
01/01/2010 	11.763919  	22.01618   	17.36024   	 1.72567537
02/01/2010 	14.801647  	21.21330   	18.52283   	 1.52132406
03/01/2010 	12.550784  	21.63127   	16.56704   	 1.12333076
04/01/2010 	14.100800  	21.55637   	17.21852   	 1.04547306
05/01/2010 	16.020535  	21.20006   	18.17405   	 1.27651728
06/01/2010 	15.070554  	20.61826   	18.47512   	 1.39072314
07/01/2010 	14.264091  	20.94063   	18.29461   	 1.26733753
08/01/2010 	11.322601  	20.51446   	16.72764   	 0.66941319
09/01/2010 	 9.984789  	21.88533   	14.73329   	-0.13657835
10/01/2010 	11.643045  	23.53365   	16.92741   	 0.17262121
11/01/2010 	 7.638895  	21.10120   	15.92791   	 0.28854572
12/01/2010 	10.254398  	18.73473   	15.10029   	 0.05368188
13/01/2010 	 8.326801  	20.88981   	14.55732   	-0.52182230
14/01/2010 	12.570153  	22.79446   	17.32398   	-0.15918450
15/01/2010 	13.851272  	22.03858   	17.25879   	-0.26980292
16/01/2010 	15.192610  	21.14274   	17.91351   	 0.05634253
17/01/2010 	18.678408  	23.25060   	20.66632   	 0.66751178
18/01/2010 	18.274120  	22.62458   	20.28784   	 0.94312635
19/01/2010 	18.252796  	21.93329   	19.80852   	 1.34509846
20/01/2010 	13.091440  	21.82921   	18.21427   	 1.11846918
21/01/2010 	10.820779  	21.93089   	16.92293   	 0.82479385
22/01/2010 	 9.242116  	21.26261   	15.12576   	 0.38027937
23/01/2010 	 9.426894  	20.59025   	16.13139   	 0.57418482
24/01/2010 	13.838881  	21.19724   	16.94092   	 0.49457638
25/01/2010 	13.912350  	21.13468   	16.85143   	 0.07388975
26/01/2010 	12.522845  	19.73885   	15.96098   	-0.50756257
27/01/2010 	13.314837  	21.19179   	17.39742   	-0.35338027
28/01/2010 	15.874241  	26.69588   	21.36679   	 0.57995771
29/01/2010 	21.047546  	27.11106   	24.94456   	 1.29084588
30/01/2010 	15.907627  	27.84711   	24.07405   	 1.00397331
31/01/2010 	18.047676  	26.97027   	24.02759   	 0.92745481
01/02/2010 	18.640602  	27.62470   	25.53852   	 1.14269540
02/02/2010 	20.124439  	27.74075   	25.17090   	 1.24017625
03/02/2010 	21.958494  	28.77129   	26.36949   	 1.43111954
04/02/2010 	16.532522  	27.95790   	24.88629   	 1.54633576
05/02/2010 	11.237575  	25.18895   	20.15330   	 1.60399856
06/02/2010 	12.765120  	21.88473   	18.63308   	 1.76086104
07/02/2010 	10.357982  	21.33267   	15.83640   	 1.45969547
08/02/2010 	 8.557018  	19.27233   	14.26169   	 0.74953573
09/02/2010 	 9.414487  	17.79042   	13.77813   	 0.04960234
10/02/2010 	 9.699685  	18.47732   	13.79429   	-0.27525631
11/02/2010 	10.762305  	25.23417   	17.50120   	-0.41308288
12/02/2010 	16.866814  	26.49202   	21.13731   	-0.66574248
13/02/2010 	16.387798  	26.57746   	21.89165   	-0.68890225
14/02/2010 	18.505449  	26.81143   	23.36824   	-0.79353013
15/02/2010 	15.938644  	24.85037   	22.19930   	-1.05219529
16/02/2010 	16.102278  	23.49481   	19.76381   	-0.86108464
17/02/2010 	15.348206  	21.32159   	19.71918   	-0.49367765
18/02/2010 	15.906770  	21.46452   	19.31760   	-0.42999548
19/02/2010 	16.025951  	23.07899   	20.10643   	 0.29568064
20/02/2010 	21.117794  	23.67844   	22.25847   	 0.87530230
21/02/2010 	20.044846  	23.15384   	21.96880   	 0.85465986
22/02/2010 	20.914101  	23.28351   	22.27246   	 1.20087235
23/02/2010 	16.319502  	22.62048   	19.66821   	 1.10008851
24/02/2010 	15.371326  	22.01600   	19.11987   	 1.09192326
25/02/2010 	17.134481  	22.80251   	20.86380   	 1.83451712
26/02/2010 	17.326130  	23.33381   	21.27081   	 2.66188325
27/02/2010 	23.043303  	25.57009   	24.30003   	 2.67332072
28/02/2010 	21.246696  	25.48643   	24.41973   	 2.96081363
01/03/2010 	23.532497  	25.77656   	24.46745   	 3.35012171
02/03/2010 	20.644489  	24.29719   	23.45523   	 3.16449692
03/03/2010 	16.181217  	23.92786   	21.86638   	 2.92553739
04/03/2010 	15.105178  	23.69707   	19.81524   	 2.94150077
05/03/2010 	15.923729  	26.27229   	21.53956   	 2.76104973
06/03/2010 	13.383845  	27.64451   	21.36586   	 2.52020287
07/03/2010 	14.248163  	24.19148   	19.94261   	 1.60540703
08/03/2010 	13.286553  	25.03839   	19.44987   	 1.50174117
09/03/2010 	11.712219  	21.18630   	17.66403   	 1.58635313
10/03/2010 	 9.491429  	18.91097   	15.40240   	 1.68881005
11/03/2010 	10.102374  	22.21247   	15.16073   	 1.79847125
12/03/2010 	12.824234  	24.38324   	17.39626   	 2.29222432
13/03/2010 	13.591811  	27.34405   	19.49014   	 2.89475490
14/03/2010 	19.600685  	28.80179   	24.21090   	 3.63775819
15/03/2010 	18.405727  	28.64402   	24.84231   	 4.18050021
16/03/2010 	15.592526  	28.93246   	23.84206   	 4.51402869
17/03/2010 	14.571332  	26.87602   	22.58175   	 4.64214442
18/03/2010 	14.321751  	25.31177   	21.86927   	 5.03667283
19/03/2010 	17.154736  	23.32826   	21.11535   	 5.59117285
20/03/2010 	18.890057  	22.12712   	20.32634   	 6.05601796
21/03/2010 	15.600074  	20.70965   	19.59773   	 6.71968412
22/03/2010 	14.525589  	20.53180   	18.88628   	 6.84862556
23/03/2010 	14.145886  	20.68823   	19.10772   	 7.01645554
24/03/2010 	12.321515  	20.47552   	17.47958   	 7.09549225
25/03/2010 	11.624513  	20.30596   	17.03261   	 7.45603896
26/03/2010 	13.320199  	20.41662   	17.83860   	 7.68689824
27/03/2010 	14.525158  	22.46012   	19.01078   	 7.49160891
28/03/2010 	16.223326  	22.38232   	19.87307   	 7.47155534
29/03/2010 	15.052130  	21.60088   	19.35425   	 7.64307102
30/03/2010 	13.934356  	22.63165   	18.21808   	 7.92158255
31/03/2010 	15.461080  	24.62709   	21.00434   	 7.41397763
01/04/2010 	23.233213  	24.51823   	24.23365   	 6.66502883
02/04/2010 	22.456900  	24.54051   	24.33157   	 6.31698303
03/04/2010 	17.706202  	24.65778   	22.99763   	 6.73335074
04/04/2010 	16.338667  	24.88465   	21.55322   	 7.23109686
05/04/2010 	16.215780  	24.24523   	20.76889   	 7.32356198
06/04/2010 	14.536480  	24.43132   	20.53079   	 7.66400840
07/04/2010 	13.769709  	24.04433   	19.41657   	 8.11171920
08/04/2010 	12.380207  	22.51248   	17.59280   	 8.62543635
09/04/2010 	12.467365  	21.86178   	17.51783   	 9.03524814
10/04/2010 	15.216294  	22.71888   	17.69082   	 9.09321310
11/04/2010 	13.514370  	21.56078   	17.24557   	 8.85536836
12/04/2010 	12.874947  	22.36025   	17.90323   	 8.51296379
13/04/2010 	15.479751  	24.05601   	20.26756   	 8.39453926
14/04/2010 	17.160295  	23.91407   	21.33786   	 8.55124311
15/04/2010 	18.123753  	23.84461   	21.67625   	 8.62768249
16/04/2010 	20.790506  	26.34998   	23.62695   	 8.52519769
17/04/2010 	20.833691  	26.89007   	24.75513   	 8.97631211
18/04/2010 	19.466114  	27.21833   	24.66384   	 9.59333839
19/04/2010 	16.928787  	26.93735   	23.01433   	 9.79465363
20/04/2010 	15.726381  	27.03850   	23.12509   	 9.69877255
21/04/2010 	23.045698  	30.84595   	28.80897   	 8.60248434
22/04/2010 	21.808290  	30.81877   	28.38804   	 8.16115811
23/04/2010 	19.772512  	30.32441   	26.68236   	 8.74210457
24/04/2010 	16.564571  	27.93653   	24.57110   	 9.34542698
25/04/2010 	16.325039  	26.29336   	23.11848   	 9.76968076
26/04/2010 	17.327269  	25.40806   	22.42343   	10.21055233
27/04/2010 	19.149879  	25.07224   	22.12572   	10.83424018
28/04/2010 	18.567158  	25.67434   	22.34633   	11.55903562
29/04/2010 	18.335588  	25.98562   	22.57374   	12.04881511
30/04/2010 	20.039171  	25.68591   	23.31655   	12.41391442
01/05/2010 	21.184832  	25.90756   	24.07084   	12.51681395
02/05/2010 	18.247660  	25.89730   	22.61135   	11.81293078
03/05/2010 	18.421936  	30.81879   	25.40384   	 9.62514958
04/05/2010 	27.609409  	31.67455   	30.06414   	 8.85332430
05/05/2010 	23.234589  	31.40556   	29.30898   	 9.22035616
06/05/2010 	18.006525  	30.66039   	25.57371   	 9.27982044
07/05/2010 	18.329983  	28.89959   	23.70879   	 9.10750490
08/05/2010 	18.583656  	25.67440   	23.55051   	 9.46510404
09/05/2010 	18.198957  	25.22624   	22.54355   	 9.73734707
10/05/2010 	19.882730  	28.00890   	23.60491   	 9.90259308
11/05/2010 	20.019508  	27.99636   	24.17550   	 9.77293537
12/05/2010 	22.184767  	31.16047   	27.26855   	 8.87280929
13/05/2010 	23.461386  	31.08040   	28.81300   	 8.76515296
14/05/2010 	22.442562  	30.31518   	27.48935   	 9.46143929
15/05/2010 	21.078514  	29.52128   	26.73571   	10.19685586
16/05/2010 	22.643950  	30.60052   	27.79750   	10.61644244
17/05/2010 	20.950172  	30.57883   	27.35913   	11.08132583
18/05/2010 	18.573755  	30.28285   	25.67290   	11.62012543
19/05/2010 	18.241390  	29.56520   	24.80435   	12.06612496
20/05/2010 	17.862700  	28.62869   	24.26770   	12.91676066
21/05/2010 	17.117817  	27.55638   	23.40192   	13.78404192
22/05/2010 	17.422796  	28.37872   	23.46684   	14.19160742
23/05/2010 	17.836821  	29.35172   	24.39969   	14.82323712
24/05/2010 	20.823084  	27.72303   	25.47249   	15.55121885
25/05/2010 	19.385550  	29.55770   	25.47254   	15.28964400
26/05/2010 	18.053375  	28.96532   	24.63036   	14.73553419
27/05/2010 	17.965879  	27.10564   	23.96755   	14.27377685
28/05/2010 	19.473759  	27.47864   	24.77187   	14.46311571
29/05/2010 	20.724794  	30.01693   	25.29216   	14.27145414
30/05/2010 	19.999676  	27.88953   	25.39502   	14.48663010
31/05/2010 	21.586876  	30.03063   	26.03334   	14.18861292
01/06/2010 	20.543365  	28.94404   	24.90897   	14.61532523
02/06/2010 	18.200230  	27.95610   	23.56849   	15.17859741
03/06/2010 	18.296999  	27.09477   	22.66251   	15.63163108
04/06/2010 	18.384642  	26.62302   	22.69899   	16.12734944
05/06/2010 	19.703108  	26.52637   	23.17628   	16.55789592
06/06/2010 	20.874189  	26.33654   	23.50034   	17.03109960
07/06/2010 	22.289124  	26.78288   	24.63960   	17.08683149
08/06/2010 	20.703192  	26.25196   	24.23312   	17.26397125
09/06/2010 	19.857704  	25.74024   	23.65407   	17.65990949
10/06/2010 	18.947504  	25.30555   	22.49681   	17.90231593
11/06/2010 	18.944777  	25.52738   	22.09280   	18.27322555
12/06/2010 	18.662395  	26.88010   	23.11377   	18.03011362
13/06/2010 	18.871387  	28.80459   	25.10407   	16.91340276
14/06/2010 	16.995457  	27.53127   	23.73350   	17.29598622
15/06/2010 	16.601686  	27.05228   	22.31309   	16.41455682
16/06/2010 	20.753084  	30.04753   	26.14881   	15.53323023
17/06/2010 	23.074726  	31.17577   	28.28211   	15.60083912
18/06/2010 	24.878769  	32.56955   	30.37397   	15.20605409
19/06/2010 	30.027399  	32.83864   	32.35300   	14.52707022
20/06/2010 	31.179350  	32.92876   	32.69220   	13.59931894
21/06/2010 	31.790672  	32.97587   	32.68842   	13.65916012
22/06/2010 	29.123207  	32.94930   	32.31190   	14.71779996
23/06/2010 	27.704430  	32.92525   	31.62810   	15.93801085
24/06/2010 	26.323227  	32.63140   	30.88635   	17.09839010
25/06/2010 	26.379805  	32.45692   	30.33064   	17.71088338
26/06/2010 	25.466536  	31.75593   	29.40323   	18.48078350
27/06/2010 	25.284138  	31.01043   	28.44872   	18.79829013
28/06/2010 	25.076889  	30.70590   	28.33066   	19.90633841
29/06/2010 	24.375418  	30.41953   	28.44658   	20.51491161
30/06/2010 	25.424238  	30.25978   	28.56115   	20.59694850
01/07/2010 	25.974939  	30.18535   	28.37568   	20.50361335
02/07/2010 	25.346067  	30.44508   	28.36636   	21.00880563
03/07/2010 	25.023567  	29.98154   	28.29313   	21.64158158
04/07/2010 	25.357939  	29.91700   	28.24200   	21.74323134
05/07/2010 	27.169159  	30.15230   	28.76203   	21.84700882
06/07/2010 	25.586220  	30.35719   	28.79374   	20.93007545
07/07/2010 	26.032782  	30.33605   	29.02932   	20.09459567
08/07/2010 	24.804976  	30.86271   	29.24172   	20.03520679
09/07/2010 	24.286877  	30.65642   	28.48558   	20.39205551
10/07/2010 	24.676449  	30.32374   	28.01507   	21.65823921
11/07/2010 	24.547102  	29.77520   	27.42913   	22.49527188
12/07/2010 	24.910467  	30.26149   	27.43901   	22.56438617
13/07/2010 	25.989569  	30.35644   	28.04733   	22.03050347
14/07/2010 	25.539515  	30.12167   	27.68883   	21.90179980
15/07/2010 	24.814831  	29.70873   	28.13145   	21.03695544
16/07/2010 	26.195572  	30.24328   	29.15811   	19.51990736
17/07/2010 	25.659069  	29.73761   	28.98029   	19.47833534
18/07/2010 	28.307230  	29.53948   	29.05220   	19.42415595
19/07/2010 	26.057896  	29.56321   	28.63877   	19.39752432
20/07/2010 	24.311615  	29.53365   	27.88973   	20.06435815
21/07/2010 	24.064701  	29.38568   	27.74259   	20.36797889
22/07/2010 	25.577881  	29.33616   	28.40259   	20.23378297
23/07/2010 	24.261448  	29.36800   	27.50979   	20.40876734
24/07/2010 	23.550301  	29.02162   	26.87638   	20.03007980
25/07/2010 	22.679726  	28.87262   	26.63120   	19.92214787
26/07/2010 	22.111326  	28.93783   	26.07698   	20.03300524
27/07/2010 	21.813766  	28.62518   	25.87036   	20.07560742
28/07/2010 	21.478352  	28.72572   	25.94882   	20.36117832
29/07/2010 	21.008104  	29.47341   	26.00019   	20.04942723
30/07/2010 	20.665251  	30.02252   	26.91593   	19.53270980
31/07/2010 	21.030739  	29.81287   	27.48210   	19.53320098
01/08/2010 	20.465746  	29.02722   	26.87756   	19.66084675
02/08/2010 	19.811337  	28.89186   	25.65476   	20.10809644
03/08/2010 	19.847273  	28.56417   	24.85944   	20.20283643
04/08/2010 	21.345850  	28.24372   	26.21491   	19.84114965
05/08/2010 	22.049587  	28.02963   	26.34040   	19.39384357
06/08/2010 	20.707802  	28.21021   	25.63797   	19.09684404
07/08/2010 	21.013803  	27.24498   	25.42990   	19.15081648
08/08/2010 	19.436640  	26.27594   	24.22669   	19.13515043
09/08/2010 	19.711678  	26.03812   	23.09653   	19.34520062
10/08/2010 	19.761324  	26.49755   	23.52574   	19.48290618
11/08/2010 	20.408379  	26.83257   	24.15524   	19.40197122
12/08/2010 	20.165665  	26.47092   	23.50484   	19.41655711
13/08/2010 	19.871321  	26.13667   	23.44461   	19.04600259
14/08/2010 	17.789976  	26.13215   	22.21714   	19.34907039
15/08/2010 	14.821920  	25.62387   	20.08513   	18.83948787
16/08/2010 	21.668295  	27.57166   	24.82721   	18.78235535
17/08/2010 	21.316616  	26.85802   	24.84991   	19.13134245
18/08/2010 	24.906237  	27.66271   	26.29207   	18.67539418
19/08/2010 	23.803587  	27.61954   	26.34937   	18.37590210
20/08/2010 	22.596546  	26.72316   	24.19811   	18.01796639
21/08/2010 	21.202040  	24.67575   	22.06506   	18.61299666
22/08/2010 	20.935425  	21.79935   	21.30698   	19.20850841
23/08/2010 	18.730368  	22.37954   	20.99701   	19.30877638
24/08/2010 	21.704031  	24.38179   	23.41952   	18.69377398
25/08/2010 	23.219477  	24.90079   	23.89621   	17.82794547
26/08/2010 	21.618849  	25.05674   	23.92312   	16.79505495
27/08/2010 	20.576380  	24.74505   	22.23470   	16.20927483
28/08/2010 	22.065598  	24.90157   	23.66139   	15.89311594
29/08/2010 	23.068590  	26.62590   	24.81320   	15.84895964
30/08/2010 	17.915476  	27.88553   	25.57158   	15.08789770
31/08/2010 	18.262228  	26.97905   	23.06840   	15.01443126
01/09/2010 	16.576414  	25.47982   	22.30367   	15.43751782
02/09/2010 	14.340605  	24.69691   	20.61778   	15.74877421
03/09/2010 	12.817281  	23.56146   	19.10059   	15.96364435
04/09/2010 	11.152509  	22.05427   	16.80567   	16.16096675
05/09/2010 	 8.558665  	19.76267   	14.82011   	15.94747512
06/09/2010 	 7.053936  	17.87544   	12.23367   	15.60891340
07/09/2010 	 8.442074  	17.96768   	13.13518   	14.86049360
08/09/2010 	11.050246  	20.29087   	15.16979   	14.82481782
09/09/2010 	12.185488  	22.13657   	16.31039   	15.54420571
10/09/2010 	12.985807  	21.10097   	16.50877   	15.86894039
11/09/2010 	14.016570  	20.78131   	18.25543   	16.23487385
12/09/2010 	16.923134  	20.52816   	19.05977   	16.77262123
13/09/2010 	15.945313  	20.46044   	18.42424   	16.47766225
14/09/2010 	19.171383  	21.70397   	20.58399   	16.63690869
15/09/2010 	21.380251  	22.82942   	22.01812   	16.10115206
16/09/2010 	21.456890  	23.81564   	22.27572   	15.29161257
17/09/2010 	22.508554  	27.62410   	24.31793   	14.24928766
18/09/2010 	23.418678  	28.07071   	26.29748   	12.81251701
19/09/2010 	20.050245  	28.17574   	24.44037   	12.92757871
20/09/2010 	18.211782  	25.74520   	20.16015   	13.89410259
21/09/2010 	17.935791  	20.09432   	19.53569   	14.42990436
22/09/2010 	15.224386  	19.97022   	18.64999   	14.80553339
23/09/2010 	13.647861  	19.86746   	18.12032   	15.10475167
24/09/2010 	12.568664  	19.50089   	17.36208   	15.41625265
25/09/2010 	10.832239  	23.05252   	17.86603   	14.23989902
26/09/2010 	13.755092  	22.08302   	18.94657   	13.58412743
27/09/2010 	11.873936  	20.98172   	17.26242   	13.80060313
28/09/2010 	11.527591  	19.61260   	14.90362   	14.16236337
29/09/2010 	10.368598  	18.24782   	13.64892   	13.67113781
30/09/2010 	 7.644448  	18.23795   	13.07129   	12.61966310
01/10/2010 	10.255424  	18.42211   	14.84981   	13.11649044
02/10/2010 	13.542225  	20.05629   	16.72877   	13.72129756
03/10/2010 	18.404411  	20.48172   	19.53311   	14.72228362
04/10/2010 	18.047789  	21.44298   	19.97347   	15.31529184
05/10/2010 	17.741333  	21.99820   	19.86002   	15.57005535
06/10/2010 	17.626945  	21.80109   	20.26172   	15.74003027
07/10/2010 	17.423132  	22.21456   	19.84986   	15.55817799
08/10/2010 	14.434961  	22.38206   	18.01792   	15.46225876
09/10/2010 	12.915542  	22.09332   	16.57118   	14.92056451
10/10/2010 	12.551252  	21.70931   	15.60193   	14.05235076
11/10/2010 	12.420316  	20.33632   	14.94286   	13.08363710
12/10/2010 	12.914400  	19.84723   	15.95987   	12.41329453
13/10/2010 	13.393517  	20.47528   	17.56320   	12.30815109
14/10/2010 	14.079015  	22.46078   	18.33096   	12.31204051
15/10/2010 	16.881865  	26.45207   	21.04718   	12.24299679
16/10/2010 	15.791202  	26.93431   	22.69150   	11.42085568
17/10/2010 	17.718578  	26.99305   	22.35905   	10.10472123
18/10/2010 	19.776184  	22.89629   	20.99601   	 9.84036054
19/10/2010 	19.987221  	22.62906   	20.74677   	10.31719764
20/10/2010 	20.578804  	28.98441   	24.37082   	 9.52885900
21/10/2010 	24.783342  	29.04597   	27.25761   	 9.07376736
22/10/2010 	21.719149  	28.47316   	24.27043   	 9.34706517
23/10/2010 	18.703329  	24.79950   	21.25702   	 9.48614180
24/10/2010 	19.028595  	23.03509   	20.85816   	 9.04648789
25/10/2010 	21.046196  	26.93252   	24.42055   	 8.14945912
26/10/2010 	22.630175  	28.03396   	25.75617   	 8.08856681
27/10/2010 	18.202246  	23.03890   	21.44225   	 8.51123609
28/10/2010 	20.279552  	22.43411   	21.21450   	 9.38026925
29/10/2010 	18.486528  	20.41567   	19.47573   	 9.55101178
30/10/2010 	18.951550  	21.47292   	20.11319   	 9.69392349
31/10/2010 	16.952887  	21.50764   	19.96689   	 9.76567533
01/11/2010 	15.495567  	22.17707   	18.85164   	 9.74123901
02/11/2010 	16.622829  	22.24965   	20.04099   	 9.93433791
03/11/2010 	21.056822  	24.79544   	23.94544   	10.75819059
04/11/2010 	22.942986  	25.12200   	24.17788   	11.17709647
05/11/2010 	23.797413  	25.54832   	24.27999   	11.72255482
06/11/2010 	24.028725  	25.41832   	24.52767   	11.53683714
07/11/2010 	18.565784  	25.68508   	23.30965   	10.65788601
08/11/2010 	12.771757  	24.67936   	19.54640   	 9.00637428
09/11/2010 	 8.728790  	23.88339   	16.81678   	 8.26945287
10/11/2010 	12.701857  	22.01232   	16.90961   	 7.42539832
11/11/2010 	16.534822  	24.18960   	20.26313   	 7.39822246
12/11/2010 	23.745918  	25.00332   	24.37181   	 8.54606920
13/11/2010 	24.145432  	26.26351   	24.79467   	 8.73196139
14/11/2010 	23.339067  	25.41151   	24.37133   	 8.77425106
15/11/2010 	23.017656  	25.07712   	24.00605   	 8.48743081
16/11/2010 	18.908102  	24.97665   	23.64778   	 8.10882012
17/11/2010 	11.679729  	24.52098   	20.16393   	 7.12681250
18/11/2010 	11.718445  	23.05736   	18.72646   	 6.63678970
19/11/2010 	12.458680  	21.94187   	17.84991   	 6.71008466
20/11/2010 	13.855670  	21.43332   	17.29349   	 6.79585402
21/11/2010 	13.368119  	21.31485   	16.60642   	 6.82607994
22/11/2010 	11.117644  	20.89452   	14.92810   	 6.54451063
23/11/2010 	11.387341  	23.98884   	18.08648   	 6.02875385
24/11/2010 	16.964149  	25.27051   	22.11316   	 5.55928557
25/11/2010 	12.978333  	24.97878   	20.67268   	 5.24420085
26/11/2010 	12.791576  	23.19885   	18.11110   	 4.69979179
27/11/2010 	11.422258  	21.35613   	16.52566   	 4.09313886
28/11/2010 	 9.092841  	20.25758   	14.56036   	 3.26967378
29/11/2010 	 8.239710  	20.77718   	13.81240   	 2.45447598
30/11/2010 	10.068757  	20.17668   	14.38385   	 1.94829069
01/12/2010 	11.125631  	23.69147   	16.28602   	 0.17961410
02/12/2010 	16.637968  	21.03985   	18.65172   	-0.04357697
03/12/2010 	18.224524  	26.00118   	20.92391   	 0.16552712
04/12/2010 	19.528650  	24.24072   	21.85449   	 1.07153907
05/12/2010 	22.025389  	24.04620   	23.33427   	 2.11710266
06/12/2010 	20.628277  	24.01536   	22.79490   	 2.13337677
07/12/2010 	19.606050  	23.46150   	21.88555   	 1.56280844
08/12/2010 	18.721039  	24.36787   	21.46885   	 0.90779101
09/12/2010 	20.571434  	29.66849   	25.45380   	 1.37540492
10/12/2010 	22.557964  	29.61733   	26.91103   	 2.11920673
11/12/2010 	25.182808  	30.38403   	28.95303   	 3.76061663
12/12/2010 	23.770105  	30.32502   	28.82959   	 4.13844835
13/12/2010 	22.358505  	29.83687   	26.81602   	 2.79926913
14/12/2010 	18.710167  	28.70031   	23.92943   	 1.77583677
15/12/2010 	22.034578  	30.20313   	26.65790   	 1.83687544
16/12/2010 	25.374329  	30.32608   	27.43127   	 2.23093323
17/12/2010 	22.055979  	30.08494   	27.31759   	 2.30721943
18/12/2010 	15.827959  	27.58900   	23.47650   	 1.36233568
19/12/2010 	14.828969  	23.05784   	19.62460   	 0.14563859
20/12/2010 	16.540277  	22.98365   	19.40885   	-0.30667880
21/12/2010 	16.672825  	21.83998   	19.37538   	-0.66948449
22/12/2010 	15.023129  	22.70821   	18.33448   	-0.80763865
23/12/2010 	15.480998  	26.90164   	18.70084   	-0.42973581
24/12/2010 	18.432337  	30.40295   	27.00179   	 0.01601373
25/12/2010 	23.016085  	30.43614   	28.02480   	-0.63860336
26/12/2010 	26.034779  	29.85195   	28.12999   	-0.29832275
27/12/2010 	24.445097  	29.16911   	27.64593   	 0.18699639
28/12/2010 	15.916219  	27.82033   	24.46637   	 0.13452875
29/12/2010 	15.168780  	24.68381   	21.59298   	-0.16290660
30/12/2010 	15.794428  	23.71544   	20.65138   	-0.11625305
31/12/2010 	16.800375  	22.77568   	20.51959   	 0.24553876
