date	smin	smax	smean	tmean
01/01/2009  	16.563793   	23.26723    	19.435714   	 0.002675296
02/01/2009  	15.069150   	22.75143    	19.231925   	 0.845438623
03/01/2009  	16.112722   	28.14815    	21.632935   	 0.976143750
04/01/2009  	23.618542   	30.61539    	28.691203   	 2.591498879
05/01/2009  	18.191145   	30.22626    	22.912439   	 1.144531133
06/01/2009  	17.630226   	23.86539    	20.589255   	-0.524300996
07/01/2009  	17.716568   	23.31334    	20.935824   	 0.036583343
08/01/2009  	17.667440   	23.35649    	21.128377   	 0.106569749
09/01/2009  	19.810759   	23.69974    	22.266131   	-0.091764988
10/01/2009  	18.241718   	23.35027    	21.254123   	-0.541492661
11/01/2009  	19.167629   	23.37293    	21.882628   	-0.488612227
12/01/2009  	21.612152   	24.32769    	23.014219   	 0.884164295
13/01/2009  	23.197790   	24.60612    	23.969154   	 1.884454300
14/01/2009  	20.108433   	24.61752    	23.111558   	 2.170225362
15/01/2009  	18.838366   	24.24620    	21.423069   	 1.767084052
16/01/2009  	14.602640   	23.52570    	18.985422   	 1.510166476
17/01/2009  	15.283539   	22.97154    	20.412345   	 1.863674656
18/01/2009  	22.737318   	24.11198    	23.449114   	 2.803066984
19/01/2009  	23.155603   	24.75067    	23.835783   	 2.856119211
20/01/2009  	23.174929   	27.19494    	24.969480   	 3.012483463
21/01/2009  	25.372568   	27.37247    	26.576150   	 2.746076465
22/01/2009  	24.569836   	27.44292    	26.006213   	 2.488454501
23/01/2009  	25.395792   	28.13054    	27.168533   	 2.884341737
24/01/2009  	26.157841   	27.70147    	26.975252   	 3.082233270
25/01/2009  	26.302099   	27.62744    	26.953645   	 2.844394113
26/01/2009  	19.573824   	26.81007    	24.000758   	 2.182614749
27/01/2009  	18.088741   	25.39948    	21.144964   	 1.431092612
28/01/2009  	17.800097   	23.99643    	20.289294   	 1.038517725
29/01/2009  	14.021263   	22.15903    	17.991847   	 0.753684811
30/01/2009  	13.922955   	17.92803    	15.547411   	 0.176127969
31/01/2009  	14.324783   	17.35337    	16.037591   	-0.540395299
01/02/2009  	15.976244   	19.71291    	17.704979   	-0.971964640
02/02/2009  	18.580347   	21.38570    	20.050897   	-0.722823671
03/02/2009  	20.075975   	21.60627    	20.588398   	 0.076080440
04/02/2009  	20.405869   	21.97288    	21.015173   	 0.437099953
05/02/2009  	20.644112   	22.58510    	21.724731   	 0.710307253
06/02/2009  	20.311066   	23.07074    	21.715110   	 1.237965472
07/02/2009  	19.347168   	22.73559    	21.261385   	 1.529501975
08/02/2009  	19.324526   	24.38908    	21.901152   	 1.503509571
09/02/2009  	20.860893   	24.09916    	22.923888   	 1.619440913
10/02/2009  	13.879666   	22.63536    	19.457678   	 1.535584398
11/02/2009  	15.190790   	25.56876    	20.168811   	 1.791403083
12/02/2009  	17.484997   	26.59067    	22.372744   	 2.093449583
13/02/2009  	16.657541   	27.00712    	22.555755   	 2.221631192
14/02/2009  	16.947685   	24.79937    	20.284429   	 1.608314221
15/02/2009  	16.724905   	24.59338    	20.911111   	 1.828889271
16/02/2009  	15.284100   	24.97787    	20.871353   	 2.734202648
17/02/2009  	12.532117   	26.59687    	19.463348   	 3.233450542
18/02/2009  	12.424138   	24.00210    	16.497652   	 2.430539946
19/02/2009  	11.580522   	21.38470    	16.767165   	 2.377027959
20/02/2009  	11.759973   	21.02388    	17.358526   	 3.088192672
21/02/2009  	13.173247   	21.34614    	16.915221   	 3.340064665
22/02/2009  	13.434993   	24.27338    	19.315224   	 3.890113319
23/02/2009  	15.360990   	26.47178    	21.867037   	 4.291867822
24/02/2009  	11.114308   	24.60552    	17.985079   	 4.067432076
25/02/2009  	11.957117   	22.73441    	18.191563   	 4.218776077
26/02/2009  	18.979700   	26.06392    	22.109127   	 4.750246475
27/02/2009  	18.927877   	27.71897    	24.166186   	 5.344036251
28/02/2009  	15.319424   	26.69014    	21.937304   	 5.682150781
01/03/2009  	12.990305   	25.11386    	18.697897   	 5.285338233
02/03/2009  	11.711580   	22.94857    	16.899376   	 5.295108199
03/03/2009  	13.120974   	22.04185    	19.017440   	 5.412001381
04/03/2009  	14.665857   	20.31068    	17.412846   	 4.758336683
05/03/2009  	14.123570   	20.10257    	16.637850   	 4.824999303
06/03/2009  	10.598752   	20.13590    	14.929871   	 4.765379061
07/03/2009  	11.727662   	20.67105    	17.359901   	 4.460356499
08/03/2009  	15.397743   	20.00337    	19.251026   	 5.036265184
09/03/2009  	19.433832   	21.15052    	20.346177   	 4.911001871
10/03/2009  	19.952431   	21.03785    	20.672366   	 4.938278506
11/03/2009  	17.606707   	21.73908    	20.315836   	 4.951731920
12/03/2009  	15.270113   	22.71032    	19.467076   	 5.285172860
13/03/2009  	13.237683   	22.54709    	19.218220   	 5.627721757
14/03/2009  	12.287877   	22.00487    	17.353497   	 5.840308994
15/03/2009  	13.821106   	24.23164    	20.296514   	 6.059764365
16/03/2009  	11.682822   	23.94789    	17.536473   	 6.222410113
17/03/2009  	 8.234940   	22.25663    	14.479819   	 6.588505149
18/03/2009  	 7.313758   	18.34590    	11.291488   	 6.345081141
19/03/2009  	 7.190466   	16.59669    	10.491575   	 6.460770915
20/03/2009  	 6.697207   	14.24735    	 9.145492   	 6.097602338
21/03/2009  	 6.295968   	14.25663    	 9.687298   	 6.213416139
22/03/2009  	 6.921380   	22.90685    	12.614395   	 6.436028620
23/03/2009  	13.565266   	25.31366    	20.474606   	 6.564479212
24/03/2009  	22.344378   	27.40532    	24.256730   	 6.210339963
25/03/2009  	19.108213   	25.18268    	22.621823   	 6.232388258
26/03/2009  	16.675915   	24.63596    	22.380405   	 6.305099765
27/03/2009  	17.044350   	24.04222    	19.899575   	 6.359813889
28/03/2009  	16.805315   	18.02632    	17.292399   	 6.380616337
29/03/2009  	14.650278   	20.52654    	17.207029   	 6.278407276
30/03/2009  	13.747267   	20.42807    	17.693907   	 5.871204823
31/03/2009  	12.860488   	19.79136    	17.034544   	 6.432180027
01/04/2009  	 8.941267   	19.37423    	14.317723   	 7.072244455
02/04/2009  	 6.718587   	15.72779    	10.328044   	 7.638365497
03/04/2009  	 6.777368   	15.46636    	 9.727399   	 8.281587710
04/04/2009  	 7.603350   	16.20858    	11.336433   	 8.533666084
05/04/2009  	 8.941692   	15.85096    	12.135930   	 8.636301885
06/04/2009  	10.392328   	15.72715    	12.105640   	 8.676722844
07/04/2009  	10.428300   	16.25982    	12.759240   	 9.253826658
08/04/2009  	11.158534   	18.21437    	15.547857   	 9.097482522
09/04/2009  	12.799269   	18.47765    	15.849364   	 8.981375098
10/04/2009  	14.890781   	18.28675    	16.865161   	 9.749318957
11/04/2009  	14.840396   	18.21793    	16.340869   	10.614783128
12/04/2009  	15.266412   	18.13986    	16.658998   	10.863695920
13/04/2009  	15.900991   	18.68483    	17.134997   	10.757296761
14/04/2009  	16.473455   	19.31842    	17.493961   	10.759299457
15/04/2009  	16.440886   	18.55264    	17.463617   	11.057042181
16/04/2009  	15.958520   	18.98919    	17.286145   	11.673251410
17/04/2009  	16.782761   	18.88364    	17.682523   	11.409156303
18/04/2009  	15.997754   	18.72254    	17.301512   	10.636371632
19/04/2009  	16.682562   	18.16249    	17.517135   	10.726315737
20/04/2009  	16.797771   	18.71506    	17.838509   	11.497013509
21/04/2009  	16.864494   	20.01509    	18.460024   	12.153828998
22/04/2009  	17.617653   	24.84242    	20.612500   	12.120362540
23/04/2009  	17.997904   	24.77759    	21.435556   	11.925402522
24/04/2009  	18.504728   	23.54314    	21.055033   	12.176786919
25/04/2009  	19.485611   	23.21885    	21.057313   	12.225224872
26/04/2009  	19.698753   	22.99203    	21.221944   	12.683795214
27/04/2009  	19.672449   	23.07796    	21.822035   	12.881482999
28/04/2009  	20.031811   	23.16817    	21.708758   	12.717375338
29/04/2009  	20.157263   	22.69462    	21.684296   	12.635796944
30/04/2009  	20.322281   	22.69126    	21.527168   	12.774131775
01/05/2009  	20.315010   	23.20947    	21.482623   	13.428528388
02/05/2009  	20.477745   	23.51149    	21.799435   	13.792959988
03/05/2009  	20.799406   	25.47906    	22.454110   	13.465264777
04/05/2009  	22.578768   	29.25688    	26.064296   	12.118430416
05/05/2009  	24.873354   	29.27143    	26.733261   	12.015023748
06/05/2009  	23.144440   	28.36076    	26.036409   	12.409157634
07/05/2009  	21.358757   	26.89634    	23.651638   	12.725799938
08/05/2009  	21.120974   	23.32286    	21.668233   	12.904213270
09/05/2009  	20.957396   	22.33061    	21.351669   	12.510972778
10/05/2009  	20.528862   	22.56071    	21.266027   	12.949309150
11/05/2009  	20.720615   	25.77084    	22.354421   	12.527869662
12/05/2009  	24.869459   	27.77474    	26.137563   	11.806914747
13/05/2009  	23.451948   	27.06853    	25.312626   	11.857678870
14/05/2009  	22.348434   	25.05019    	23.404715   	12.474444389
15/05/2009  	21.883663   	24.57491    	22.715083   	12.956431071
16/05/2009  	21.960375   	24.34463    	23.150928   	13.043141603
17/05/2009  	22.129850   	24.51189    	23.157518   	13.456950327
18/05/2009  	23.791105   	25.16930    	24.434390   	13.468746841
19/05/2009  	24.694002   	25.49355    	25.053789   	13.406163712
20/05/2009  	23.642729   	25.25162    	24.983395   	13.669175804
21/05/2009  	22.845961   	25.18093    	24.585412   	14.286616882
22/05/2009  	22.621857   	25.34021    	24.450160   	14.574975689
23/05/2009  	22.829281   	25.38095    	24.329346   	15.277838230
24/05/2009  	22.868347   	25.52755    	24.339001   	16.144070625
25/05/2009  	22.128635   	25.62033    	23.697805   	16.624398569
26/05/2009  	21.007526   	25.93189    	23.989820   	17.080032070
27/05/2009  	23.624441   	27.73465    	25.995826   	15.985380848
28/05/2009  	25.081200   	27.86035    	26.881283   	15.613596837
29/05/2009  	20.320734   	27.35563    	24.253440   	15.395204405
30/05/2009  	17.599705   	25.12369    	21.106605   	15.194931547
31/05/2009  	18.241673   	22.87573    	20.536184   	15.789534350
01/06/2009  	19.148869   	24.15493    	21.282045   	16.699906945
02/06/2009  	23.093924   	28.14892    	26.244705   	16.095736225
03/06/2009  	27.875559   	30.69620    	29.978508   	14.943159004
04/06/2009  	30.675747   	31.07632    	30.863119   	13.387504121
05/06/2009  	30.946011   	31.42037    	31.199324   	13.065122167
06/06/2009  	28.345736   	31.36884    	30.137075   	12.964413822
07/06/2009  	27.023331   	30.74157    	29.381254   	13.420014819
08/06/2009  	25.506693   	30.23242    	28.023486   	14.651979645
09/06/2009  	24.727257   	29.85713    	27.397725   	15.543425202
10/06/2009  	24.982502   	29.42910    	27.905664   	15.573258619
11/06/2009  	21.425863   	29.22165    	25.091594   	15.401853244
12/06/2009  	21.270773   	29.13090    	24.785971   	15.209801773
13/06/2009  	19.586584   	29.05124    	24.455163   	15.122384926
14/06/2009  	17.745270   	28.08657    	22.968502   	16.264135639
15/06/2009  	18.028387   	27.35580    	21.438578   	16.830149253
16/06/2009  	16.003778   	24.81961    	19.334098   	16.509005725
17/06/2009  	16.741390   	22.63470    	19.117119   	16.582095027
18/06/2009  	18.184574   	24.63884    	20.664153   	16.866592566
19/06/2009  	18.510464   	26.81082    	23.155847   	16.681994041
20/06/2009  	22.277130   	28.94081    	25.796562   	16.106730441
21/06/2009  	19.930170   	28.21734    	25.414022   	15.720434407
22/06/2009  	20.340429   	27.24344    	24.164220   	15.884650350
23/06/2009  	19.332088   	26.07427    	22.303326   	16.804201523
24/06/2009  	21.528820   	25.23148    	23.357665   	17.398956060
25/06/2009  	23.015339   	27.09813    	25.080893   	17.462137520
26/06/2009  	22.681681   	27.57034    	25.320638   	18.473344723
27/06/2009  	21.867754   	26.71576    	24.076041   	19.310825348
28/06/2009  	22.112038   	26.21791    	23.595767   	19.890242139
29/06/2009  	22.500650   	26.05001    	23.825445   	20.733666023
30/06/2009  	21.985786   	25.78162    	24.038528   	21.038210471
01/07/2009  	22.598389   	25.88652    	24.579662   	21.138324102
02/07/2009  	23.439558   	26.41061    	25.129942   	21.301393986
03/07/2009  	23.642685   	26.25455    	25.392022   	21.680528005
04/07/2009  	23.543661   	26.73541    	25.606921   	21.877633095
05/07/2009  	23.076271   	26.62847    	25.332358   	22.447080215
06/07/2009  	21.658768   	28.17891    	26.040851   	22.156042933
07/07/2009  	26.682611   	28.13105    	27.599930   	20.898014863
08/07/2009  	26.255945   	28.36941    	27.891817   	20.017609517
09/07/2009  	29.291317   	31.66662    	30.849271   	17.448288520
10/07/2009  	30.762024   	32.53431    	31.731106   	15.529962222
11/07/2009  	29.011492   	32.46456    	31.558895   	15.594238758
12/07/2009  	27.658028   	32.05156    	30.661079   	16.582342247
13/07/2009  	27.309322   	31.89095    	29.998128   	17.441672166
14/07/2009  	24.663960   	31.25134    	28.211048   	18.663457155
15/07/2009  	22.820196   	30.16921    	28.078164   	19.291725079
16/07/2009  	25.705780   	29.58541    	27.689525   	19.413516124
17/07/2009  	24.663248   	27.30007    	25.892657   	19.305050055
18/07/2009  	23.952793   	25.81050    	24.381786   	18.854338924
19/07/2009  	23.880024   	25.09555    	24.337196   	18.521284302
20/07/2009  	24.449663   	25.06383    	24.728609   	18.758676728
21/07/2009  	24.505348   	25.00048    	24.719955   	18.659420252
22/07/2009  	24.538235   	25.25764    	24.818481   	19.171389461
23/07/2009  	24.579782   	25.62047    	25.062445   	19.070423921
24/07/2009  	24.615376   	25.62838    	25.088581   	18.862418652
25/07/2009  	24.620253   	26.18194    	25.188099   	18.309907118
26/07/2009  	24.776016   	26.73979    	25.622583   	17.812606017
27/07/2009  	22.856646   	26.49598    	25.315670   	18.514751315
28/07/2009  	22.861599   	26.91801    	25.867945   	18.551044544
29/07/2009  	22.037226   	26.95747    	25.039950   	18.668644865
30/07/2009  	24.596476   	26.78907    	26.030157   	19.186123371
31/07/2009  	24.245947   	27.63013    	25.855639   	18.034164429
01/08/2009  	23.363073   	26.95604    	25.587329   	18.122172038
02/08/2009  	23.486839   	26.85445    	25.266735   	18.556322098
03/08/2009  	22.467731   	26.52287    	24.884698   	18.660409609
04/08/2009  	20.291046   	26.02701    	23.645419   	19.374660373
05/08/2009  	18.989347   	25.71121    	22.105035   	20.136588693
06/08/2009  	18.898083   	25.27342    	21.548837   	20.927353064
07/08/2009  	19.514160   	24.12752    	21.337736   	21.059336543
08/08/2009  	19.764078   	24.28159    	21.717658   	20.623376171
09/08/2009  	19.817225   	25.69315    	21.996533   	20.236389875
10/08/2009  	20.624617   	25.48091    	22.502163   	20.424079498
11/08/2009  	20.901218   	25.40825    	23.073229   	20.626811186
12/08/2009  	21.175922   	27.59626    	24.885115   	20.047654867
13/08/2009  	21.277546   	28.80020    	25.771411   	19.507804076
14/08/2009  	21.160097   	28.09113    	24.680320   	19.489090999
15/08/2009  	24.083271   	28.27578    	27.046133   	19.592655222
16/08/2009  	26.117195   	27.89905    	27.346777   	19.924796303
17/08/2009  	24.758507   	30.41128    	27.420669   	19.843830427
18/08/2009  	24.126768   	30.70462    	27.935835   	19.411904971
19/08/2009  	21.539003   	28.92157    	25.852129   	19.773629467
20/08/2009  	19.793346   	28.13546    	24.876795   	20.153150479
21/08/2009  	23.132151   	27.20932    	25.942919   	19.788983067
22/08/2009  	23.056528   	28.90335    	26.152784   	19.028114955
23/08/2009  	22.533869   	27.90575    	24.942744   	19.138402780
24/08/2009  	22.494209   	27.42985    	24.175682   	19.250158827
25/08/2009  	22.252659   	26.84190    	24.324206   	19.788009922
26/08/2009  	23.154068   	26.79592    	25.146214   	19.123338103
27/08/2009  	24.237947   	27.12575    	26.057200   	19.129621824
28/08/2009  	26.068291   	26.74603    	26.398067   	18.901381413
29/08/2009  	25.818001   	26.19849    	25.972239   	17.763323784
30/08/2009  	25.812265   	26.58876    	26.107854   	16.919500113
31/08/2009  	24.983074   	26.52616    	25.663866   	17.609164476
01/09/2009  	23.899958   	25.43480    	24.551982   	17.738166134
02/09/2009  	24.182644   	25.33105    	24.775305   	17.692191799
03/09/2009  	24.471218   	29.63986    	26.707380   	17.497335076
04/09/2009  	28.512804   	29.85690    	29.014862   	16.804001172
05/09/2009  	28.569143   	29.39079    	29.043395   	16.341294726
06/09/2009  	28.389259   	29.19209    	28.732986   	15.497902234
07/09/2009  	28.399704   	29.05713    	28.709211   	15.560590982
08/09/2009  	26.086687   	28.96526    	28.113612   	16.283873657
09/09/2009  	24.641958   	28.99015    	27.432321   	16.794397751
10/09/2009  	25.582596   	28.64971    	27.314793   	16.300644298
11/09/2009  	27.684628   	28.74500    	28.226336   	15.400801877
12/09/2009  	28.074711   	29.22265    	28.547117   	15.700694680
13/09/2009  	28.885658   	29.69335    	29.345684   	15.959691664
14/09/2009  	28.111839   	29.83171    	29.266457   	15.623718957
15/09/2009  	26.955011   	29.58566    	28.413981   	15.698758185
16/09/2009  	28.150345   	29.93376    	29.089328   	16.095489641
17/09/2009  	29.010828   	30.30205    	29.871946   	15.390713314
18/09/2009  	29.519829   	30.29274    	29.935199   	15.162673771
19/09/2009  	28.787109   	30.18925    	29.620708   	15.509071628
20/09/2009  	28.193653   	30.58475    	29.586638   	16.146584133
21/09/2009  	28.820335   	30.79302    	29.764360   	15.914665262
22/09/2009  	29.407066   	31.31198    	30.287819   	16.156276047
23/09/2009  	30.617355   	31.82321    	31.307492   	16.177959383
24/09/2009  	30.013573   	32.04408    	31.716030   	15.751275698
25/09/2009  	29.291414   	32.07039    	31.419044   	15.587986191
26/09/2009  	28.087011   	32.07396    	30.706466   	15.507811467
27/09/2009  	27.731329   	31.99202    	29.796421   	15.869743486
28/09/2009  	27.511724   	32.31026    	30.909945   	16.307385008
29/09/2009  	30.764162   	32.55388    	32.258374   	16.400005937
30/09/2009  	28.669241   	32.54837    	31.420733   	15.953785678
01/10/2009  	28.791840   	32.53952    	31.824956   	15.263510664
02/10/2009  	27.629433   	32.60916    	31.981645   	13.985573451
03/10/2009  	29.293850   	32.72393    	31.412410   	13.945802331
04/10/2009  	27.685961   	29.47381    	28.738270   	13.500007153
05/10/2009  	28.578218   	30.08139    	29.030232   	12.594821036
06/10/2009  	27.072975   	29.41135    	28.435162   	12.876497050
07/10/2009  	25.555317   	27.65712    	27.002952   	13.840801557
08/10/2009  	24.760080   	28.71270    	26.854494   	13.375851115
09/10/2009  	20.077328   	29.04372    	24.920582   	12.200021366
10/10/2009  	16.367363   	26.90576    	21.463754   	11.560404837
11/10/2009  	18.361584   	28.47665    	23.346647   	11.741645098
12/10/2009  	22.628792   	30.95579    	27.065386   	11.277736247
13/10/2009  	25.753496   	31.40886    	28.724652   	10.316662411
14/10/2009  	22.011492   	30.28742    	26.543429   	 9.836288969
15/10/2009  	19.918238   	28.27374    	24.495677   	 9.300622920
16/10/2009  	25.259968   	33.44290    	31.047655   	10.849244992
17/10/2009  	31.456615   	33.43976    	32.279733   	 9.445964942
18/10/2009  	31.396519   	33.02226    	32.419551   	 9.615446885
19/10/2009  	31.359861   	32.85685    	32.209305   	 9.593954126
20/10/2009  	21.030216   	32.35155    	28.790314   	 8.472581873
21/10/2009  	17.760082   	27.46057    	22.800872   	 8.036452333
22/10/2009  	14.798057   	25.44549    	20.842744   	 8.152283510
23/10/2009  	18.850542   	25.94001    	21.766361   	 8.648414473
24/10/2009  	20.366673   	26.72859    	23.127455   	 9.381225189
25/10/2009  	26.323034   	28.17484    	27.289681   	10.322264731
26/10/2009  	28.141912   	28.57442    	28.366237   	10.878128608
27/10/2009  	28.144508   	28.58373    	28.394964   	11.211922665
28/10/2009  	28.347790   	28.58441    	28.473886   	11.292152027
29/10/2009  	25.811779   	28.60033    	27.889047   	11.553360045
30/10/2009  	23.842323   	28.53740    	26.474507   	11.345986923
31/10/2009  	21.850552   	28.25903    	24.967496   	10.680420538
01/11/2009  	21.425856   	28.27573    	25.476791   	11.062780996
02/11/2009  	25.862982   	28.19951    	27.473851   	11.313894729
03/11/2009  	27.117868   	28.40483    	27.757228   	10.489610652
04/11/2009  	27.682663   	28.36319    	27.997967   	10.311102728
05/11/2009  	27.427629   	28.01314    	27.785897   	10.108113448
06/11/2009  	27.427719   	27.99675    	27.775286   	 9.978357673
07/11/2009  	27.133831   	27.95841    	27.439408   	10.028381010
08/11/2009  	25.239637   	27.93268    	27.084576   	 9.275744160
09/11/2009  	23.276644   	27.46261    	24.727351   	 8.536576807
10/11/2009  	20.978477   	26.85436    	23.536889   	 8.319545348
11/11/2009  	20.218126   	26.42532    	23.360110   	 8.496204674
12/11/2009  	20.732285   	26.67765    	24.325013   	 8.157942583
13/11/2009  	22.184870   	27.21363    	26.158304   	 9.081928313
14/11/2009  	24.792534   	26.45950    	25.608666   	10.244062960
15/11/2009  	26.031424   	28.15367    	27.596839   	10.187083602
16/11/2009  	25.648838   	28.04802    	27.506703   	10.156086922
17/11/2009  	26.366581   	27.45102    	26.760521   	10.216323336
18/11/2009  	26.743204   	30.19643    	28.399098   	10.454271515
19/11/2009  	27.684713   	30.14718    	29.431332   	10.674791475
20/11/2009  	24.636776   	28.24605    	26.973882   	 9.922885537
21/11/2009  	25.052088   	28.53663    	26.721311   	10.388510406
22/11/2009  	26.466267   	28.94241    	27.718994   	10.729769349
23/11/2009  	28.748659   	29.96186    	29.239730   	10.466695547
24/11/2009  	29.586742   	29.97404    	29.869454   	10.355396171
25/11/2009  	25.694927   	30.10601    	28.879135   	10.282478750
26/11/2009  	30.055241   	30.45619    	30.278033   	 9.921631495
27/11/2009  	30.432499   	30.53023    	30.478434   	 9.617578030
28/11/2009  	29.958996   	30.45378    	30.205432   	 8.927941163
29/11/2009  	28.993567   	30.05431    	29.550391   	 8.820026179
30/11/2009  	27.052654   	29.23586    	28.561401   	 8.415963729
01/12/2009  	24.284950   	28.39860    	26.661223   	 7.327788701
02/12/2009  	17.812834   	27.15680    	24.149096   	 6.293334027
03/12/2009  	17.600382   	27.24965    	24.583632   	 7.126003414
04/12/2009  	23.395235   	27.21362    	26.307827   	 7.543312967
05/12/2009  	24.232363   	26.94924    	25.360461   	 7.125519564
06/12/2009  	24.098732   	25.25891    	24.628266   	 8.037564238
07/12/2009  	24.098967   	24.60524    	24.395157   	 7.918619444
08/12/2009  	22.250521   	24.39016    	23.856557   	 7.647060802
09/12/2009  	21.584719   	24.32872    	23.508211   	 7.534873555
10/12/2009  	18.869600   	24.01442    	22.807623   	 7.931370993
11/12/2009  	17.292479   	24.12657    	19.973294   	 7.922496736
12/12/2009  	14.441494   	20.04786    	16.972221   	 6.872229755
13/12/2009  	14.152708   	17.07569    	15.636654   	 5.395273060
14/12/2009  	13.670796   	17.11380    	15.332701   	 4.460349778
15/12/2009  	10.937563   	16.60828    	14.015119   	 3.534506753
16/12/2009  	10.847661   	17.85612    	15.059861   	 3.220209693
17/12/2009  	11.929190   	17.74636    	13.911154   	 2.866466930
18/12/2009  	 8.539116   	14.58764    	11.388238   	 2.667486519
19/12/2009  	 7.445821   	17.94653    	11.506256   	 1.554609603
20/12/2009  	12.901837   	21.41253    	18.251213   	 2.154199250
21/12/2009  	17.659294   	21.32642    	20.349462   	 2.420567028
22/12/2009  	17.133034   	21.08208    	20.091949   	 2.137021410
23/12/2009  	19.836096   	21.17563    	20.545983   	 2.225600637
24/12/2009  	16.892309   	21.25195    	20.029970   	 2.066982736
25/12/2009  	14.591170   	22.58005    	18.968234   	 2.066826329
26/12/2009  	20.374786   	22.40003    	21.166292   	 2.880334730
27/12/2009  	21.486689   	23.48463    	22.681553   	 3.623972416
28/12/2009  	21.223688   	25.41703    	23.503253   	 3.758389284
29/12/2009  	15.933455   	23.65174    	20.405651   	 2.737729510
30/12/2009  	12.381624   	18.88503    	15.482935   	 1.897267319
31/12/2009  	12.821875   	20.79805    	15.197116   	 1.699111809
01/01/2010  	15.058686   	19.00177    	17.027857   	 1.428215588
02/01/2010  	14.815107   	19.02261    	17.389943   	 1.158775563
03/01/2010  	12.300025   	17.74643    	14.702682   	 0.859868913
04/01/2010  	13.490290   	19.01802    	15.984375   	 0.837943887
05/01/2010  	15.121593   	21.03669    	17.164010   	 1.213242802
06/01/2010  	15.076397   	21.05139    	17.833523   	 1.306694334
07/01/2010  	14.284568   	21.17055    	16.885851   	 1.132292098
08/01/2010  	10.907955   	19.98671    	14.947831   	 0.372159810
09/01/2010  	10.739513   	26.32052    	16.210309   	-0.177024772
10/01/2010  	10.751591   	25.71647    	17.264075   	 0.223054277
11/01/2010  	11.696974   	18.99065    	14.441454   	 0.223698860
12/01/2010  	 7.649014   	16.02896    	13.246289   	-0.216524712
13/01/2010  	 5.216429   	15.69375    	10.694370   	-0.616165570
14/01/2010  	12.097113   	18.96644    	14.712275   	-0.523582972
15/01/2010  	13.012679   	17.85936    	15.420364   	-0.511196751
16/01/2010  	15.579286   	18.01623    	16.680848   	-0.060006069
17/01/2010  	16.940844   	22.25995    	19.132084   	 0.495305018
18/01/2010  	17.880846   	20.88577    	19.272375   	 0.853032933
19/01/2010  	18.103109   	20.63460    	19.114593   	 1.370482554
20/01/2010  	15.068462   	20.60932    	17.308607   	 0.837880230
21/01/2010  	10.600211   	19.61024    	14.505191   	 0.537507831
22/01/2010  	11.215570   	17.28847    	13.191141   	 0.044648098
23/01/2010  	11.126720   	18.65447    	14.171835   	 0.280614167
24/01/2010  	12.492771   	18.12892    	14.610575   	 0.141004866
25/01/2010  	13.208004   	18.27464    	15.209146   	-0.331717422
26/01/2010  	11.414888   	16.93388    	13.958061   	-0.738190218
27/01/2010  	11.793274   	18.53173    	15.492720   	-0.472949334
28/01/2010  	17.196247   	27.85481    	23.291964   	 0.754263425
29/01/2010  	18.615837   	27.43751    	24.446963   	 1.243313263
30/01/2010  	14.479280   	26.55524    	21.111638   	 0.830186486
31/01/2010  	15.670188   	27.50229    	22.904792   	 0.846011098
01/02/2010  	17.090292   	27.99160    	24.449184   	 1.133096897
02/02/2010  	21.294020   	27.87734    	25.633425   	 1.319760062
03/02/2010  	21.831451   	28.82819    	26.870996   	 1.503948857
04/02/2010  	19.409267   	28.73094    	24.229466   	 1.566098027
05/02/2010  	12.224742   	27.58776    	18.145259   	 1.553456401
06/02/2010  	11.815188   	22.37344    	16.170901   	 1.692714684
07/02/2010  	10.020370   	19.22743    	13.108833   	 1.210911507
08/02/2010  	 9.191766   	16.35464    	11.550424   	 0.242843737
09/02/2010  	 8.107552   	13.47546    	10.251110   	-0.416804694
10/02/2010  	 9.031447   	23.11323    	12.300426   	-0.448365358
11/02/2010  	12.363949   	26.85943    	18.981430   	-0.469325776
12/02/2010  	17.688528   	24.59370    	20.544576   	-0.716704893
13/02/2010  	17.289688   	26.84405    	22.617145   	-0.681087190
14/02/2010  	21.246469   	26.58777    	23.516576   	-0.836863764
15/02/2010  	18.560946   	24.76573    	21.741419   	-1.142728752
16/02/2010  	16.329893   	23.07736    	19.577532   	-0.876128834
17/02/2010  	16.270775   	20.58929    	19.206281   	-0.694103779
18/02/2010  	15.342439   	20.64876    	17.854940   	-0.476157565
19/02/2010  	16.434383   	22.17674    	19.463338   	 0.252304001
20/02/2010  	20.380606   	22.56744    	21.671546   	 0.777705433
21/02/2010  	20.503126   	22.53139    	21.492650   	 0.768999365
22/02/2010  	19.131086   	22.88928    	21.622409   	 1.164955296
23/02/2010  	15.831132   	22.45655    	18.189407   	 0.991870758
24/02/2010  	14.546266   	20.60366    	17.225591   	 0.967466388
25/02/2010  	16.296164   	22.04122    	18.938839   	 1.878256982
26/02/2010  	16.935993   	23.79504    	20.523803   	 2.572477773
27/02/2010  	24.032825   	25.28668    	24.446411   	 2.642375097
28/02/2010  	20.896339   	25.17076    	23.961424   	 3.106312056
01/03/2010  	21.145357   	24.80178    	23.736914   	 3.397653048
02/03/2010  	19.487890   	24.34816    	22.803827   	 3.033969050
03/03/2010  	16.807665   	24.08853    	20.928725   	 2.812648078
04/03/2010  	16.546345   	22.08243    	18.917286   	 2.852943838
05/03/2010  	16.496428   	25.33946    	21.030880   	 2.706444512
06/03/2010  	18.034847   	27.94245    	22.240123   	 2.257213722
07/03/2010  	16.441048   	21.92332    	18.922554   	 1.171786745
08/03/2010  	12.962492   	20.88342    	17.572585   	 1.400356167
09/03/2010  	11.641066   	18.90125    	14.806114   	 1.326580166
10/03/2010  	 9.158334   	16.12582    	12.907620   	 1.615001162
11/03/2010  	 8.464734   	16.97379    	12.455180   	 1.805425979
12/03/2010  	12.064420   	18.26374    	15.948100   	 2.470188531
13/03/2010  	12.389384   	24.15357    	19.086940   	 3.039686233
14/03/2010  	14.094840   	30.11415    	25.462942   	 3.926349054
15/03/2010  	14.853637   	28.75388    	23.626602   	 4.249058932
16/03/2010  	13.695347   	28.77040    	22.037911   	 4.498160134
17/03/2010  	14.572699   	25.95630    	21.340808   	 4.635564695
18/03/2010  	14.487017   	25.33574    	20.750189   	 5.136446595
19/03/2010  	17.887976   	24.21967    	21.185387   	 5.796211223
20/03/2010  	16.956644   	22.12187    	20.434448   	 6.396962017
21/03/2010  	14.777141   	20.37963    	18.932840   	 6.951949755
22/03/2010  	14.154502   	20.24148    	17.292335   	 6.629234125
23/03/2010  	12.727668   	20.90004    	17.256658   	 6.743571649
24/03/2010  	12.065729   	20.17659    	15.012412   	 6.930121620
25/03/2010  	11.339480   	19.06679    	14.603420   	 7.613134404
26/03/2010  	11.993054   	18.91626    	15.640464   	 7.844994018
27/03/2010  	13.701995   	20.64713    	17.040372   	 7.721417507
28/03/2010  	14.806955   	20.74650    	18.240542   	 7.710652133
29/03/2010  	14.317717   	20.18894    	17.953500   	 7.830238144
30/03/2010  	13.394584   	20.22081    	16.586252   	 7.988740981
31/03/2010  	16.482979   	23.30219    	20.109748   	 7.348298043
01/04/2010  	22.456842   	24.44643    	23.653410   	 6.594346792
02/04/2010  	24.051640   	24.46485    	24.349427   	 6.397134046
03/04/2010  	18.039331   	24.45177    	21.949440   	 6.735136410
04/04/2010  	15.156122   	23.72747    	19.570745   	 7.258024295
05/04/2010  	15.187145   	22.80322    	18.528483   	 7.224350770
06/04/2010  	15.280408   	22.92002    	18.487612   	 7.624853323
07/04/2010  	11.143906   	21.64956    	15.770914   	 8.125316620
08/04/2010  	12.010311   	19.91605    	15.025422   	 8.737659891
09/04/2010  	13.344149   	19.00205    	15.547199   	 9.090688268
10/04/2010  	14.164214   	19.52019    	16.109942   	 9.307669759
11/04/2010  	14.204720   	18.03881    	16.322015   	 8.861885468
12/04/2010  	16.281218   	21.42159    	18.373401   	 8.435781499
13/04/2010  	18.235008   	23.08398    	20.746087   	 8.367054164
14/04/2010  	19.116335   	23.09222    	21.201017   	 8.482414544
15/04/2010  	20.175301   	24.18016    	21.696186   	 8.484963566
16/04/2010  	22.985058   	25.61690    	24.366969   	 8.344093790
17/04/2010  	24.071686   	26.62155    	25.191697   	 8.616389940
18/04/2010  	20.781666   	26.68521    	24.108264   	 9.402728498
19/04/2010  	17.585201   	25.07088    	21.477476   	 9.528716028
20/04/2010  	17.583473   	28.07619    	22.329064   	 9.372803092
21/04/2010  	23.968092   	31.17808    	29.488564   	 8.392832120
22/04/2010  	21.626595   	31.24851    	26.768337   	 7.992232591
23/04/2010  	20.609165   	29.75887    	25.107172   	 8.476055602
24/04/2010  	16.194937   	27.16335    	22.518104   	 9.373392880
25/04/2010  	16.221195   	25.01708    	20.467984   	 9.794561783
26/04/2010  	17.446980   	24.40250    	20.602748   	10.378014108
27/04/2010  	18.597645   	23.43671    	20.904927   	11.022674362
28/04/2010  	18.600460   	23.91160    	21.110148   	11.782355289
29/04/2010  	18.140034   	24.15403    	21.196871   	12.257807732
30/04/2010  	19.072296   	25.82728    	22.333238   	12.497822583
01/05/2010  	21.054689   	25.46450    	23.243781   	12.372259061
02/05/2010  	18.017906   	24.64001    	20.955446   	11.448672891
03/05/2010  	18.329922   	30.93480    	27.676861   	 8.979034404
04/05/2010  	29.231066   	31.84940    	30.969842   	 8.449991355
05/05/2010  	24.097658   	31.83229    	29.327131   	 8.775498688
06/05/2010  	17.956829   	28.94040    	23.334571   	 9.028473496
07/05/2010  	20.239376   	26.15366    	22.896300   	 9.088576734
08/05/2010  	18.679810   	24.51873    	22.061655   	 9.551636656
09/05/2010  	18.747690   	24.40400    	21.532408   	 9.993119657
10/05/2010  	19.764044   	25.74973    	22.822554   	10.061527809
11/05/2010  	20.266174   	27.07323    	23.932363   	 9.671910783
12/05/2010  	24.023172   	31.67806    	29.059540   	 8.662241479
13/05/2010  	25.426266   	31.09852    	29.079961   	 8.964800517
14/05/2010  	25.111244   	29.39885    	27.530643   	 9.564690431
15/05/2010  	21.792614   	28.83195    	25.949735   	10.330661217
16/05/2010  	21.913029   	30.10490    	26.772217   	10.586880445
17/05/2010  	20.741947   	30.38524    	25.672581   	11.012867113
18/05/2010  	18.391939   	29.00529    	23.484649   	11.485624433
19/05/2010  	19.503443   	28.71496    	23.408944   	11.907723149
20/05/2010  	18.921343   	27.81918    	22.812439   	12.597673118
21/05/2010  	18.302814   	25.86986    	21.943093   	13.569438815
22/05/2010  	18.713995   	25.98106    	22.357979   	14.175108711
23/05/2010  	18.844095   	27.06210    	23.218072   	14.853435139
24/05/2010  	18.959770   	28.12336    	24.199758   	15.569659789
25/05/2010  	20.783255   	27.96692    	24.465688   	15.264267306
26/05/2010  	20.095440   	26.58063    	23.369803   	14.541280886
27/05/2010  	20.384836   	26.13274    	23.030178   	14.049723268
28/05/2010  	20.766214   	26.27780    	23.875591   	14.381258388
29/05/2010  	20.339174   	27.86566    	24.301718   	14.146955828
30/05/2010  	19.608660   	27.50508    	24.315352   	14.290029307
31/05/2010  	21.257210   	28.42517    	24.614142   	14.206308107
01/06/2010  	20.802645   	28.60196    	23.223915   	14.594248374
02/06/2010  	18.276829   	25.49793    	21.546559   	15.126909792
03/06/2010  	18.694614   	25.65169    	21.121198   	15.427414775
04/06/2010  	19.317755   	24.73501    	21.475425   	15.843226314
05/06/2010  	20.317530   	24.37460    	21.844527   	16.222526968
06/06/2010  	21.037701   	24.29095    	22.132875   	17.010424574
07/06/2010  	21.669863   	25.48297    	23.291849   	17.072523355
08/06/2010  	20.774715   	25.48500    	22.867329   	17.189401269
09/06/2010  	20.229620   	25.48683    	22.392145   	17.730841319
10/06/2010  	18.003691   	23.96733    	20.869792   	17.934775035
11/06/2010  	17.938646   	23.24238    	20.650903   	18.429614345
12/06/2010  	18.353867   	27.89944    	22.064387   	17.690206130
13/06/2010  	18.838495   	27.11661    	23.447775   	16.711255948
14/06/2010  	16.335619   	27.47983    	21.324050   	17.238400896
15/06/2010  	17.023525   	25.47975    	21.663410   	16.205586433
16/06/2010  	24.185841   	31.46467    	27.353891   	15.285876969
17/06/2010  	25.927206   	31.45610    	29.197424   	15.583535731
18/06/2010  	29.607634   	32.64662    	31.800663   	15.095768015
19/06/2010  	32.626888   	32.83348    	32.760908   	14.347867211
20/06/2010  	32.818485   	32.93673    	32.887952   	13.424003661
21/06/2010  	32.019924   	32.97009    	32.842802   	13.691559076
22/06/2010  	29.989931   	32.94136    	32.354712   	15.010274827
23/06/2010  	28.448662   	32.90242    	31.193742   	16.290267746
24/06/2010  	26.492468   	32.61266    	30.033135   	17.537854314
25/06/2010  	26.037529   	32.16161    	29.172005   	17.847216288
26/06/2010  	25.266998   	31.50945    	28.050516   	18.432056069
27/06/2010  	25.568184   	30.52740    	27.332459   	18.430511951
28/06/2010  	25.258608   	29.85577    	27.581532   	19.827409307
29/06/2010  	25.270393   	30.29756    	27.707685   	20.346637925
30/06/2010  	25.612394   	30.48047    	27.761826   	20.317736348
01/07/2010  	25.747656   	30.34447    	27.550873   	20.017379999
02/07/2010  	25.404097   	29.91629    	27.256177   	20.751545032
03/07/2010  	24.647720   	29.56881    	26.919686   	21.448814829
04/07/2010  	24.878323   	29.35621    	26.992803   	21.360716740
05/07/2010  	25.267944   	30.20992    	27.615041   	21.038798134
06/07/2010  	24.375696   	29.48210    	27.203060   	20.462880969
07/07/2010  	25.088051   	29.51990    	27.446476   	18.769393365
08/07/2010  	24.429733   	30.09513    	27.807287   	19.415492336
09/07/2010  	24.906004   	29.25030    	27.085271   	20.427019080
10/07/2010  	24.305271   	28.92607    	26.730478   	22.003611843
11/07/2010  	24.165169   	28.46031    	26.276848   	22.825278322
12/07/2010  	24.567242   	28.79920    	26.445447   	22.377694368
13/07/2010  	25.612305   	29.00689    	27.121951   	21.539553245
14/07/2010  	25.133919   	29.31697    	26.963433   	21.664487004
15/07/2010  	24.670305   	29.56173    	28.093026   	20.971884449
16/07/2010  	27.185978   	29.63331    	28.772761   	19.446199139
17/07/2010  	28.352272   	29.62261    	29.287263   	19.255129695
18/07/2010  	28.434521   	29.55950    	29.160763   	18.805886944
19/07/2010  	25.793800   	29.57462    	28.326558   	18.969706694
20/07/2010  	23.748535   	29.52499    	26.844954   	19.967850486
21/07/2010  	23.378283   	29.14261    	26.188478   	20.551962892
22/07/2010  	23.929930   	29.22524    	27.087768   	20.398182193
23/07/2010  	24.075104   	29.06426    	26.348634   	20.509068171
24/07/2010  	22.766216   	28.09543    	25.578906   	19.999459902
25/07/2010  	22.110895   	28.58767    	25.021518   	19.878065427
26/07/2010  	21.876774   	27.56656    	24.674674   	20.053195755
27/07/2010  	21.618496   	28.58588    	24.506462   	19.984026035
28/07/2010  	21.039680   	28.14670    	24.545469   	20.272465388
29/07/2010  	20.486969   	28.60716    	24.465119   	19.867969354
30/07/2010  	21.139641   	29.49372    	25.464819   	19.174209555
31/07/2010  	21.161737   	29.87238    	26.442508   	19.180478692
01/08/2010  	21.336946   	29.13875    	25.536361   	19.512671232
02/08/2010  	19.178944   	28.32905    	23.416377   	20.060350855
03/08/2010  	19.326015   	27.20373    	22.750772   	20.034056306
04/08/2010  	19.967770   	28.11325    	23.889180   	19.678491235
05/08/2010  	20.084843   	28.10696    	24.223238   	19.057592233
06/08/2010  	20.597141   	27.61906    	23.568659   	18.928427498
07/08/2010  	20.546072   	27.01607    	23.839279   	19.103425940
08/08/2010  	19.191898   	26.19025    	22.602089   	19.147987088
09/08/2010  	19.124174   	24.70640    	21.446822   	19.443530758
10/08/2010  	19.373146   	24.89198    	22.310520   	19.530796289
11/08/2010  	19.340437   	25.61528    	22.575281   	19.269940456
12/08/2010  	19.414019   	25.44728    	22.113613   	19.085996787
13/08/2010  	19.554415   	25.13846    	22.393373   	18.754867196
14/08/2010  	17.101744   	24.33912    	20.392613   	19.211976250
15/08/2010  	15.592110   	26.71925    	19.854627   	18.694231709
16/08/2010  	21.835161   	27.40561    	25.156252   	18.941381375
17/08/2010  	19.985254   	25.84752    	24.219452   	19.125787854
18/08/2010  	21.434618   	27.63076    	25.972351   	18.462695042
19/08/2010  	26.159369   	27.90797    	27.140742   	18.057566484
20/08/2010  	23.913692   	27.75113    	25.718916   	18.122283181
21/08/2010  	21.494686   	24.83287    	22.922258   	18.551312844
22/08/2010  	21.313969   	22.38787    	21.582733   	19.027548075
23/08/2010  	19.910730   	21.65788    	21.084676   	19.299531102
24/08/2010  	21.749540   	24.53113    	23.639196   	18.454413374
25/08/2010  	22.676340   	25.36103    	24.229366   	17.276470502
26/08/2010  	21.778389   	25.26980    	23.566635   	16.139534970
27/08/2010  	20.690046   	23.29716    	21.837520   	16.144247293
28/08/2010  	22.518364   	25.05902    	23.737860   	15.614541749
29/08/2010  	21.863188   	27.17181    	25.380134   	15.496453941
30/08/2010  	18.290768   	27.91389    	24.701426   	15.031887233
31/08/2010  	18.297270   	25.37019    	22.305357   	15.071966847
01/09/2010  	15.824834   	24.45682    	20.295882   	15.290845017
02/09/2010  	13.649977   	23.44341    	18.297057   	15.614991744
03/09/2010  	13.001268   	21.29994    	16.243358   	15.799609780
04/09/2010  	10.778633   	19.95379    	14.180062   	15.989578744
05/09/2010  	 9.507113   	17.22041    	12.219365   	15.816022476
06/09/2010  	 5.843793   	14.42768    	 9.499757   	15.355427484
07/09/2010  	 5.816131   	12.83019    	 9.989469   	14.134406686
08/09/2010  	10.210815   	15.39605    	12.515047   	14.560965002
09/09/2010  	12.295362   	17.86326    	14.722702   	15.487033705
10/09/2010  	12.452834   	17.21261    	15.117027   	15.824284275
11/09/2010  	13.858907   	19.67593    	16.823012   	16.242716014
12/09/2010  	15.879197   	20.01226    	18.171168   	16.770045439
13/09/2010  	14.957965   	18.93819    	17.634160   	16.304865777
14/09/2010  	18.733734   	21.72421    	20.106402   	16.698019107
15/09/2010  	21.401970   	23.37555    	22.237810   	15.960320413
16/09/2010  	21.748621   	25.09810    	23.328595   	14.936445514
17/09/2010  	22.707943   	27.47688    	24.805428   	13.964587490
18/09/2010  	25.876963   	28.29092    	26.804082   	12.666100919
19/09/2010  	23.985632   	28.45101    	26.551244   	12.638156831
20/09/2010  	19.421381   	26.35052    	21.229546   	13.884957055
21/09/2010  	18.542820   	20.96095    	19.680911   	14.662001193
22/09/2010  	15.523403   	19.68662    	18.065274   	14.896399856
23/09/2010  	13.345616   	19.81358    	16.989498   	15.207811534
24/09/2010  	12.338197   	19.49562    	16.178092   	15.452768187
25/09/2010  	 9.689189   	23.57104    	15.775427   	13.860890667
26/09/2010  	12.569447   	21.68241    	16.675945   	13.340826869
27/09/2010  	11.452015   	20.27612    	15.085757   	13.723237932
28/09/2010  	10.606012   	16.93561    	12.795975   	14.235401789
29/09/2010  	10.087788   	15.13439    	11.705948   	13.407437126
30/09/2010  	 9.134272   	17.06644    	11.254154   	12.310615639
01/10/2010  	 8.083698   	17.11742    	12.268939   	12.909835279
02/10/2010  	11.520106   	18.17536    	15.064769   	13.652671695
03/10/2010  	17.156885   	20.35480    	19.231691   	14.683810751
04/10/2010  	17.126446   	19.76663    	18.912855   	15.385767281
05/10/2010  	17.542021   	20.04200    	18.737766   	15.635519624
06/10/2010  	17.640276   	21.29715    	19.895278   	15.851280471
07/10/2010  	17.115553   	21.27110    	19.135129   	15.626888136
08/10/2010  	13.948228   	19.71732    	16.205249   	15.348033667
09/10/2010  	12.351060   	17.71012    	14.274935   	14.412361224
10/10/2010  	12.059883   	16.03274    	13.669850   	13.399546047
11/10/2010  	12.352940   	15.65847    	13.946174   	12.346104264
12/10/2010  	14.864052   	17.66894    	15.876223   	12.078519384
13/10/2010  	15.441782   	19.29619    	17.246584   	12.126624842
14/10/2010  	13.945011   	20.39094    	17.745205   	12.196637332
15/10/2010  	16.348810   	24.34839    	21.120807   	12.046683689
16/10/2010  	17.957680   	25.63002    	22.857682   	11.088537494
17/10/2010  	18.487022   	24.18319    	22.294594   	 9.560874740
18/10/2010  	20.028107   	22.86631    	21.717003   	 9.683354159
19/10/2010  	20.450726   	26.16148    	21.407850   	10.155388971
20/10/2010  	20.649948   	28.75478    	25.706788   	 9.264167209
21/10/2010  	23.761921   	29.19691    	28.103494   	 8.944091181
22/10/2010  	23.038372   	29.39816    	25.986470   	 9.126798173
23/10/2010  	19.020308   	25.70474    	21.271586   	 9.360419810
24/10/2010  	19.835449   	23.37060    	21.325463   	 8.920934776
25/10/2010  	23.305859   	26.60764    	24.418003   	 7.919922024
26/10/2010  	23.228060   	28.01641    	26.428566   	 8.122262081
27/10/2010  	19.026569   	24.02106    	21.819675   	 8.520343850
28/10/2010  	20.699673   	21.76979    	21.434766   	 9.323573450
29/10/2010  	18.853777   	21.56031    	20.217785   	 9.622938216
30/10/2010  	18.431746   	21.24471    	19.755423   	 9.689969977
31/10/2010  	16.225124   	21.22730    	18.972515   	 9.667609711
01/11/2010  	14.067557   	20.79410    	17.112782   	 9.633222441
02/11/2010  	16.379236   	21.09760    	19.656924   	 9.971393804
03/11/2010  	20.523462   	24.66090    	23.194384   	10.684259335
04/11/2010  	22.183048   	25.14520    	24.323545   	11.243986269
05/11/2010  	23.866928   	24.83175    	24.261201   	11.773303231
06/11/2010  	23.008924   	26.26972    	24.720833   	11.544854045
07/11/2010  	20.086308   	25.89909    	22.741249   	10.327317357
08/11/2010  	13.207571   	21.70006    	17.757207   	 8.371899287
09/11/2010  	 8.996608   	18.14879    	13.211513   	 7.323743939
10/11/2010  	12.888270   	20.95894    	16.313018   	 7.062982062
11/11/2010  	16.451689   	22.67940    	19.396349   	 7.058500995
12/11/2010  	22.885523   	27.23920    	24.672561   	 8.627489209
13/11/2010  	24.482361   	26.17713    	24.841937   	 8.680563887
14/11/2010  	23.636635   	26.25076    	24.853911   	 8.910744468
15/11/2010  	23.280561   	25.05631    	24.432959   	 8.482648532
16/11/2010  	19.647772   	25.15870    	23.331577   	 7.865826875
17/11/2010  	13.768368   	24.42839    	18.419343   	 6.765308499
18/11/2010  	10.675825   	21.35499    	15.780254   	 6.279626648
19/11/2010  	11.604386   	19.99881    	15.421043   	 6.538185924
20/11/2010  	14.064795   	18.74736    	15.634698   	 6.725119789
21/11/2010  	11.655799   	17.49237    	14.734231   	 6.800219109
22/11/2010  	10.328067   	16.11919    	12.714043   	 6.254815310
23/11/2010  	12.476385   	24.93283    	19.344201   	 5.787282268
24/11/2010  	18.318941   	25.13574    	21.991674   	 5.360926886
25/11/2010  	13.706285   	23.28250    	18.836310   	 4.980135997
26/11/2010  	13.599582   	20.00190    	16.291227   	 4.447798888
27/11/2010  	11.842055   	19.09355    	14.349992   	 3.847229327
28/11/2010  	10.600342   	18.54263    	12.420794   	 2.818542597
29/11/2010  	 8.321048   	15.40173    	11.361064   	 1.784116620
30/11/2010  	10.040606   	16.26449    	12.763454   	 0.813766865
01/12/2010  	14.758945   	25.58129    	16.690162   	-0.646092121
02/12/2010  	16.591906   	22.27079    	18.786191   	-1.043524050
03/12/2010  	18.777786   	23.14160    	21.027929   	-0.670394801
04/12/2010  	17.968546   	23.82529    	21.188178   	 0.696646559
05/12/2010  	22.310076   	23.88685    	23.119909   	 2.013044002
06/12/2010  	20.032196   	23.30408    	21.940420   	 1.954556952
07/12/2010  	19.228367   	22.63656    	21.132215   	 1.246202360
08/12/2010  	18.778343   	22.73836    	20.596120   	 0.698945342
09/12/2010  	20.458483   	29.79476    	25.690609   	 1.349327454
10/12/2010  	23.271919   	29.71602    	27.024611   	 2.201781722
11/12/2010  	28.524496   	30.39089    	29.768962   	 4.158886487
12/12/2010  	25.468006   	30.33708    	28.656680   	 3.889201269
13/12/2010  	23.079935   	30.06825    	25.848882   	 2.295146212
14/12/2010  	19.245214   	27.22029    	22.364136   	 1.503034469
15/12/2010  	22.350151   	30.16143    	27.981325   	 1.906647526
16/12/2010  	27.079741   	30.47284    	29.051057   	 2.474253078
17/12/2010  	21.574902   	30.47351    	27.217383   	 2.381587277
18/12/2010  	15.079372   	27.53823    	23.309895   	 1.251699189
19/12/2010  	14.422043   	21.97323    	17.233302   	-0.302578065
20/12/2010  	15.079437   	20.71992    	17.643273   	-0.686610937
21/12/2010  	16.950775   	20.82668    	18.069956   	-0.929527521
22/12/2010  	14.698395   	18.22082    	16.694079   	-0.945336594
23/12/2010  	14.700054   	28.57712    	20.318894   	-0.378306186
24/12/2010  	26.601189   	30.62475    	29.155228   	-0.041306711
25/12/2010  	25.602842   	30.43011    	28.736796   	-0.514299070
26/12/2010  	26.468363   	29.92039    	28.332206   	-0.254918731
27/12/2010  	25.118422   	29.60515    	28.393219   	 0.369661703
28/12/2010  	18.521740   	28.89382    	24.526394   	 0.092436408
29/12/2010  	15.191889   	26.63214    	20.220705   	-0.290907343
30/12/2010  	15.102972   	23.78021    	19.095108   	-0.189926644
31/12/2010  	16.081011   	22.54570    	19.079632   	 0.373022905
