date	smin	smax	smean	tmean
01/01/2009 	15.86295   	24.03712   	19.92789   	 1.41975942
02/01/2009 	16.68878   	24.19919   	19.79155   	 1.37390379
03/01/2009 	17.01599   	24.19957   	20.30587   	 1.12433149
04/01/2009 	19.44966   	23.38910   	20.70693   	 1.66827949
05/01/2009 	16.75270   	24.67299   	20.98717   	 1.30921321
06/01/2009 	16.20782   	24.39325   	20.77606   	 0.50776055
07/01/2009 	17.65179   	23.83888   	21.76550   	 0.86949495
08/01/2009 	18.41767   	23.52803   	21.76463   	 0.64997893
09/01/2009 	19.94476   	23.59526   	21.73460   	 0.62792469
10/01/2009 	18.88981   	23.64868   	21.65017   	 0.35438737
11/01/2009 	20.12194   	24.68559   	23.04147   	 0.79261633
12/01/2009 	23.25181   	28.34284   	24.76124   	 1.53694899
13/01/2009 	21.88629   	29.41977   	25.90244   	 2.23459234
14/01/2009 	22.00736   	28.28362   	24.80718   	 2.24449522
15/01/2009 	22.06099   	27.56544   	24.25546   	 2.09574074
16/01/2009 	21.07399   	26.33870   	24.23155   	 2.09175704
17/01/2009 	23.22125   	26.01761   	24.29913   	 2.35417861
18/01/2009 	22.65264   	27.86933   	24.70805   	 2.76926266
19/01/2009 	22.99418   	28.99188   	26.32405   	 2.89834238
20/01/2009 	25.10523   	29.74944   	27.74040   	 2.96612120
21/01/2009 	25.03638   	29.58630   	27.57915   	 2.82541676
22/01/2009 	25.84496   	29.57842   	28.41621   	 2.63263145
23/01/2009 	20.93469   	29.85061   	28.15547   	 2.62394142
24/01/2009 	26.72680   	28.83376   	27.69697   	 2.83554768
25/01/2009 	26.48965   	28.19880   	27.37933   	 2.78819797
26/01/2009 	26.05530   	27.78861   	27.03587   	 2.57217312
27/01/2009 	23.28086   	27.51919   	26.38339   	 2.14935765
28/01/2009 	20.89017   	26.68468   	25.21670   	 1.84252365
29/01/2009 	18.35579   	25.77769   	23.79985   	 1.60090617
30/01/2009 	19.33816   	25.22027   	23.28813   	 1.35616572
31/01/2009 	21.45266   	25.10408   	23.53392   	 1.02898884
01/02/2009 	19.77352   	24.12490   	22.52882   	 0.26756198
02/02/2009 	20.09651   	24.21531   	22.62013   	 0.14015942
03/02/2009 	22.80071   	24.61660   	23.77827   	 0.61914394
04/02/2009 	22.88717   	24.88174   	23.89617   	 0.79961545
05/02/2009 	23.00665   	25.53160   	24.22736   	 0.96067222
06/02/2009 	23.12859   	25.84865   	24.50473   	 1.29748015
07/02/2009 	23.05512   	25.66316   	24.16491   	 1.49255175
08/02/2009 	22.83158   	25.61980   	24.01812   	 1.55995007
09/02/2009 	22.55152   	25.56788   	23.89965   	 1.56183072
10/02/2009 	20.73421   	24.94862   	23.26042   	 1.65048302
11/02/2009 	21.43200   	24.93334   	23.61257   	 1.80186730
12/02/2009 	22.78912   	25.90075   	24.26406   	 2.03325762
13/02/2009 	22.86086   	25.87108   	24.73133   	 2.22751682
14/02/2009 	19.85425   	25.79068   	23.81294   	 1.98496351
15/02/2009 	19.06688   	25.74927   	22.56412   	 2.00691410
16/02/2009 	20.61584   	24.11522   	21.80096   	 2.54286684
17/02/2009 	17.95731   	23.89473   	21.51138   	 2.90347657
18/02/2009 	17.64516   	23.57575   	20.57861   	 2.67636994
19/02/2009 	18.92742   	22.22746   	20.50794   	 2.57465860
20/02/2009 	19.12866   	21.86374   	20.53564   	 2.90849039
21/02/2009 	16.59071   	22.29199   	20.06110   	 3.11320861
22/02/2009 	16.85939   	22.21341   	19.39462   	 3.34548239
23/02/2009 	18.23362   	22.15496   	20.10601   	 3.79130602
24/02/2009 	17.02469   	22.60349   	20.21558   	 4.09672092
25/02/2009 	16.03594   	21.25725   	19.03007   	 4.13456155
26/02/2009 	17.18240   	21.19493   	18.87282   	 4.29471243
27/02/2009 	16.76068   	20.17008   	18.30197   	 4.75371268
28/02/2009 	16.52903   	21.36917   	18.71652   	 5.19745806
01/03/2009 	16.42866   	21.77701   	18.77279   	 5.21936742
02/03/2009 	15.89139   	22.07503   	19.23033   	 5.29383852
03/03/2009 	17.01572   	22.09189   	19.65815   	 5.17708441
04/03/2009 	20.01464   	22.22254   	21.16236   	 4.83722946
05/03/2009 	19.25675   	23.64642   	21.41616   	 4.78209720
06/03/2009 	17.21841   	22.09410   	20.24500   	 4.84342694
07/03/2009 	17.25946   	21.99079   	19.57840   	 4.79294818
08/03/2009 	17.41617   	23.44855   	21.28291   	 4.96598518
09/03/2009 	18.05817   	24.18585   	21.62743   	 4.88525511
10/03/2009 	18.88254   	23.85909   	20.90825   	 4.91143516
11/03/2009 	20.04771   	23.20637   	21.14963   	 4.91187098
12/03/2009 	19.57021   	23.11519   	20.89652   	 5.18119786
13/03/2009 	18.99145   	23.22905   	20.68349   	 5.49256568
14/03/2009 	17.93233   	22.40730   	20.37013   	 5.74775318
15/03/2009 	19.01609   	21.95582   	20.60065   	 5.89279972
16/03/2009 	15.50735   	21.97205   	19.74605   	 6.23846057
17/03/2009 	14.05760   	21.70183   	18.17267   	 6.54470405
18/03/2009 	13.38638   	20.48286   	17.21200   	 6.62268150
19/03/2009 	11.24512   	20.13779   	16.61335   	 6.67271207
20/03/2009 	10.76494   	20.11174   	15.79443   	 6.62716560
21/03/2009 	12.57490   	20.83761   	17.69907   	 6.60745858
22/03/2009 	15.12406   	20.03133   	17.31730   	 6.48880776
23/03/2009 	14.12535   	19.89238   	16.44801   	 6.68735617
24/03/2009 	14.65848   	19.35794   	17.12785   	 6.58653435
25/03/2009 	14.55704   	21.32364   	18.34621   	 6.53193557
26/03/2009 	14.46570   	21.05269   	17.62922   	 6.53263445
27/03/2009 	15.66357   	22.03267   	18.81892   	 6.43536807
28/03/2009 	15.37335   	23.73480   	18.36288   	 6.44131085
29/03/2009 	15.40453   	21.64859   	18.77650   	 6.38734320
30/03/2009 	16.33089   	21.67203   	18.70769   	 6.30078302
31/03/2009 	15.10552   	21.03651   	18.14090   	 6.60580300
01/04/2009 	14.85356   	20.90654   	17.80998   	 6.98844138
02/04/2009 	10.56637   	21.26095   	16.86266   	 7.42881116
03/04/2009 	11.76505   	21.33475   	17.08245   	 7.86306102
04/04/2009 	14.02509   	21.63301   	18.28215   	 8.03595196
05/04/2009 	13.52823   	22.23115   	18.71297   	 8.18240193
06/04/2009 	13.41732   	22.80477   	18.73761   	 8.36449872
07/04/2009 	13.19613   	22.90634   	19.36651   	 8.60334678
08/04/2009 	15.61064   	23.40215   	21.06937   	 8.50964995
09/04/2009 	20.26808   	23.11102   	21.52451   	 8.58227917
10/04/2009 	18.89136   	23.42094   	21.15952   	 9.06741047
11/04/2009 	18.48159   	23.40195   	21.09015   	 9.63368819
12/04/2009 	18.63306   	23.16870   	20.91039   	10.14903440
13/04/2009 	18.65009   	22.93372   	20.87275   	10.24055823
14/04/2009 	17.84983   	23.27436   	20.66307   	10.41180984
15/04/2009 	17.14210   	23.40458   	20.49551   	10.91074073
16/04/2009 	17.05510   	23.58903   	20.91005   	11.20768092
17/04/2009 	17.09461   	23.68221   	20.71896   	11.22247656
18/04/2009 	17.28689   	24.02387   	20.66172   	10.84653419
19/04/2009 	18.69707   	23.73542   	21.12131   	11.04516757
20/04/2009 	19.10404   	23.90166   	21.38552   	11.38983148
21/04/2009 	18.62390   	24.15745   	21.27619   	11.68654631
22/04/2009 	17.63358   	24.23568   	21.11379   	11.89847960
23/04/2009 	19.76881   	24.25333   	21.72570   	11.95072625
24/04/2009 	18.88683   	24.20532   	21.80237   	12.18893685
25/04/2009 	19.22065   	24.58796   	22.29888   	12.24999624
26/04/2009 	19.18558   	25.14938   	22.37144   	12.51603317
27/04/2009 	19.68727   	25.08718   	22.98537   	12.59129888
28/04/2009 	19.81717   	24.99208   	23.09346   	12.61434293
29/04/2009 	20.08285   	25.32118   	22.90147   	12.73040718
30/04/2009 	20.58963   	25.56537   	23.01240   	12.94571147
01/05/2009 	20.84358   	25.42980   	23.13520   	13.46859151
02/05/2009 	21.23318   	25.32299   	23.46182   	13.72736086
03/05/2009 	21.13632   	25.50389   	23.41821   	13.57545110
04/05/2009 	22.34614   	24.88107   	23.49917   	12.79951328
05/05/2009 	21.20422   	24.69172   	23.07774   	12.83450735
06/05/2009 	18.66439   	24.63155   	22.23967   	12.80299876
07/05/2009 	19.94363   	24.99373   	21.99690   	12.81866606
08/05/2009 	20.02401   	26.02817   	23.20922   	12.80035754
09/05/2009 	22.33335   	25.85136   	23.63749   	12.69600151
10/05/2009 	21.81514   	25.76896   	23.32723   	13.04609040
11/05/2009 	20.77669   	24.39926   	22.42397   	12.91327969
12/05/2009 	20.79935   	25.30761   	22.36331   	12.29627442
13/05/2009 	20.91552   	25.55437   	23.02070   	12.73489342
14/05/2009 	21.11418   	25.90077   	23.63679   	13.02407316
15/05/2009 	21.54078   	26.26019   	24.36785   	13.06039784
16/05/2009 	24.37163   	26.58098   	25.69462   	13.05901706
17/05/2009 	24.75584   	26.62273   	25.58954   	13.23585029
18/05/2009 	24.45018   	27.46942   	26.01263   	13.12909653
19/05/2009 	22.25506   	27.11192   	25.08789   	13.26010027
20/05/2009 	21.81004   	27.32103   	24.46799   	13.54876902
21/05/2009 	22.44954   	27.18918   	24.79923   	13.90039126
22/05/2009 	22.59410   	27.10448   	24.72174   	14.24344345
23/05/2009 	22.83779   	26.69922   	24.57195   	14.87711680
24/05/2009 	23.28463   	26.82571   	25.10677   	15.60083912
25/05/2009 	24.23985   	26.66277   	25.49708   	16.22251683
26/05/2009 	24.84430   	26.61153   	25.79061   	16.33659903
27/05/2009 	24.95941   	26.47795   	25.95502   	15.70242409
28/05/2009 	24.56671   	26.26331   	25.68984   	15.55424229
29/05/2009 	24.64553   	26.42727   	25.63116   	15.88936055
30/05/2009 	19.74463   	26.10291   	24.41604   	15.88852866
31/05/2009 	17.52838   	26.27682   	22.99966   	16.06334722
01/06/2009 	18.20928   	26.40319   	22.84573   	16.72926096
02/06/2009 	22.22827   	26.42750   	23.96524   	16.32356000
03/06/2009 	23.08076   	27.26051   	25.17628   	15.75652760
04/06/2009 	23.52313   	28.46876   	25.95345   	14.74464969
05/06/2009 	24.06550   	28.37064   	26.74224   	13.99605856
06/06/2009 	25.80884   	28.61323   	27.17690   	13.82521290
07/06/2009 	26.04881   	30.03828   	27.90965   	13.83890452
08/06/2009 	25.00450   	28.20352   	27.11358   	14.57155838
09/06/2009 	25.02199   	28.43868   	27.07744   	15.14817234
10/06/2009 	26.71751   	28.14807   	27.52863   	15.38425744
11/06/2009 	26.23015   	28.17898   	27.54963   	15.52546950
12/06/2009 	27.26568   	28.64502   	28.02846   	15.63987297
13/06/2009 	24.88503   	28.80223   	27.67621   	15.70808838
14/06/2009 	22.84947   	28.05546   	26.16696   	16.38272768
15/06/2009 	21.56258   	27.78136   	25.26977   	16.95106272
16/06/2009 	22.31600   	27.75666   	25.24151   	16.88239451
17/06/2009 	20.95510   	27.73404   	24.96309   	16.98623315
18/06/2009 	24.65058   	27.51386   	26.51681   	17.01422246
19/06/2009 	25.69829   	27.22376   	26.48751   	16.97627413
20/06/2009 	25.38790   	27.01183   	26.36353   	16.67777924
21/06/2009 	25.64927   	28.26270   	26.66551   	16.67175583
22/06/2009 	26.09402   	28.91612   	27.90172   	16.28791954
23/06/2009 	24.27674   	28.27057   	27.03459   	16.75129267
24/06/2009 	23.22851   	28.57093   	26.21173   	17.18963977
25/06/2009 	20.16768   	28.69629   	25.14830   	17.61153038
26/06/2009 	20.02075   	28.83094   	25.51834   	18.16845131
27/06/2009 	22.59074   	28.70083   	26.13373   	18.78910454
28/06/2009 	22.33020   	28.77736   	26.25749   	19.34460918
29/06/2009 	23.09812   	28.82616   	26.45387   	20.14924312
30/06/2009 	24.09938   	28.94774   	26.61974   	20.82939152
01/07/2009 	24.01258   	28.92615   	26.41461   	21.18732576
02/07/2009 	23.66049   	28.90066   	26.34187   	21.32963709
03/07/2009 	23.90455   	28.96571   	27.06908   	21.56508859
04/07/2009 	24.37814   	28.81922   	27.36913   	21.74584083
05/07/2009 	23.75485   	28.93584   	26.97887   	22.20006037
06/07/2009 	24.63370   	28.82351   	27.65937   	21.97406828
07/07/2009 	26.54747   	28.46867   	27.81279   	21.10170790
08/07/2009 	26.20258   	28.52386   	27.32710   	20.54407382
09/07/2009 	26.76967   	28.09572   	27.50706   	19.26523368
10/07/2009 	26.14630   	27.90999   	27.21116   	18.14795629
11/07/2009 	26.24200   	30.34519   	28.21180   	16.88567841
12/07/2009 	24.01386   	29.48057   	27.29379   	17.42440879
13/07/2009 	22.38196   	27.48872   	25.45948   	18.07883962
14/07/2009 	22.97487   	26.76578   	24.62314   	18.97165314
15/07/2009 	23.60498   	26.66379   	25.16640   	19.38660483
16/07/2009 	22.43368   	26.32696   	24.51900   	19.38962364
17/07/2009 	21.55024   	26.71780   	24.70219   	19.56438684
18/07/2009 	23.44864   	26.88686   	25.43017   	19.46684182
19/07/2009 	23.18259   	27.42115   	25.22860   	19.14436575
20/07/2009 	23.72472   	27.75912   	25.75975   	19.15400497
21/07/2009 	22.34186   	27.53589   	24.88145   	19.14120555
22/07/2009 	22.65685   	27.44195   	24.85326   	19.41724002
23/07/2009 	22.85369   	27.13706   	24.73192   	19.42931906
24/07/2009 	23.02491   	27.09832   	24.97954   	19.32177174
25/07/2009 	23.97582   	26.93590   	24.89434   	19.17659700
26/07/2009 	23.26904   	26.88251   	24.87538   	18.97761106
27/07/2009 	22.76883   	26.02530   	24.60973   	19.29906464
28/07/2009 	22.18576   	25.87858   	24.18270   	19.45458098
29/07/2009 	22.02082   	25.62762   	23.76700   	19.65433955
30/07/2009 	22.40632   	25.37706   	24.33588   	19.58397595
31/07/2009 	21.47150   	24.84918   	23.55225   	18.89845145
01/08/2009 	22.12402   	24.13533   	22.93395   	19.01743623
02/08/2009 	22.24009   	25.03346   	23.47890   	19.23631072
03/08/2009 	22.48512   	24.22630   	23.32646   	19.27533567
04/08/2009 	22.67572   	24.73163   	23.44915   	19.55522013
05/08/2009 	22.93353   	24.85130   	23.73288   	19.99473747
06/08/2009 	21.98313   	24.90464   	23.74234   	20.64694301
07/08/2009 	22.05574   	25.07801   	23.87818   	20.98335675
08/08/2009 	22.59911   	25.55763   	24.57507   	20.80719956
09/08/2009 	23.21113   	25.87159   	24.69187   	20.55386392
10/08/2009 	21.80610   	26.19211   	24.34353   	20.70857279
11/08/2009 	21.97562   	26.25244   	24.40956   	20.87854385
12/08/2009 	22.54633   	26.67676   	24.98023   	20.61851033
13/08/2009 	24.32740   	26.63281   	25.57907   	20.32975177
14/08/2009 	24.26124   	27.15031   	25.74174   	20.22897367
15/08/2009 	23.42099   	26.57361   	25.27164   	20.31361707
16/08/2009 	22.62658   	25.81396   	24.74459   	20.36733313
17/08/2009 	22.75728   	25.50142   	24.15092   	20.28176936
18/08/2009 	22.91668   	25.31283   	24.08247   	20.05426045
19/08/2009 	23.70827   	25.93946   	24.73624   	20.19852189
20/08/2009 	22.83413   	26.24919   	25.10590   	20.44962605
21/08/2009 	24.45846   	25.84498   	25.24818   	20.30586795
22/08/2009 	24.98458   	25.88093   	25.32624   	19.97293397
23/08/2009 	24.37555   	26.79315   	25.71856   	19.80470002
24/08/2009 	23.96591   	26.74566   	25.66703   	19.98336716
25/08/2009 	24.32104   	26.51961   	25.70797   	20.28335619
26/08/2009 	24.53713   	26.63553   	25.92483   	19.93436166
27/08/2009 	25.13977   	26.66910   	26.17389   	19.92416604
28/08/2009 	24.63437   	26.49669   	25.96915   	19.49104043
29/08/2009 	24.32798   	26.67145   	25.74535   	18.70823781
30/08/2009 	23.12909   	25.78085   	24.49435   	17.97323124
31/08/2009 	22.29583   	26.55752   	24.66868   	18.05705273
01/09/2009 	22.35975   	27.96739   	26.45399   	18.43365502
02/09/2009 	24.94227   	28.86996   	26.83022   	18.11049080
03/09/2009 	24.62950   	29.55703   	28.12385   	17.98802670
04/09/2009 	22.57361   	29.58281   	28.33332   	17.18619188
05/09/2009 	27.19823   	29.09363   	28.39086   	16.61636615
06/09/2009 	26.81764   	28.53352   	27.80642   	16.30151780
07/09/2009 	26.34401   	28.66085   	27.48948   	16.20461241
08/09/2009 	26.46101   	28.24211   	27.25348   	16.61999698
09/09/2009 	26.58371   	28.49540   	27.57376   	16.92318602
10/09/2009 	27.39147   	28.72951   	28.13394   	16.59654391
11/09/2009 	25.51673   	28.35305   	27.39609   	16.07653205
12/09/2009 	26.95533   	28.53912   	27.95304   	15.87325527
13/09/2009 	26.90900   	29.09983   	28.23446   	15.86364832
14/09/2009 	27.14174   	29.50072   	28.52246   	15.58006605
15/09/2009 	26.28934   	29.24150   	27.89408   	15.55110184
16/09/2009 	26.57599   	29.21228   	28.13498   	15.76078880
17/09/2009 	27.57151   	29.41986   	28.54940   	15.32980154
18/09/2009 	27.75928   	29.58515   	28.81853   	15.61960165
19/09/2009 	27.75868   	29.78781   	29.00750   	15.61256009
20/09/2009 	27.82894   	29.90482   	29.32430   	15.93721680
21/09/2009 	29.17596   	30.02565   	29.66418   	15.88705832
22/09/2009 	29.33968   	29.83553   	29.62121   	16.15462240
23/09/2009 	29.36520   	30.08130   	29.71589   	16.37559279
24/09/2009 	29.28380   	30.72843   	30.02578   	16.09803041
25/09/2009 	29.26726   	30.82002   	30.24493   	15.99209384
26/09/2009 	29.28777   	30.51302   	30.09636   	15.95527701
27/09/2009 	29.05530   	30.38428   	29.83697   	16.08593533
28/09/2009 	29.28907   	30.60138   	29.78228   	16.26826584
29/09/2009 	28.66562   	30.45483   	29.47060   	16.27838882
30/09/2009 	28.33424   	30.10865   	29.14484   	16.10200123
01/10/2009 	28.07362   	30.80569   	28.86324   	15.65621080
02/10/2009 	28.25555   	31.92353   	29.85694   	14.64865502
03/10/2009 	25.07194   	30.41228   	28.72319   	14.65444634
04/10/2009 	22.67847   	28.27786   	26.38043   	13.95879370
05/10/2009 	25.19962   	27.20641   	26.20878   	13.37255943
06/10/2009 	25.43100   	27.64115   	26.17652   	13.54995565
07/10/2009 	25.65008   	28.28023   	26.45543   	14.09925916
08/10/2009 	25.55896   	27.50630   	26.02636   	13.83901495
09/10/2009 	25.64703   	28.01322   	26.43912   	12.93599039
10/10/2009 	22.88875   	27.92442   	26.32145   	12.72825728
11/10/2009 	23.11940   	27.57234   	26.33699   	12.65108629
12/10/2009 	24.05083   	29.37415   	26.74821   	11.96355671
13/10/2009 	20.03455   	28.68241   	26.32159   	10.97087502
14/10/2009 	19.85951   	28.77262   	24.75926   	10.68966534
15/10/2009 	20.86820   	28.00775   	25.94146   	 9.88588353
16/10/2009 	25.26199   	32.33878   	27.54679   	10.21735565
17/10/2009 	26.09747   	32.93529   	30.26506   	10.94862125
18/10/2009 	28.32481   	33.45531   	30.32655   	10.35983503
19/10/2009 	28.12276   	30.36986   	29.28696   	10.15017955
20/10/2009 	26.70471   	29.01880   	28.22781   	 9.90649048
21/10/2009 	27.16728   	28.74723   	28.23885   	 9.50349708
22/10/2009 	27.66269   	28.45618   	28.11260   	 9.26439671
23/10/2009 	27.82333   	28.45718   	28.08906   	 9.48376669
24/10/2009 	27.83898   	28.96844   	28.14037   	 9.88405565
25/10/2009 	28.07426   	28.96241   	28.68286   	10.60960571
26/10/2009 	28.16678   	29.18523   	28.73825   	10.86027048
27/10/2009 	27.80878   	28.91511   	28.48354   	10.99352338
28/10/2009 	26.27040   	29.14241   	27.82898   	10.95657168
29/10/2009 	26.53898   	30.08053   	27.97339   	11.27793119
30/10/2009 	27.13218   	29.43339   	28.05873   	11.35388299
31/10/2009 	27.24570   	29.63265   	28.46712   	11.31887301
01/11/2009 	27.96919   	29.36415   	28.77098   	11.53553216
02/11/2009 	28.30815   	29.08370   	28.72845   	11.63054965
03/11/2009 	27.69591   	29.72725   	28.65239   	11.26728865
04/11/2009 	26.88466   	29.84653   	28.76431   	11.09706650
05/11/2009 	26.79714   	30.16130   	28.44016   	10.84819702
06/11/2009 	27.38089   	30.15992   	28.41620   	10.62917741
07/11/2009 	24.47516   	30.18022   	28.79761   	10.63953606
08/11/2009 	25.60725   	29.53167   	27.44761   	10.12312029
09/11/2009 	25.52612   	28.84873   	27.61624   	 9.05429286
10/11/2009 	24.41928   	29.26678   	27.30173   	 8.97034794
11/11/2009 	26.83435   	29.02417   	27.72009   	 9.16831785
12/11/2009 	25.78642   	29.14985   	27.56792   	 9.16956373
13/11/2009 	23.89134   	28.53262   	27.39659   	 9.69138710
14/11/2009 	24.12022   	28.97309   	27.51509   	10.20540533
15/11/2009 	24.59007   	30.29128   	27.80708   	10.42734597
16/11/2009 	23.99434   	30.22861   	27.44045   	10.41630181
17/11/2009 	25.98977   	30.31959   	28.27364   	10.49266018
18/11/2009 	26.13782   	30.52132   	28.97724   	10.50020204
19/11/2009 	22.12569   	30.05250   	28.23219   	10.52157402
20/11/2009 	27.61427   	30.10214   	29.41686   	10.56393031
21/11/2009 	26.46875   	30.01091   	28.42311   	10.60419935
22/11/2009 	27.45031   	30.10543   	28.88751   	10.70121135
23/11/2009 	25.26365   	30.19881   	29.15520   	10.54081323
24/11/2009 	25.69388   	30.13975   	28.48552   	10.32561336
25/11/2009 	29.21403   	30.57635   	30.18923   	10.31968514
26/11/2009 	30.33695   	30.58084   	30.51183   	10.25747697
27/11/2009 	29.76313   	30.51213   	30.17990   	 9.69546453
28/11/2009 	29.45076   	30.02134   	29.71613   	 9.38683593
29/11/2009 	26.79022   	29.61584   	29.20955   	 9.17412885
30/11/2009 	26.87908   	29.50303   	28.83089   	 9.01384248
01/12/2009 	26.75753   	28.77302   	27.89624   	 8.01140743
02/12/2009 	24.33903   	28.36971   	27.53874   	 7.52595973
03/12/2009 	24.41286   	27.78486   	26.53414   	 7.79540650
04/12/2009 	23.31790   	27.10077   	25.19093   	 7.79273024
05/12/2009 	24.34108   	27.02986   	25.37334   	 7.66272145
06/12/2009 	24.01400   	27.66976   	25.39586   	 7.92796752
07/12/2009 	20.62274   	28.24297   	25.61628   	 8.10049518
08/12/2009 	23.65448   	28.25370   	25.52945   	 8.09982111
09/12/2009 	23.47874   	27.10746   	24.89727   	 7.94715277
10/12/2009 	22.87250   	26.95443   	24.75724   	 8.17444783
11/12/2009 	20.44280   	25.18359   	23.74844   	 8.00540663
12/12/2009 	13.86135   	24.34137   	20.92179   	 7.24861551
13/12/2009 	14.12265   	24.10127   	19.83647   	 6.57252683
14/12/2009 	13.91954   	23.98857   	19.73653   	 5.92561826
15/12/2009 	13.30389   	22.15563   	18.88291   	 5.21685915
16/12/2009 	14.30782   	22.26154   	19.70144   	 4.95375301
17/12/2009 	17.22582   	22.30776   	19.86490   	 4.74302149
18/12/2009 	14.22235   	22.51683   	18.78503   	 3.97315585
19/12/2009 	14.27237   	23.77772   	18.96568   	 3.34469288
20/12/2009 	19.43101   	23.91304   	22.10163   	 3.61610106
21/12/2009 	19.68558   	23.67767   	21.42495   	 3.14257686
22/12/2009 	19.15020   	25.23841   	22.02578   	 3.28940481
23/12/2009 	19.96737   	26.12716   	22.83755   	 3.48498955
24/12/2009 	20.62107   	26.23419   	23.38149   	 3.49674949
25/12/2009 	20.37836   	26.14419   	23.96690   	 3.60452293
26/12/2009 	21.34966   	24.41992   	23.06760   	 3.50208269
27/12/2009 	23.47837   	27.65828   	26.00458   	 4.35662830
28/12/2009 	24.18250   	28.16132   	26.27837   	 4.34640751
29/12/2009 	18.66324   	27.22433   	24.59035   	 3.73149401
30/12/2009 	14.67494   	27.29553   	22.73900   	 3.09607869
31/12/2009 	14.32044   	26.07129   	21.09421   	 2.57314283
01/01/2010 	14.51610   	24.63371   	20.54435   	 2.25046303
02/01/2010 	16.00527   	24.27801   	20.98940   	 2.09667641
03/01/2010 	14.06257   	24.17123   	19.86132   	 1.54805684
04/01/2010 	15.81679   	23.77303   	20.28479   	 1.49471243
05/01/2010 	16.56495   	23.71996   	20.40379   	 1.62852735
06/01/2010 	17.62562   	23.74108   	20.60917   	 1.71080811
07/01/2010 	17.25137   	23.78130   	20.12548   	 1.48107798
08/01/2010 	16.09852   	23.55943   	19.61714   	 1.01367914
09/01/2010 	12.71029   	21.92070   	16.59230   	 0.08650611
10/01/2010 	11.70674   	21.96086   	15.60192   	 0.34538798
11/01/2010 	10.24244   	22.52084   	18.17340   	 0.76821824
12/01/2010 	12.36921   	22.57246   	19.27305   	 0.72583564
13/01/2010 	13.20884   	23.87594   	20.30893   	 0.33629853
14/01/2010 	20.45625   	24.52837   	22.80370   	 0.76913995
15/01/2010 	19.15243   	24.07669   	22.15721   	 0.52983310
16/01/2010 	20.56799   	23.79414   	22.14695   	 0.73287042
17/01/2010 	21.66095   	25.50932   	23.27479   	 1.34824183
18/01/2010 	21.67906   	24.70115   	22.83914   	 1.44416096
19/01/2010 	21.60493   	23.91721   	22.49328   	 1.70935798
20/01/2010 	17.92925   	23.94152   	21.36703   	 1.49055773
21/01/2010 	15.47623   	23.86186   	21.03070   	 1.31567863
22/01/2010 	16.79077   	23.53741   	20.84517   	 1.11155725
23/01/2010 	20.93233   	23.14144   	21.93817   	 1.32258753
24/01/2010 	20.51573   	23.09077   	21.89979   	 1.17109815
25/01/2010 	18.65123   	23.46646   	21.51392   	 0.74748123
26/01/2010 	16.97824   	23.68605   	20.77187   	 0.08407103
27/01/2010 	17.53646   	24.48274   	22.22498   	 0.47325930
28/01/2010 	17.77875   	23.45134   	21.35679   	 0.76446323
29/01/2010 	17.70758   	23.36995   	20.09901   	 0.85677718
30/01/2010 	19.90168   	24.78034   	22.22864   	 0.91551748
31/01/2010 	21.41027   	24.15853   	22.86342   	 1.01039943
01/02/2010 	20.36649   	24.64527   	22.66666   	 1.09108975
02/02/2010 	20.54548   	24.31213   	22.58453   	 1.17550186
03/02/2010 	21.12309   	23.78071   	22.41923   	 1.22594424
04/02/2010 	20.64767   	23.75961   	21.91774   	 1.41078118
05/02/2010 	17.03841   	23.31610   	21.14396   	 1.57216809
06/02/2010 	16.01331   	22.66308   	20.25938   	 1.73263487
07/02/2010 	13.83227   	22.37011   	19.02960   	 1.62352545
08/02/2010 	13.07702   	22.41755   	18.89065   	 1.14346885
09/02/2010 	13.28394   	22.73011   	18.78191   	 0.66368313
10/02/2010 	10.58045   	22.30130   	17.18357   	 0.23070783
11/02/2010 	11.36037   	22.20086   	16.85796   	 0.10960558
12/02/2010 	13.50810   	22.48182   	17.72950   	-0.23999018
13/02/2010 	13.68794   	23.90372   	19.54639   	-0.52681615
14/02/2010 	16.92785   	24.16124   	21.05258   	-0.62740916
15/02/2010 	16.13665   	23.41353   	20.62603   	-0.74771964
16/02/2010 	16.60626   	22.82657   	21.21234   	-0.56511041
17/02/2010 	20.87974   	23.81816   	21.74518   	-0.22785129
18/02/2010 	20.74673   	24.09801   	21.95162   	 0.01311592
19/02/2010 	21.17882   	25.20088   	22.96457   	 0.78110840
20/02/2010 	22.84908   	25.06971   	23.74011   	 1.14998166
21/02/2010 	21.23055   	25.55537   	23.16443   	 1.07997063
22/02/2010 	21.04475   	25.80700   	23.22524   	 1.39296675
23/02/2010 	19.50759   	24.84311   	22.37657   	 1.48814255
24/02/2010 	20.60866   	25.31100   	23.33035   	 1.58636791
25/02/2010 	22.31521   	25.07881   	24.11675   	 1.99915281
26/02/2010 	22.21487   	26.41577   	24.52400   	 2.31550748
27/02/2010 	20.26902   	26.49571   	24.07992   	 2.53772863
28/02/2010 	20.14464   	27.76987   	23.77571   	 2.81419302
01/03/2010 	22.25491   	26.13295   	24.73198   	 2.95570847
02/03/2010 	23.55761   	26.34176   	24.78885   	 3.04441017
03/03/2010 	22.72115   	25.59231   	24.07605   	 3.09581735
04/03/2010 	21.25379   	24.47083   	23.42298   	 3.12699543
05/03/2010 	20.43996   	24.19265   	22.53434   	 2.96902572
06/03/2010 	13.13564   	25.23026   	21.20651   	 2.57811462
07/03/2010 	12.60132   	24.77872   	18.42897   	 2.13317471
08/03/2010 	13.17148   	21.66813   	17.80238   	 1.88327429
09/03/2010 	12.11945   	21.29406   	16.90259   	 2.07454706
10/03/2010 	10.19731   	20.26142   	16.20196   	 2.15261910
11/03/2010 	11.00908   	22.49162   	17.80012   	 2.25766854
12/03/2010 	14.01193   	21.85248   	18.19686   	 2.49434671
13/03/2010 	13.53490   	22.11366   	18.10684   	 2.75889226
14/03/2010 	16.83005   	21.15603   	18.58654   	 3.16896888
15/03/2010 	16.20479   	21.60795   	19.55828   	 3.60654083
16/03/2010 	16.81438   	21.19977   	19.17718   	 4.00881731
17/03/2010 	17.06749   	21.07888   	19.09035   	 4.21737267
18/03/2010 	16.83769   	22.11383   	19.12315   	 4.54687123
19/03/2010 	17.23628   	22.70860   	20.00661   	 4.84436105
20/03/2010 	18.33634   	24.27210   	20.91993   	 5.22995249
21/03/2010 	18.37751   	23.18557   	20.53572   	 5.86261429
22/03/2010 	16.93734   	22.93174   	20.13354   	 6.18563822
23/03/2010 	17.51641   	23.71872   	20.71496   	 6.17081741
24/03/2010 	15.86126   	23.28673   	20.30897   	 6.45461658
25/03/2010 	15.73393   	24.06983   	20.69275   	 6.73880950
26/03/2010 	16.15827   	23.75374   	21.38748   	 6.92862460
27/03/2010 	16.16636   	24.97165   	22.34795   	 6.85072038
28/03/2010 	19.72066   	24.89780   	22.63692   	 6.94717800
29/03/2010 	18.96267   	24.50746   	22.28143   	 7.16866561
30/03/2010 	16.36109   	25.04954   	21.63821   	 7.43032945
31/03/2010 	21.58189   	26.36038   	24.35720   	 6.99055981
01/04/2010 	23.98910   	27.01033   	25.17681   	 6.63999808
02/04/2010 	23.94917   	27.31800   	25.24162   	 6.62482482
03/04/2010 	23.60081   	27.22993   	25.26094   	 6.85869478
04/04/2010 	20.88305   	27.03647   	24.65710   	 7.21596437
05/04/2010 	21.47400   	26.66114   	24.21540   	 7.29268672
06/04/2010 	20.02596   	26.69207   	24.17696   	 7.59315830
07/04/2010 	19.26881   	26.85168   	23.78085   	 7.94642677
08/04/2010 	20.11676   	25.76017   	23.49049   	 8.24027414
09/04/2010 	20.34484   	25.57011   	23.19907   	 8.75034124
10/04/2010 	17.52144   	25.39944   	22.19396   	 9.07975700
11/04/2010 	15.52798   	24.19558   	20.29454   	 8.97481636
12/04/2010 	15.16719   	24.25016   	19.57173   	 8.58455251
13/04/2010 	15.20558   	24.31563   	20.20325   	 8.59460002
14/04/2010 	18.14150   	24.03593   	21.41227   	 8.65634623
15/04/2010 	18.45947   	24.35336   	21.86160   	 8.71125587
16/04/2010 	21.20466   	24.98552   	23.16939   	 8.69360856
17/04/2010 	20.82780   	24.97713   	23.18066   	 9.08914810
18/04/2010 	20.23212   	24.62832   	22.78035   	 9.64041553
19/04/2010 	20.98534   	25.81306   	23.80273   	 9.71306340
20/04/2010 	20.68726   	25.72419   	24.19370   	 9.80398313
21/04/2010 	22.91559   	26.20733   	24.78225   	 9.24040488
22/04/2010 	21.41676   	26.54260   	24.36392   	 8.93656449
23/04/2010 	21.30565   	26.17822   	23.86502   	 9.28387360
24/04/2010 	20.22078   	25.91957   	23.82509   	 9.60600855
25/04/2010 	20.22637   	26.11742   	24.11347   	 9.87736338
26/04/2010 	19.88674   	26.09373   	24.18110   	10.23205062
27/04/2010 	20.66079   	26.70704   	24.30230   	10.80163364
28/04/2010 	21.93649   	26.83824   	24.84732   	11.45342920
29/04/2010 	21.30080   	27.01319   	24.86451   	11.81154317
30/04/2010 	21.93638   	27.04392   	25.14362   	12.07224228
01/05/2010 	22.71294   	27.00303   	25.52495   	12.09015354
02/05/2010 	22.87373   	27.47249   	25.42759   	11.85697516
03/05/2010 	18.57742   	27.63071   	24.20423   	10.50522749
04/05/2010 	23.46393   	28.71766   	26.30527   	 9.29814876
05/05/2010 	22.61953   	27.13640   	25.31743   	 9.98300501
06/05/2010 	18.23022   	27.44170   	24.25987   	 9.72467178
07/05/2010 	16.15001   	27.99531   	22.87726   	 9.35915001
08/05/2010 	18.74355   	27.44851   	23.97782   	 9.79633357
09/05/2010 	21.19635   	27.73773   	24.36171   	 9.95225944
10/05/2010 	21.22612   	27.82327   	24.53386   	10.09598412
11/05/2010 	22.28601   	27.85498   	24.55952   	10.01412557
12/05/2010 	21.25750   	28.37404   	25.56687   	 9.34117780
13/05/2010 	24.42115   	28.77809   	26.70360   	 8.81928586
14/05/2010 	22.52016   	27.93100   	25.73654   	 9.43813775
15/05/2010 	22.57853   	27.82158   	25.71016   	10.06418965
16/05/2010 	25.34384   	28.12107   	26.92497   	10.40205105
17/05/2010 	25.03035   	27.56414   	26.85654   	10.80673629
18/05/2010 	26.13304   	28.64155   	27.40559   	11.44190061
19/05/2010 	26.31110   	28.62543   	27.77132   	11.99770526
20/05/2010 	22.20340   	28.24305   	25.96571   	12.80367362
21/05/2010 	20.89253   	27.71994   	24.91167   	13.71496975
22/05/2010 	23.00620   	27.98966   	25.32043   	14.31921522
23/05/2010 	20.65908   	27.59361   	24.69781   	14.99109147
24/05/2010 	22.01525   	27.12414   	25.19281   	15.45050434
25/05/2010 	22.09938   	28.04136   	25.72126   	15.56357463
26/05/2010 	23.26726   	28.25970   	26.24717   	15.13867446
27/05/2010 	20.29759   	28.63040   	25.78310   	14.37907875
28/05/2010 	20.45700   	28.41207   	25.58832   	14.55471132
29/05/2010 	22.01046   	28.21920   	25.83802   	14.53586582
30/05/2010 	23.11485   	28.01969   	26.32115   	14.67088731
31/05/2010 	26.86034   	29.32964   	27.64534   	14.58778481
01/06/2010 	24.46725   	29.26882   	27.92416   	14.72619067
02/06/2010 	23.79892   	29.33024   	27.14149   	14.95512611
03/06/2010 	22.84837   	29.24617   	26.73662   	15.53039326
04/06/2010 	20.83029   	29.11219   	25.60571   	16.14972015
05/06/2010 	21.62486   	28.69090   	25.59774   	16.56836114
06/06/2010 	22.17187   	28.36846   	26.02245   	16.93648521
07/06/2010 	24.64293   	28.07072   	26.96662   	16.89586647
08/06/2010 	24.39100   	27.59012   	26.36162   	17.07618841
09/06/2010 	22.41199   	27.26413   	25.69233   	17.44294262
10/06/2010 	22.18025   	27.72187   	25.16238   	17.72246281
11/06/2010 	22.09611   	28.00142   	25.34349   	18.05127736
12/06/2010 	22.74280   	28.00160   	25.52481   	17.86396786
13/06/2010 	24.45968   	27.58678   	25.89578   	17.43881118
14/06/2010 	22.24402   	27.98805   	25.59575   	17.58673930
15/06/2010 	23.65878   	28.45051   	25.80300   	16.72652064
16/06/2010 	18.48739   	28.35023   	24.22569   	16.04274249
17/06/2010 	18.99833   	28.44842   	25.17083   	15.77958733
18/06/2010 	22.12588   	28.96419   	27.29048   	15.65005785
19/06/2010 	26.20360   	30.17039   	28.62980   	14.97617034
20/06/2010 	26.35977   	32.72449   	29.86629   	14.09341524
21/06/2010 	27.84428   	32.39866   	30.36222   	14.21041026
22/06/2010 	29.05261   	31.82686   	30.38495   	15.03306508
23/06/2010 	29.08001   	31.48794   	30.20109   	15.92764823
24/06/2010 	29.15521   	31.30361   	29.97140   	16.87887748
25/06/2010 	29.31176   	30.62792   	30.01670   	17.49282956
26/06/2010 	29.51677   	31.20472   	30.39403   	18.35090240
27/06/2010 	28.44026   	30.84345   	30.03550   	18.85850477
28/06/2010 	27.11927   	30.70986   	29.49239   	19.69359128
29/06/2010 	27.42727   	30.58518   	29.67134   	20.26827904
30/06/2010 	28.32402   	30.66950   	29.80183   	20.52254518
01/07/2010 	27.56912   	30.76024   	29.58418   	20.57974641
02/07/2010 	27.32512   	30.84976   	29.38084   	21.01215593
03/07/2010 	27.41336   	30.47094   	29.21264   	21.55876732
04/07/2010 	27.68218   	30.56027   	29.32814   	21.69672998
05/07/2010 	28.02772   	30.45340   	29.68323   	21.62787131
06/07/2010 	28.17410   	30.62611   	29.58912   	21.17746437
07/07/2010 	28.53845   	30.67572   	29.74578   	20.73016473
08/07/2010 	28.44403   	30.51679   	29.84090   	20.68642497
09/07/2010 	27.97526   	30.73489   	29.63107   	20.76340115
10/07/2010 	27.99493   	30.77534   	29.62325   	21.42468997
11/07/2010 	28.25881   	30.89829   	29.90384   	22.57411881
12/07/2010 	28.47780   	30.87177   	29.89164   	22.41115717
13/07/2010 	28.85580   	30.57586   	29.99575   	21.87384450
14/07/2010 	28.09437   	30.60374   	29.64604   	21.72360798
15/07/2010 	27.65511   	30.51234   	29.76196   	21.62256519
16/07/2010 	28.70172   	29.96117   	29.48455   	20.92347876
17/07/2010 	28.41933   	29.41295   	29.02154   	20.60413675
18/07/2010 	28.39512   	29.13863   	28.73003   	20.26475072
19/07/2010 	28.35873   	29.12058   	28.66891   	20.18157184
20/07/2010 	28.44147   	29.38262   	28.76749   	20.40792247
21/07/2010 	28.56766   	29.33789   	28.88898   	20.73979131
22/07/2010 	28.60248   	29.37407   	28.99885   	20.73738146
23/07/2010 	28.66204   	29.58097   	29.07773   	20.76000126
24/07/2010 	28.85415   	29.65171   	29.30262   	20.31817313
25/07/2010 	27.84792   	29.64552   	29.26061   	20.18652725
26/07/2010 	27.60716   	29.63865   	28.93897   	20.32007690
27/07/2010 	26.68205   	29.77859   	28.74505   	20.21569212
28/07/2010 	26.14925   	29.75514   	28.31916   	20.36101492
29/07/2010 	27.03303   	29.84072   	28.61159   	20.17051824
30/07/2010 	27.64981   	29.95430   	28.64220   	19.94784792
31/07/2010 	26.85385   	29.73979   	28.47182   	20.04574335
01/08/2010 	24.24909   	29.57032   	28.00569   	20.17284894
02/08/2010 	24.13817   	29.42381   	27.31991   	20.29187993
03/08/2010 	24.45049   	29.29033   	27.24172   	20.24208713
04/08/2010 	26.02466   	29.31726   	27.88068   	20.26005550
05/08/2010 	26.38200   	28.97590   	27.65690   	19.75446570
06/08/2010 	24.34417   	28.91650   	27.15057   	19.49597466
07/08/2010 	24.17929   	28.60195   	26.96523   	19.72090669
08/08/2010 	24.06800   	28.28843   	26.45136   	19.58825040
09/08/2010 	25.54226   	28.52853   	26.66808   	19.66354899
10/08/2010 	24.38858   	28.56505   	27.00440   	19.75967312
11/08/2010 	25.25696   	27.94476   	26.84286   	19.74081302
12/08/2010 	24.08640   	28.11029   	26.40781   	19.62272096
13/08/2010 	23.99332   	28.01708   	26.21563   	19.36498662
14/08/2010 	23.93432   	27.74675   	25.94594   	19.31400077
15/08/2010 	19.53262   	27.19055   	24.45053   	19.10484942
16/08/2010 	18.84184   	27.35493   	23.23449   	19.00064099
17/08/2010 	19.96425   	26.60973   	24.08710   	19.26388582
18/08/2010 	22.17485   	26.15055   	24.26574   	19.00533156
19/08/2010 	18.88773   	25.98698   	23.05319   	18.71707761
20/08/2010 	20.17358   	25.28890   	22.79971   	18.73585455
21/08/2010 	19.15771   	25.36842   	22.89964   	18.94332286
22/08/2010 	19.95212   	25.83813   	22.40572   	19.18924077
23/08/2010 	20.10202   	27.18105   	24.02652   	19.37232196
24/08/2010 	20.39795   	27.20066   	24.58852   	18.98690995
25/08/2010 	20.24593   	27.32608   	23.02867   	18.29056935
26/08/2010 	20.62821   	26.66761   	23.06214   	17.61312191
27/08/2010 	21.50026   	26.31873   	24.06099   	16.84232227
28/08/2010 	21.29585   	25.40916   	23.48383   	16.14499609
29/08/2010 	21.59901   	25.48127   	23.94543   	16.37170690
30/08/2010 	22.47434   	27.39269   	24.71199   	15.56905168
31/08/2010 	20.54949   	27.57153   	23.63034   	15.06664650
01/09/2010 	18.28237   	24.78959   	21.98181   	15.55042251
02/09/2010 	18.43203   	23.66248   	21.11127   	15.69653418
03/09/2010 	16.15689   	23.29529   	20.13124   	15.86096317
04/09/2010 	14.73363   	21.90844   	18.64145   	16.13383210
05/09/2010 	10.77138   	21.76292   	17.62832   	16.09632727
06/09/2010 	10.05812   	20.89172   	16.93206   	15.85852206
07/09/2010 	11.08922   	21.28846   	18.96965   	15.40025594
08/09/2010 	15.67627   	23.22784   	20.47845   	15.42926230
09/09/2010 	17.04328   	23.94736   	20.99333   	15.83143435
10/09/2010 	16.63696   	23.12801   	20.37505   	16.08198096
11/09/2010 	18.79519   	23.60651   	21.45769   	16.45725177
12/09/2010 	20.38003   	23.26124   	21.36767   	16.82923448
13/09/2010 	20.36184   	23.53128   	21.13831   	16.60734598
14/09/2010 	16.95903   	23.81949   	21.89146   	16.78463181
15/09/2010 	16.69217   	23.92395   	20.68262   	16.27038473
16/09/2010 	16.62423   	23.15430   	19.62049   	15.60582236
17/09/2010 	17.35252   	22.89322   	19.49434   	14.98809739
18/09/2010 	18.36862   	21.81643   	20.12728   	14.15529037
19/09/2010 	17.19387   	22.18434   	20.40236   	13.83893555
20/09/2010 	16.43500   	24.02535   	20.72338   	14.38939663
21/09/2010 	17.05553   	23.88917   	19.80789   	14.69012056
22/09/2010 	17.95982   	22.83108   	20.05789   	14.94302897
23/09/2010 	15.57492   	22.48819   	19.44200   	15.20497298
24/09/2010 	14.46355   	22.04158   	19.09098   	15.44865855
25/09/2010 	16.87457   	21.75966   	19.80424   	14.70342145
26/09/2010 	15.89326   	22.58564   	19.51575   	14.27980268
27/09/2010 	15.94361   	22.66200   	19.26237   	14.15781166
28/09/2010 	14.07467   	23.05743   	18.95124   	14.06599979
29/09/2010 	12.64668   	22.06627   	18.06290   	13.93931860
30/09/2010 	12.96026   	21.40337   	18.81891   	13.70114009
01/10/2010 	16.94391   	21.41399   	19.15580   	13.73258386
02/10/2010 	17.35451   	22.30951   	20.96910   	14.27467835
03/10/2010 	21.57253   	23.48412   	22.58939   	14.91456568
04/10/2010 	21.21313   	24.29174   	22.83240   	15.24632126
05/10/2010 	20.57058   	23.96445   	22.51081   	15.47699279
06/10/2010 	20.82017   	24.54640   	23.12264   	15.60635980
07/10/2010 	21.94577   	24.39503   	22.75428   	15.59825267
08/10/2010 	19.29402   	23.85029   	21.86821   	15.58690337
09/10/2010 	16.54037   	23.40447   	20.60995   	15.18835541
10/10/2010 	14.70699   	23.19365   	19.85652   	14.45499537
11/10/2010 	13.16282   	22.76365   	18.58993   	13.55034820
12/10/2010 	13.41413   	22.57414   	18.15872   	13.22289511
13/10/2010 	14.66736   	22.81119   	18.67913   	13.06614143
14/10/2010 	15.12045   	23.00891   	19.20480   	12.77738297
15/10/2010 	18.36000   	23.04002   	20.04702   	12.48251718
16/10/2010 	14.82278   	23.11312   	19.69777   	11.66515541
17/10/2010 	16.01904   	24.18725   	20.02092   	11.35242273
18/10/2010 	18.22530   	23.68993   	21.52159   	11.23958107
19/10/2010 	20.67653   	23.57131   	21.98735   	11.10369082
20/10/2010 	20.74534   	23.26739   	21.62518   	10.38845241
21/10/2010 	20.26182   	24.92277   	21.71512   	 9.57505635
22/10/2010 	19.51294   	23.74251   	21.26799   	 9.74581246
23/10/2010 	18.86965   	25.56362   	22.35219   	10.03472141
24/10/2010 	20.66706   	24.75126   	22.56780   	 9.53199269
25/10/2010 	20.70420   	24.29041   	22.11560   	 8.49802027
26/10/2010 	20.21365   	24.43993   	22.86478   	 8.30670118
27/10/2010 	18.52926   	24.46200   	22.70212   	 8.70820481
28/10/2010 	18.01838   	25.24848   	21.65137   	 9.28105674
29/10/2010 	19.32847   	25.07475   	21.61237   	 9.54269807
30/10/2010 	18.25744   	25.93915   	23.31544   	10.22319843
31/10/2010 	19.78990   	26.29517   	22.68744   	10.21677597
01/11/2010 	19.32891   	25.93255   	22.60229   	10.22494876
02/11/2010 	22.55752   	25.68554   	24.04103   	10.50442823
03/11/2010 	22.36236   	26.63717   	25.40583   	10.91916607
04/11/2010 	22.69583   	26.55783   	24.78327   	11.11992129
05/11/2010 	21.73280   	26.97370   	24.41071   	11.50738748
06/11/2010 	22.06166   	26.90773   	24.30372   	11.39764623
07/11/2010 	23.42530   	26.21808   	24.62412   	10.78661197
08/11/2010 	18.26425   	25.71737   	23.08236   	 9.78896509
09/11/2010 	14.40801   	25.07301   	21.72969   	 8.95640810
10/11/2010 	16.33840   	24.36485   	20.86082   	 8.10315324
11/11/2010 	18.89775   	24.47919   	22.48788   	 8.18876357
12/11/2010 	18.78158   	28.00959   	23.38039   	 8.50240431
13/11/2010 	19.35938   	28.07710   	23.34013   	 8.73602857
14/11/2010 	19.96109   	26.63356   	23.42938   	 8.81889033
15/11/2010 	21.20447   	27.79326   	24.25507   	 8.75852275
16/11/2010 	19.45475   	26.74817   	23.25336   	 8.35863346
17/11/2010 	16.00518   	26.37062   	22.29002   	 7.89238127
18/11/2010 	17.26071   	26.28735   	23.17132   	 7.73560278
19/11/2010 	16.85821   	24.89726   	21.89310   	 7.50816158
20/11/2010 	16.87384   	24.51349   	21.38015   	 7.42215957
21/11/2010 	15.18220   	24.14474   	20.36955   	 7.10591498
22/11/2010 	14.24868   	23.23243   	19.18856   	 6.79779247
23/11/2010 	14.25331   	23.24770   	19.46733   	 6.49314521
24/11/2010 	14.98120   	23.55628   	19.52440   	 5.82384054
25/11/2010 	16.26064   	24.00092   	20.38583   	 5.36985455
26/11/2010 	14.84906   	24.12215   	20.17176   	 4.86572812
27/11/2010 	14.80779   	23.94824   	19.76992   	 4.63945207
28/11/2010 	13.31264   	23.38232   	19.33602   	 4.20603281
29/11/2010 	11.66552   	22.63686   	18.57595   	 3.44073447
30/11/2010 	12.58172   	22.36295   	18.28488   	 2.78064862
01/12/2010 	13.07463   	22.26669   	18.28976   	 1.45245003
02/12/2010 	16.12313   	23.82392   	21.16715   	 1.87412993
03/12/2010 	17.25288   	24.13948   	21.66172   	 1.80487856
04/12/2010 	19.69547   	25.07770   	23.70934   	 2.40724169
05/12/2010 	23.60668   	26.25241   	24.66193   	 2.74510537
06/12/2010 	23.66370   	26.26145   	24.56575   	 2.74291242
07/12/2010 	23.44911   	26.11538   	24.48313   	 2.39654803
08/12/2010 	22.50558   	25.76638   	23.99473   	 1.77569614
09/12/2010 	22.81518   	26.18749   	24.40321   	 1.66049632
10/12/2010 	22.59037   	26.14144   	24.86621   	 1.82657260
11/12/2010 	22.73300   	25.85898   	24.56429   	 2.65573205
12/12/2010 	22.89660   	30.05690   	27.35866   	 3.82462277
13/12/2010 	24.92797   	28.28938   	26.57576   	 3.21917855
14/12/2010 	20.35526   	27.94567   	24.68157   	 2.08024626
15/12/2010 	19.84150   	27.61608   	24.32053   	 1.84571542
16/12/2010 	19.99239   	27.43441   	24.07559   	 2.26283477
17/12/2010 	20.64935   	25.20105   	23.53119   	 2.01566351
18/12/2010 	19.98507   	25.34618   	23.02471   	 1.77803093
19/12/2010 	18.97252   	23.69419   	22.40542   	 1.03113838
20/12/2010 	16.35836   	24.61738   	22.13134   	 0.55668575
21/12/2010 	19.93063   	24.29072   	22.45999   	 0.34674182
22/12/2010 	17.05628   	23.83849   	21.30702   	-0.28168909
23/12/2010 	15.42606   	22.24709   	19.01911   	-0.36208834
24/12/2010 	15.67572   	27.20821   	21.80286   	-0.19468416
25/12/2010 	21.03921   	26.97111   	24.60166   	-0.47799819
26/12/2010 	20.79918   	26.19852   	23.82096   	-0.44196615
27/12/2010 	20.21869   	25.22428   	23.16702   	-0.09765191
28/12/2010 	19.54347   	24.33602   	21.66162   	-0.03760604
29/12/2010 	20.53635   	22.91978   	21.81560   	-0.05210327
30/12/2010 	19.07063   	22.35060   	21.21247   	-0.02394286
31/12/2010 	18.92415   	22.22996   	20.93000   	 0.23684813
