date	smin	smax	smean	tmean
01/01/2009 	18.790836  	25.70931   	21.94790   	 2.09066906
02/01/2009 	10.509873  	25.75197   	19.66741   	 2.01324113
03/01/2009 	11.062883  	25.77103   	19.70650   	 1.94882651
04/01/2009 	11.005244  	25.84216   	19.16366   	 2.06451151
05/01/2009 	 8.374147  	25.45231   	18.08973   	 1.85386799
06/01/2009 	14.252501  	24.78247   	20.55977   	 1.51576603
07/01/2009 	16.228539  	25.20235   	21.24423   	 1.45306660
08/01/2009 	16.450169  	24.99024   	21.09145   	 1.27769121
09/01/2009 	10.575165  	25.45402   	21.36278   	 1.20953003
10/01/2009 	11.867914  	25.48464   	21.27240   	 0.84056476
11/01/2009 	15.570522  	27.84186   	24.04051   	 1.31002768
12/01/2009 	20.232698  	31.54472   	27.75983   	 2.31753870
13/01/2009 	19.725229  	31.22287   	29.01076   	 3.04978995
14/01/2009 	16.432053  	31.02322   	26.29880   	 2.94973756
15/01/2009 	 8.297170  	29.89110   	22.32136   	 2.42781405
16/01/2009 	 3.102915  	28.43336   	21.24253   	 2.27005000
17/01/2009 	 9.778161  	28.89074   	23.53846   	 2.40320087
18/01/2009 	18.510008  	30.49917   	27.70270   	 2.94023117
19/01/2009 	22.153847  	30.49791   	29.07419   	 2.85984820
20/01/2009 	28.160639  	30.16598   	29.59277   	 2.82321679
21/01/2009 	26.926975  	29.81110   	29.01834   	 2.60957766
22/01/2009 	20.825911  	29.64180   	28.59776   	 2.31465975
23/01/2009 	26.981785  	29.18610   	28.57528   	 2.66850122
24/01/2009 	27.245560  	28.66215   	28.35606   	 2.87832409
25/01/2009 	15.728332  	28.49299   	26.57688   	 2.76422775
26/01/2009 	 9.429976  	28.76961   	25.24502   	 2.56365816
27/01/2009 	12.337338  	27.57566   	22.88962   	 2.22886897
28/01/2009 	 9.390073  	27.42351   	21.51721   	 1.89780621
29/01/2009 	 8.735664  	26.33236   	20.97338   	 1.70928225
30/01/2009 	 7.461637  	25.73289   	18.95687   	 1.37670849
31/01/2009 	 4.497819  	25.49957   	18.83795   	 0.99745943
01/02/2009 	10.843520  	25.60661   	21.61739   	 0.65025642
02/02/2009 	14.668489  	26.33430   	23.06334   	 0.21369974
03/02/2009 	21.225824  	26.67715   	24.21296   	 0.86816288
04/02/2009 	21.448872  	27.35744   	24.52857   	 1.08432606
05/02/2009 	21.508192  	27.75324   	25.10759   	 1.30746037
06/02/2009 	15.822021  	28.07033   	24.12753   	 1.60078295
07/02/2009 	14.033913  	27.98839   	23.65602   	 1.71788180
08/02/2009 	13.405112  	27.58067   	22.44995   	 1.64707818
09/02/2009 	 9.621325  	27.47513   	22.00370   	 1.65221311
10/02/2009 	10.582413  	27.54766   	22.02710   	 1.75003931
11/02/2009 	17.934547  	25.52015   	21.48670   	 1.84277316
12/02/2009 	11.201448  	24.85637   	20.11375   	 1.95435266
13/02/2009 	 9.085666  	24.49074   	18.49537   	 2.03594545
14/02/2009 	 5.560432  	24.61000   	16.49619   	 1.84574266
15/02/2009 	 6.882210  	24.73199   	18.57301   	 1.92604735
16/02/2009 	 6.495143  	24.71711   	17.83887   	 2.34207706
17/02/2009 	10.070708  	24.90858   	19.51515   	 2.81618572
18/02/2009 	16.923290  	24.74662   	21.64903   	 2.76707958
19/02/2009 	19.404631  	23.50152   	21.78911   	 2.72606545
20/02/2009 	 7.228974  	23.18725   	19.00116   	 2.91413104
21/02/2009 	12.333357  	24.96400   	20.66532   	 3.10373701
22/02/2009 	11.202367  	25.32138   	20.48561   	 3.33075194
23/02/2009 	 7.833605  	23.65628   	17.32108   	 3.78416957
24/02/2009 	 3.572524  	22.99848   	15.70265   	 3.77674057
25/02/2009 	 3.292191  	24.70550   	16.55489   	 3.83670031
26/02/2009 	 6.675996  	25.70621   	19.34848   	 4.08951441
27/02/2009 	 4.626675  	24.61546   	17.63403   	 4.58274695
28/02/2009 	 4.672042  	24.86730   	16.51712   	 4.77328391
01/03/2009 	 6.696863  	25.10902   	16.89844   	 4.66461270
02/03/2009 	 9.221108  	24.20694   	17.80572   	 4.82189404
03/03/2009 	 7.957829  	24.61854   	18.28339   	 4.82768294
04/03/2009 	 5.516183  	25.75322   	21.33100   	 4.68996213
05/03/2009 	14.301765  	27.30708   	22.92119   	 4.64956717
06/03/2009 	17.645145  	24.18689   	20.84422   	 4.70448550
07/03/2009 	 9.541625  	25.45609   	19.91512   	 4.58374160
08/03/2009 	16.863777  	26.96965   	23.47528   	 4.82447424
09/03/2009 	15.637103  	28.14386   	25.26713   	 4.72955239
10/03/2009 	12.613360  	27.80552   	23.65208   	 4.77327313
11/03/2009 	10.441668  	25.98149   	20.38407   	 4.88008432
12/03/2009 	 4.790258  	26.43038   	18.70050   	 5.16224332
13/03/2009 	 7.064963  	25.33796   	18.57701   	 5.39707803
14/03/2009 	 5.151629  	24.48944   	17.06412   	 5.62457913
15/03/2009 	 6.439681  	24.46833   	18.27226   	 5.79050622
16/03/2009 	 3.723410  	23.05504   	15.08301   	 6.10949996
17/03/2009 	 3.064501  	23.06023   	15.58391   	 6.28670908
18/03/2009 	 2.735142  	21.49527   	15.10715   	 6.36576741
19/03/2009 	12.269452  	22.15362   	18.64149   	 6.30656956
20/03/2009 	17.737745  	23.50500   	20.87212   	 6.32809567
21/03/2009 	17.756506  	24.67345   	22.04327   	 6.28530530
22/03/2009 	 8.985588  	23.82350   	18.09938   	 6.32820455
23/03/2009 	 9.540367  	24.81056   	20.39362   	 6.35373619
24/03/2009 	15.862370  	24.15484   	20.39756   	 6.24636161
25/03/2009 	12.557974  	24.92683   	19.73495   	 6.26615144
26/03/2009 	 7.219346  	24.62766   	18.60744   	 6.27426314
27/03/2009 	11.930173  	26.44258   	21.92561   	 6.16249250
28/03/2009 	 9.136568  	27.22697   	21.31135   	 6.18275686
29/03/2009 	13.628280  	25.29622   	20.24338   	 6.24956807
30/03/2009 	 6.286138  	24.47440   	17.77052   	 6.27617644
31/03/2009 	 8.096847  	24.45318   	18.24303   	 6.61075494
01/04/2009 	 7.555017  	23.71040   	17.31401   	 7.06979258
02/04/2009 	11.829781  	23.24012   	18.10166   	 7.38939566
03/04/2009 	14.876672  	23.62521   	19.42021   	 7.76952503
04/04/2009 	16.094885  	24.54947   	20.47881   	 8.00866540
05/04/2009 	14.249251  	25.28843   	20.83319   	 8.09971151
06/04/2009 	10.443704  	26.06433   	20.42829   	 8.34999053
07/04/2009 	 8.861856  	25.96380   	20.14671   	 8.65786740
08/04/2009 	10.285895  	26.58716   	21.51826   	 8.48937509
09/04/2009 	 9.214941  	26.14666   	21.02336   	 8.46603877
10/04/2009 	 7.137747  	27.17323   	19.86205   	 8.97520220
11/04/2009 	14.791959  	25.92165   	21.20342   	 9.40864384
12/04/2009 	14.326387  	25.51682   	21.16063   	 9.83282914
13/04/2009 	13.751532  	24.86946   	20.61125   	10.16317995
14/04/2009 	12.407932  	24.93634   	19.73147   	10.39441355
15/04/2009 	 9.651216  	24.84785   	18.80333   	10.78966866
16/04/2009 	10.668815  	25.28416   	19.55421   	11.07352201
17/04/2009 	11.306008  	25.54312   	20.39868   	10.98280213
18/04/2009 	12.421835  	25.59228   	21.14176   	10.61476062
19/04/2009 	17.928617  	25.58898   	22.42048   	10.75833015
20/04/2009 	13.610360  	25.93321   	22.46043   	11.00177689
21/04/2009 	12.382204  	25.70168   	21.20485   	11.39710035
22/04/2009 	14.221146  	26.51139   	21.44445   	11.46338636
23/04/2009 	12.015546  	26.17717   	20.62023   	11.60790390
24/04/2009 	11.437234  	26.03550   	20.65359   	11.83042083
25/04/2009 	10.513627  	26.84530   	21.10241   	12.00432473
26/04/2009 	13.561474  	25.85431   	21.32331   	12.26135570
27/04/2009 	13.395421  	26.48962   	21.52444   	12.33177491
28/04/2009 	12.320511  	26.66903   	21.35560   	12.18999525
29/04/2009 	12.198777  	26.54209   	20.92867   	12.26900627
30/04/2009 	11.320640  	26.31724   	20.11892   	12.63617863
01/05/2009 	 9.730796  	26.30783   	19.72496   	13.18764089
02/05/2009 	12.481171  	26.94158   	21.31039   	13.34979957
03/05/2009 	13.273127  	26.54053   	21.64024   	13.25720882
04/05/2009 	10.468106  	26.19588   	20.36240   	12.71818856
05/05/2009 	14.034683  	27.15366   	23.40088   	12.33383010
06/05/2009 	16.980171  	27.80213   	24.67176   	12.26200940
07/05/2009 	16.991356  	28.05568   	24.87159   	12.33191941
08/05/2009 	16.074100  	28.53824   	25.82867   	12.40993049
09/05/2009 	16.692656  	28.67448   	26.03786   	12.30401611
10/05/2009 	14.618168  	28.53789   	23.90985   	12.72149611
11/05/2009 	12.882967  	26.70932   	21.56036   	12.85086586
12/05/2009 	19.816437  	25.38057   	22.39052   	12.44341526
13/05/2009 	 7.677512  	25.98064   	21.28560   	12.63311370
14/05/2009 	 9.314032  	26.87358   	21.78391   	12.74430575
15/05/2009 	10.746416  	27.85925   	22.41814   	12.78762499
16/05/2009 	16.415777  	28.01021   	24.23575   	12.92354612
17/05/2009 	19.429167  	29.17663   	25.48691   	13.13166916
18/05/2009 	20.462997  	30.00625   	26.99959   	13.07896819
19/05/2009 	17.608126  	29.75339   	27.13204   	13.20305469
20/05/2009 	18.190233  	29.56835   	26.55492   	13.48274992
21/05/2009 	14.943080  	29.08780   	25.35940   	13.90997050
22/05/2009 	14.589465  	28.74164   	24.65294   	14.20470450
23/05/2009 	14.361409  	28.10607   	23.63764   	14.73062418
24/05/2009 	13.287065  	27.80919   	23.13364   	15.28984306
25/05/2009 	17.125963  	27.25580   	22.98667   	15.82164546
26/05/2009 	16.420153  	27.26431   	23.56366   	16.03451208
27/05/2009 	17.017317  	27.97787   	24.38638   	15.40876257
28/05/2009 	13.387075  	28.65193   	24.29918   	15.12967006
29/05/2009 	10.118396  	27.81375   	20.41839   	15.67382147
30/05/2009 	 4.892230  	26.82415   	19.18927   	15.94783503
31/05/2009 	10.867876  	26.67994   	20.41624   	16.28452414
01/06/2009 	12.256190  	26.31560   	21.08304   	16.79825350
02/06/2009 	16.436159  	25.74743   	21.63602   	16.55272873
03/06/2009 	18.589466  	25.14449   	21.88483   	15.58819550
04/06/2009 	19.526398  	24.55230   	22.26628   	14.43818208
05/06/2009 	18.447550  	25.30795   	22.21706   	13.93542121
06/06/2009 	15.559861  	25.09462   	21.95272   	13.97626599
07/06/2009 	14.435888  	26.52769   	22.57852   	14.35080967
08/06/2009 	14.122396  	26.79099   	22.28482   	14.81687293
09/06/2009 	18.234650  	27.80291   	23.91935   	15.24515873
10/06/2009 	19.460112  	28.25730   	24.46741   	15.47627689
11/06/2009 	20.410275  	28.06863   	24.50678   	15.67432719
12/06/2009 	20.419571  	27.70937   	24.05048   	15.74707671
13/06/2009 	15.654490  	27.53119   	23.16573   	15.89561329
14/06/2009 	13.043247  	27.75462   	22.87530   	16.54166838
15/06/2009 	12.763230  	27.57880   	22.54417   	17.07535915
16/06/2009 	17.512526  	27.61136   	23.06788   	16.98009459
17/06/2009 	19.071484  	27.21882   	23.18301   	17.07280036
18/06/2009 	21.209684  	28.25172   	25.40989   	17.15149466
19/06/2009 	21.916340  	28.40274   	25.85279   	17.06245987
20/06/2009 	22.056986  	27.88945   	25.72121   	16.74589133
21/06/2009 	15.292758  	27.37523   	24.63163   	16.47465404
22/06/2009 	17.456129  	26.85715   	23.71857   	16.56898805
23/06/2009 	20.358398  	26.86075   	23.72002   	17.05258548
24/06/2009 	22.234037  	26.54411   	24.18111   	17.67313957
25/06/2009 	22.896019  	27.50006   	24.65484   	17.89187992
26/06/2009 	23.473246  	28.11360   	25.09954   	18.42589593
27/06/2009 	18.108894  	28.54732   	24.16403   	19.03290149
28/06/2009 	15.624283  	28.92033   	23.77022   	19.34340890
29/06/2009 	15.438603  	28.76281   	23.56683   	19.94736012
30/06/2009 	19.921812  	28.42093   	24.40710   	20.55802604
01/07/2009 	16.450230  	28.22800   	23.63683   	20.82503521
02/07/2009 	19.567938  	28.14221   	24.61792   	20.91398076
03/07/2009 	22.967773  	28.31257   	25.70058   	21.07453008
04/07/2009 	22.808701  	28.08481   	25.91977   	21.17718526
05/07/2009 	19.566277  	28.55923   	25.35956   	21.54563320
06/07/2009 	18.756784  	29.11153   	26.18399   	21.20846426
07/07/2009 	21.563654  	29.76144   	27.62182   	20.27496791
08/07/2009 	20.512781  	29.91484   	27.41937   	19.88560577
09/07/2009 	20.601774  	29.53612   	26.47379   	18.76419234
10/07/2009 	20.165878  	29.41723   	26.35307   	17.72645915
11/07/2009 	17.480541  	28.47488   	25.07079   	17.34551670
12/07/2009 	13.017273  	28.46203   	23.61134   	18.10377113
13/07/2009 	10.642589  	28.64959   	24.11267   	18.86895148
14/07/2009 	12.804088  	28.38278   	23.43629   	19.55008451
15/07/2009 	16.500999  	28.20807   	24.33203   	20.04093719
16/07/2009 	14.661620  	28.77488   	24.79900   	20.04382515
17/07/2009 	20.827078  	28.71975   	26.03717   	20.20103955
18/07/2009 	25.042906  	29.47559   	27.67599   	19.67160451
19/07/2009 	18.855503  	29.44873   	27.16983   	19.28638454
20/07/2009 	18.919064  	29.69344   	28.26608   	19.21216798
21/07/2009 	15.548425  	29.70306   	26.43233   	19.12666043
22/07/2009 	14.693956  	29.70200   	25.51330   	19.50942926
23/07/2009 	12.813948  	29.53720   	24.70986   	19.54253217
24/07/2009 	13.226252  	29.21474   	24.56586   	19.40665400
25/07/2009 	13.142350  	29.05890   	24.40344   	19.32338556
26/07/2009 	10.731672  	28.39529   	21.69859   	19.26075280
27/07/2009 	 8.797716  	27.91234   	21.90720   	19.70546361
28/07/2009 	11.521837  	27.69867   	21.89471   	19.80285887
29/07/2009 	 9.181636  	26.94587   	21.45998   	19.95316446
30/07/2009 	18.841829  	27.59664   	24.45551   	19.88702750
31/07/2009 	14.264284  	27.16595   	22.90697   	19.04688907
01/08/2009 	20.021986  	26.73619   	24.45969   	19.18877677
02/08/2009 	16.098049  	27.29329   	23.32326   	19.35459526
03/08/2009 	13.323904  	26.88165   	21.91367   	19.36843812
04/08/2009 	12.816797  	26.35762   	21.63784   	19.58858232
05/08/2009 	11.725494  	26.16639   	21.48855   	19.94731367
06/08/2009 	15.129419  	26.39963   	21.87419   	20.54224416
07/08/2009 	16.950191  	26.34350   	22.31390   	20.93666991
08/08/2009 	19.202085  	26.13234   	22.50719   	20.93086704
09/08/2009 	17.228977  	26.11648   	22.31672   	20.75904338
10/08/2009 	14.530772  	25.97954   	21.51650   	20.73471498
11/08/2009 	14.229449  	26.64000   	21.64855   	20.82456056
12/08/2009 	15.073627  	26.85446   	21.60925   	20.67837155
13/08/2009 	12.889002  	26.69974   	21.30626   	20.52493115
14/08/2009 	12.150182  	26.52919   	21.07085   	20.50443089
15/08/2009 	16.938253  	27.12331   	23.71059   	20.52695922
16/08/2009 	18.864168  	27.85028   	24.83288   	20.52244655
17/08/2009 	16.972723  	27.74834   	23.97681   	20.46958065
18/08/2009 	15.640536  	27.67119   	23.37117   	20.19866419
19/08/2009 	13.937339  	27.36861   	22.83034   	20.30524929
20/08/2009 	14.293453  	27.59828   	23.33192   	20.57703050
21/08/2009 	17.200642  	28.05085   	24.62069   	20.37957764
22/08/2009 	17.691364  	28.00306   	24.20965   	20.05774899
23/08/2009 	19.212032  	27.43725   	23.85108   	19.98557989
24/08/2009 	13.420226  	27.31799   	22.53217   	20.14960074
25/08/2009 	16.971535  	27.62350   	23.41324   	20.53819919
26/08/2009 	16.808268  	27.64970   	23.71807   	20.09729258
27/08/2009 	16.295776  	28.11023   	24.58343   	19.90205145
28/08/2009 	22.091698  	29.07067   	27.03242   	19.64305154
29/08/2009 	25.438761  	29.30386   	28.08376   	18.71387736
30/08/2009 	23.883776  	29.28972   	28.04815   	17.61066866
31/08/2009 	24.897432  	29.44626   	28.50681   	17.82136305
01/09/2009 	25.696184  	29.97322   	29.11705   	18.58803089
02/09/2009 	20.575323  	30.09568   	29.05384   	18.42364117
03/09/2009 	17.424637  	30.06264   	28.80192   	18.32625175
04/09/2009 	28.237949  	29.66228   	28.66528   	17.55371511
05/09/2009 	28.257244  	28.55350   	28.40977   	16.78994544
06/09/2009 	23.995279  	28.70154   	27.89809   	16.24621530
07/09/2009 	17.627951  	28.82463   	25.97973   	16.33802205
08/09/2009 	17.095936  	28.83232   	24.98574   	16.75724544
09/09/2009 	14.452784  	28.80582   	24.75807   	17.14056500
10/09/2009 	16.366186  	26.81678   	24.28887   	16.68825817
11/09/2009 	21.330748  	26.21377   	24.69696   	16.08158418
12/09/2009 	20.452263  	26.10915   	24.32213   	16.04120845
13/09/2009 	20.634041  	26.24588   	24.62176   	15.91998829
14/09/2009 	24.073248  	26.69272   	25.58424   	15.67385618
15/09/2009 	19.108421  	26.23240   	24.68571   	15.70543712
16/09/2009 	21.349152  	26.69734   	25.04883   	15.93075846
17/09/2009 	19.259912  	27.13223   	25.31798   	15.64185633
18/09/2009 	20.978918  	28.07898   	25.34438   	15.56072688
19/09/2009 	20.580847  	28.18959   	25.37760   	15.78426896
20/09/2009 	22.558693  	28.76452   	25.80572   	16.19386530
21/09/2009 	21.961626  	28.63893   	25.93838   	16.20398180
22/09/2009 	22.349764  	29.31853   	26.35288   	16.27432293
23/09/2009 	21.069405  	29.36517   	26.29235   	16.37095698
24/09/2009 	20.938761  	28.67665   	25.64970   	16.20351845
25/09/2009 	19.339237  	28.70775   	25.06413   	16.07047218
26/09/2009 	20.145975  	28.66062   	25.25909   	16.19641819
27/09/2009 	20.169695  	28.70288   	25.80521   	16.36918722
28/09/2009 	21.877365  	28.81156   	26.19988   	16.55752309
29/09/2009 	20.758791  	29.00907   	26.09908   	16.48547741
30/09/2009 	17.941425  	28.82450   	25.45378   	16.29759494
01/10/2009 	16.805346  	29.55664   	24.47473   	15.88924785
02/10/2009 	13.969022  	28.72281   	23.54016   	14.87703329
03/10/2009 	14.494903  	29.97815   	26.23077   	15.09145739
04/10/2009 	26.815706  	31.34815   	29.58799   	14.70858361
05/10/2009 	24.493961  	29.60238   	28.39996   	13.48177767
06/10/2009 	16.862835  	29.91107   	26.81803   	13.52483682
07/10/2009 	19.152723  	30.81184   	27.61794   	14.41286484
08/10/2009 	16.891014  	29.27829   	24.70769   	14.08529713
09/10/2009 	11.945084  	28.10829   	22.28386   	13.40237463
10/10/2009 	 5.302503  	28.26128   	23.06178   	13.41129853
11/10/2009 	12.480631  	28.55887   	23.00392   	13.34566973
12/10/2009 	16.846588  	28.63439   	22.87417   	12.37488008
13/10/2009 	18.172924  	24.96499   	22.84369   	11.32793854
14/10/2009 	13.567239  	27.25295   	21.76633   	11.40996981
15/10/2009 	10.058578  	26.74925   	21.14854   	10.76909840
16/10/2009 	18.306170  	27.79794   	23.99360   	10.85891652
17/10/2009 	20.790346  	26.42109   	24.42565   	10.24547029
18/10/2009 	18.822552  	28.54561   	24.51769   	10.12961286
19/10/2009 	15.816394  	28.10650   	24.10978   	10.05634860
20/10/2009 	17.984264  	27.81461   	24.57013   	 9.67562791
21/10/2009 	22.417500  	28.07178   	26.02303   	 9.54611520
22/10/2009 	25.399086  	29.27152   	27.30874   	 9.70889481
23/10/2009 	26.129587  	30.09185   	27.87981   	10.09117230
24/10/2009 	26.307203  	30.56685   	28.20500   	10.44844347
25/10/2009 	26.768194  	31.60929   	29.44398   	11.47688786
26/10/2009 	28.961933  	31.67858   	30.69567   	12.04999218
27/10/2009 	28.327589  	31.61900   	30.14332   	11.99399461
28/10/2009 	26.627838  	31.57116   	30.10490   	12.06514907
29/10/2009 	22.876125  	31.90648   	28.81497   	12.04375535
30/10/2009 	16.697422  	31.48817   	27.03286   	11.92863288
31/10/2009 	14.827538  	30.78402   	26.99964   	11.69614253
01/11/2009 	19.693972  	31.17265   	28.31668   	11.80850017
02/11/2009 	20.728613  	31.22104   	28.87802   	11.87563622
03/11/2009 	18.385178  	31.06123   	27.63817   	11.28591834
04/11/2009 	22.340937  	31.47354   	29.51776   	11.22832829
05/11/2009 	21.249249  	31.54933   	28.83286   	10.83836468
06/11/2009 	19.374571  	31.54400   	28.00076   	10.58201677
07/11/2009 	21.188728  	31.67504   	29.60984   	10.81843543
08/11/2009 	19.057751  	31.57895   	27.48508   	10.21232110
09/11/2009 	16.627565  	30.75062   	24.39981   	 9.64148154
10/11/2009 	17.156702  	29.76056   	24.73741   	 9.74443859
11/11/2009 	18.053068  	29.32964   	24.11341   	 9.59188932
12/11/2009 	15.250046  	29.42450   	25.21335   	 9.46548094
13/11/2009 	14.681371  	29.63020   	26.80457   	 9.91012766
14/11/2009 	20.519304  	30.94138   	29.42994   	10.75701586
15/11/2009 	25.540171  	31.25208   	30.06787   	10.90601313
16/11/2009 	20.628736  	31.13405   	28.44219   	10.63924050
17/11/2009 	20.298416  	30.43101   	28.74830   	10.54974256
18/11/2009 	24.155142  	30.43885   	29.49985   	10.56092997
19/11/2009 	26.477243  	30.43548   	29.79490   	10.99865746
20/11/2009 	21.704967  	30.51611   	29.68451   	10.63697282
21/11/2009 	18.609108  	30.49095   	27.96296   	10.59734172
22/11/2009 	16.549805  	30.54728   	28.65713   	10.68379356
23/11/2009 	29.824160  	30.80371   	30.40436   	10.54117697
24/11/2009 	29.479607  	30.69210   	30.32405   	10.21680291
25/11/2009 	29.569645  	30.52793   	30.26416   	10.46199254
26/11/2009 	29.019815  	29.99361   	29.48950   	 9.88975032
27/11/2009 	28.864351  	29.91473   	29.56270   	 9.52011969
28/11/2009 	28.672646  	29.78154   	29.31045   	 9.24215111
29/11/2009 	27.016691  	29.40770   	28.94199   	 9.21197619
30/11/2009 	20.553526  	29.64590   	28.18769   	 8.98200623
01/12/2009 	13.980950  	29.38719   	25.49384   	 8.10323224
02/12/2009 	 6.983657  	28.71772   	23.11203   	 7.72977679
03/12/2009 	 8.935893  	29.14293   	25.47164   	 7.98635197
04/12/2009 	14.185960  	29.34756   	25.14766   	 8.03714982
05/12/2009 	16.613190  	29.39414   	25.47348   	 7.90144980
06/12/2009 	14.683673  	29.74446   	25.70054   	 8.27848240
07/12/2009 	17.752008  	29.73190   	26.94348   	 8.59700029
08/12/2009 	16.602489  	29.52110   	25.76704   	 8.46269464
09/12/2009 	14.793784  	28.87915   	24.66971   	 8.07886135
10/12/2009 	17.922358  	28.80310   	25.09097   	 8.32996688
11/12/2009 	13.022012  	27.46352   	22.46965   	 8.16993377
12/12/2009 	 5.127868  	26.07154   	18.53812   	 7.47967113
13/12/2009 	11.002796  	25.07159   	20.06189   	 7.14492552
14/12/2009 	10.269799  	25.03075   	19.76662   	 6.67474405
15/12/2009 	 7.185834  	24.38432   	18.64185   	 5.93448631
16/12/2009 	 9.144724  	25.43790   	19.85003   	 5.62293139
17/12/2009 	 7.421159  	25.85641   	18.75283   	 5.27962151
18/12/2009 	 6.215799  	24.53688   	18.52099   	 4.76763211
19/12/2009 	 5.486171  	26.64485   	18.77368   	 4.14434742
20/12/2009 	14.588158  	28.15241   	23.80379   	 4.43889046
21/12/2009 	 9.161180  	27.79088   	22.18856   	 3.75271538
22/12/2009 	17.976782  	29.16130   	24.75482   	 4.26303645
23/12/2009 	18.639160  	29.65186   	25.03686   	 4.16275107
24/12/2009 	18.350773  	29.67797   	26.67674   	 4.27608792
25/12/2009 	17.709906  	29.05359   	23.97995   	 3.69188302
26/12/2009 	18.931065  	28.60635   	25.02176   	 3.98634799
27/12/2009 	24.851923  	29.61696   	28.61112   	 4.94581832
28/12/2009 	18.977573  	30.14810   	27.45838   	 4.67346946
29/12/2009 	15.387300  	29.18727   	25.75384   	 4.21912404
30/12/2009 	12.272554  	28.51347   	23.76026   	 3.61896527
31/12/2009 	 9.366519  	26.65344   	21.81401   	 2.82351425
01/01/2010 	 9.931536  	25.60152   	21.57456   	 2.55949371
02/01/2010 	 9.544038  	25.37020   	19.61521   	 2.21786124
03/01/2010 	 5.755455  	26.57803   	18.79015   	 2.02991164
04/01/2010 	 8.742395  	27.03847   	19.44271   	 2.00896190
05/01/2010 	 9.180652  	26.47439   	19.44038   	 2.11349724
06/01/2010 	 8.437292  	26.51638   	19.07286   	 2.09973346
07/01/2010 	 6.256241  	27.12075   	18.56776   	 1.94288992
08/01/2010 	 9.709031  	26.01901   	19.51018   	 1.88507733
09/01/2010 	 5.877946  	24.61764   	19.11412   	 0.85339322
10/01/2010 	 9.374795  	24.85469   	18.88137   	 1.07606473
11/01/2010 	12.030698  	25.50061   	21.05481   	 1.68009813
12/01/2010 	10.353767  	25.70788   	20.52411   	 1.58599886
13/01/2010 	 7.677402  	26.58228   	21.97871   	 1.63070554
14/01/2010 	13.478710  	27.15426   	22.43611   	 1.66047380
15/01/2010 	12.632339  	26.23214   	21.30775   	 1.25949403
16/01/2010 	10.199891  	25.78671   	20.40607   	 1.22814308
17/01/2010 	 9.032996  	29.27229   	23.67261   	 1.92912041
18/01/2010 	15.462686  	27.80613   	22.27668   	 1.77303337
19/01/2010 	11.893690  	26.05285   	21.15442   	 1.89629385
20/01/2010 	 3.838278  	26.12913   	18.02700   	 1.65194638
21/01/2010 	 7.019268  	25.90359   	20.06323   	 1.68165552
22/01/2010 	 1.670020  	24.73952   	17.20014   	 1.33571211
23/01/2010 	 8.152353  	25.00280   	20.69923   	 1.66750588
24/01/2010 	12.830355  	25.57703   	20.82074   	 1.49690758
25/01/2010 	13.932676  	25.33046   	21.35980   	 1.29068788
26/01/2010 	15.803073  	25.62794   	22.47633   	 0.56876651
27/01/2010 	20.622477  	26.00137   	23.78876   	 0.96035158
28/01/2010 	18.293581  	26.14440   	22.75503   	 1.16362853
29/01/2010 	12.984239  	26.30162   	21.38369   	 1.13042805
30/01/2010 	16.002272  	25.73867   	20.67177   	 0.94924759
31/01/2010 	12.782364  	26.06306   	20.07816   	 0.89487749
01/02/2010 	10.590927  	25.78822   	19.45541   	 1.00023494
02/02/2010 	 9.107437  	27.14282   	19.87614   	 1.20546266
03/02/2010 	 9.864529  	25.81767   	19.79594   	 1.41661860
04/02/2010 	 6.537587  	25.45194   	17.50309   	 1.37462849
05/02/2010 	 3.824264  	24.45710   	17.38005   	 1.57104315
06/02/2010 	 8.993239  	24.94522   	18.80291   	 1.78661164
07/02/2010 	 5.788949  	23.71418   	19.02852   	 1.80943234
08/02/2010 	16.828760  	25.40387   	21.97883   	 1.88657978
09/02/2010 	18.265018  	25.94828   	23.36934   	 1.71351317
10/02/2010 	10.362376  	25.57349   	20.19455   	 0.82769205
11/02/2010 	11.881189  	25.44739   	20.03029   	 0.48077511
12/02/2010 	 5.487532  	23.98355   	17.92139   	 0.37473245
13/02/2010 	 3.936616  	24.58290   	17.05559   	 0.35640225
14/02/2010 	 4.757507  	25.19027   	17.25809   	 0.38454406
15/02/2010 	 5.276550  	24.70387   	17.49307   	 0.33835129
16/02/2010 	 3.181705  	27.16188   	18.24639   	 0.41574263
17/02/2010 	 6.473491  	27.49969   	20.27950   	 0.73866617
18/02/2010 	 9.804013  	27.97661   	20.68716   	 0.88026389
19/02/2010 	13.217260  	28.73465   	23.28078   	 1.49198281
20/02/2010 	15.709599  	28.47934   	24.55454   	 1.61847837
21/02/2010 	 9.788470  	28.31392   	22.72712   	 1.42251840
22/02/2010 	15.791595  	28.29084   	24.76644   	 1.70474556
23/02/2010 	16.079920  	27.33711   	22.58881   	 1.64866413
24/02/2010 	21.378544  	27.20943   	24.66452   	 1.76627887
25/02/2010 	15.497727  	26.84916   	23.79971   	 2.07907844
26/02/2010 	16.875448  	29.36041   	24.80230   	 2.43182861
27/02/2010 	21.450350  	30.50486   	27.71022   	 2.74498185
28/02/2010 	16.135944  	29.95091   	25.55658   	 2.95633171
01/03/2010 	15.095941  	28.16612   	23.61442   	 3.13586025
02/03/2010 	11.821670  	27.63965   	21.58005   	 3.05329000
03/03/2010 	 9.376001  	26.03392   	19.31827   	 2.93351237
04/03/2010 	 5.867455  	24.88051   	18.00305   	 2.95230282
05/03/2010 	 4.363356  	24.12422   	16.59521   	 2.83898388
06/03/2010 	 4.728857  	23.90843   	16.10026   	 2.67719854
07/03/2010 	 2.141918  	23.34947   	15.44591   	 2.25118548
08/03/2010 	12.225242  	22.42649   	18.20440   	 2.53088065
09/03/2010 	17.646877  	23.66439   	20.98627   	 2.71186870
10/03/2010 	16.341824  	24.32354   	21.40172   	 2.71750258
11/03/2010 	14.680251  	26.13255   	22.50090   	 2.74979671
12/03/2010 	 9.080000  	25.34499   	19.88590   	 2.72899345
13/03/2010 	 5.933603  	24.66131   	17.46432   	 2.89850709
14/03/2010 	 5.160538  	24.80948   	16.95528   	 3.23455824
15/03/2010 	 2.542993  	24.14047   	15.73475   	 3.66684129
16/03/2010 	 3.445606  	23.91525   	16.26466   	 3.87593220
17/03/2010 	 5.425332  	24.84293   	16.99241   	 4.01532115
18/03/2010 	 7.515710  	26.41117   	18.48904   	 4.31479354
19/03/2010 	10.109838  	28.01499   	20.34620   	 4.83462544
20/03/2010 	12.797697  	28.40257   	22.85120   	 5.28142295
21/03/2010 	12.096676  	27.06040   	21.40202   	 6.05496194
22/03/2010 	 9.264833  	26.26934   	19.70257   	 6.19487390
23/03/2010 	13.147202  	26.89608   	21.85549   	 6.20871816
24/03/2010 	13.309669  	26.43911   	21.69130   	 6.39354979
25/03/2010 	16.594896  	26.63768   	22.63178   	 6.72656575
26/03/2010 	18.211092  	26.57065   	23.23340   	 7.04050833
27/03/2010 	16.567564  	27.59511   	24.03028   	 6.95404910
28/03/2010 	11.532203  	27.43777   	23.25462   	 6.98861670
29/03/2010 	11.721144  	27.06019   	22.26221   	 7.14553187
30/03/2010 	14.363243  	27.75961   	22.36677   	 7.36723330
31/03/2010 	17.633558  	29.75174   	25.84386   	 6.78274358
01/04/2010 	22.909874  	30.15533   	27.66834   	 6.23404919
02/04/2010 	22.507666  	30.12669   	27.87187   	 6.14465970
03/04/2010 	17.795000  	29.98451   	26.82393   	 6.57335184
04/04/2010 	16.073378  	29.84054   	25.59104   	 7.03492063
05/04/2010 	20.426529  	29.13663   	25.36903   	 7.15702818
06/04/2010 	21.023697  	28.71343   	25.94909   	 7.45606621
07/04/2010 	22.125229  	28.50357   	26.30503   	 7.93779835
08/04/2010 	23.083939  	28.07747   	25.80690   	 8.44811372
09/04/2010 	23.291605  	27.74701   	25.62248   	 8.98469386
10/04/2010 	23.345793  	27.33727   	25.20960   	 9.29205938
11/04/2010 	10.369442  	26.19878   	22.56228   	 9.19269822
12/04/2010 	19.877584  	25.60482   	22.72832   	 8.90982451
13/04/2010 	20.551508  	25.43189   	22.35438   	 8.88659344
14/04/2010 	20.120298  	25.45897   	22.25703   	 8.85018120
15/04/2010 	19.410503  	25.47584   	22.05528   	 8.99250664
16/04/2010 	19.009527  	25.36595   	21.64137   	 9.07397397
17/04/2010 	14.255051  	25.74752   	21.74370   	 9.27242943
18/04/2010 	11.426270  	25.98176   	20.80590   	 9.66154605
19/04/2010 	14.583155  	26.20555   	21.03886   	 9.80306458
20/04/2010 	17.503445  	26.91593   	22.84205   	 9.63303814
21/04/2010 	18.974560  	26.55553   	22.37716   	 9.26233830
22/04/2010 	18.891697  	26.38506   	22.13481   	 8.80308977
23/04/2010 	19.560001  	26.86680   	22.99766   	 9.02286715
24/04/2010 	14.223662  	26.82611   	22.38550   	 9.52100515
25/04/2010 	11.915863  	27.43400   	22.20063   	 9.84332194
26/04/2010 	16.570774  	27.62013   	22.91633   	10.14142835
27/04/2010 	18.167835  	27.07011   	23.23261   	10.68748625
28/04/2010 	19.344971  	27.33386   	23.73358   	11.15000196
29/04/2010 	20.277309  	27.84329   	24.46000   	11.46234930
30/04/2010 	20.488031  	27.99269   	24.81148   	11.79874478
01/05/2010 	19.836611  	28.23222   	24.70576   	11.82317603
02/05/2010 	20.851112  	27.71276   	24.03442   	11.88173749
03/05/2010 	23.788164  	26.09309   	24.93106   	10.22286634
04/05/2010 	23.487457  	26.18080   	24.73781   	 9.86654741
05/05/2010 	23.542089  	26.47800   	24.73018   	10.35211875
06/05/2010 	19.297340  	26.34969   	23.28356   	10.28101071
07/05/2010 	19.573818  	26.65979   	22.82682   	 9.92649305
08/05/2010 	13.877009  	27.50091   	23.15041   	10.14777203
09/05/2010 	10.801497  	27.78411   	21.76505   	10.30599479
10/05/2010 	14.512056  	27.91673   	22.50197   	10.37590756
11/05/2010 	17.991215  	27.22211   	23.08351   	10.31445229
12/05/2010 	17.235546  	25.23546   	23.50577   	 9.62998225
13/05/2010 	 7.616603  	26.38574   	21.50168   	 9.44117963
14/05/2010 	 9.562088  	26.65973   	20.50764   	 9.71951681
15/05/2010 	11.784187  	26.68505   	21.26925   	10.19007343
16/05/2010 	12.433988  	26.94542   	21.50386   	10.45243774
17/05/2010 	13.751165  	27.20048   	21.90127   	10.72890755
18/05/2010 	17.182503  	27.20902   	22.30881   	11.29914238
19/05/2010 	19.299658  	27.12480   	22.98057   	11.88896996
20/05/2010 	19.869097  	27.54748   	23.62184   	12.50329302
21/05/2010 	20.635401  	27.73521   	24.17710   	13.28416224
22/05/2010 	22.057901  	27.71148   	24.31584   	13.87362291
23/05/2010 	15.480968  	27.91536   	22.84735   	14.42467682
24/05/2010 	15.203916  	28.38224   	23.70314   	14.75999687
25/05/2010 	16.152723  	27.68859   	23.29015   	14.93893067
26/05/2010 	19.128868  	27.50734   	23.63308   	14.65626778
27/05/2010 	21.233686  	27.37930   	24.40928   	14.17425066
28/05/2010 	21.453182  	27.58354   	24.76895   	14.33604248
29/05/2010 	21.558609  	28.23973   	25.07238   	14.33566721
30/05/2010 	17.867418  	28.93849   	25.26367   	14.32432363
31/05/2010 	21.569332  	29.40657   	24.95155   	14.32549862
01/06/2010 	15.795981  	28.34923   	23.96727   	14.66968624
02/06/2010 	14.494667  	28.04076   	23.38941   	15.23145010
03/06/2010 	14.361888  	28.19958   	23.17133   	15.71024132
04/06/2010 	13.014859  	28.10002   	22.65533   	16.19492962
05/06/2010 	16.668764  	27.88629   	23.49208   	16.70242945
06/06/2010 	17.003597  	28.25252   	24.48202   	16.98131754
07/06/2010 	17.288275  	28.65278   	24.68064   	16.78876265
08/06/2010 	16.537451  	28.98251   	24.77217   	16.73102341
09/06/2010 	16.891556  	28.89426   	24.66017   	16.86351089
10/06/2010 	16.359137  	28.38993   	23.84342   	17.16640381
11/06/2010 	18.274723  	28.13266   	24.05789   	17.38077855
12/06/2010 	17.661549  	28.28663   	24.26411   	17.27476013
13/06/2010 	19.680094  	27.35285   	23.78971   	17.17253395
14/06/2010 	15.652445  	27.75220   	22.74018   	17.41731938
15/06/2010 	16.482843  	26.91410   	22.56178   	17.06261106
16/06/2010 	19.463062  	26.64859   	22.90849   	16.45386026
17/06/2010 	21.502428  	27.08058   	23.56929   	16.46152012
18/06/2010 	21.914412  	27.20716   	23.68488   	16.20196525
19/06/2010 	22.488798  	27.04600   	24.64785   	15.02253673
20/06/2010 	22.962729  	27.03813   	25.58337   	13.99817377
21/06/2010 	19.144749  	27.99043   	24.59567   	14.35671937
22/06/2010 	14.874886  	28.19881   	23.63411   	15.09731231
23/06/2010 	13.877797  	28.15508   	24.23367   	15.83994120
24/06/2010 	16.514917  	27.87392   	24.83738   	16.64510701
25/06/2010 	17.218935  	28.16502   	24.72639   	17.11170403
26/06/2010 	16.775391  	28.31944   	23.88839   	17.83975518
27/06/2010 	12.433065  	28.58220   	23.63116   	18.22548489
28/06/2010 	19.694195  	28.78539   	25.05612   	19.10652892
29/06/2010 	21.728966  	28.86969   	25.82160   	19.59778929
30/06/2010 	18.999897  	28.86169   	25.26863   	19.80880821
01/07/2010 	22.406364  	28.94140   	26.11542   	20.07678533
02/07/2010 	20.414335  	29.23217   	26.20271   	20.59831436
03/07/2010 	22.276409  	29.28024   	26.43041   	21.13604772
04/07/2010 	23.841639  	28.94513   	26.78255   	21.39195693
05/07/2010 	24.064634  	29.56116   	27.28138   	21.41705195
06/07/2010 	24.935698  	28.80113   	27.18584   	21.26718243
07/07/2010 	24.901693  	28.97841   	27.44896   	20.65662992
08/07/2010 	25.238569  	29.35532   	27.92761   	20.25166790
09/07/2010 	25.882357  	28.97339   	27.97052   	20.43591102
10/07/2010 	26.598219  	29.01995   	28.03838   	21.21726096
11/07/2010 	27.048798  	28.96655   	28.15319   	22.14316122
12/07/2010 	27.172703  	29.34124   	28.39699   	22.29526786
13/07/2010 	27.194759  	29.51752   	28.46378   	21.83811367
14/07/2010 	22.199354  	29.42936   	26.93671   	22.07943277
15/07/2010 	15.888648  	29.92778   	26.81930   	21.52749495
16/07/2010 	11.657619  	30.33231   	26.57860   	20.49594168
17/07/2010 	13.380596  	30.70406   	27.76513   	20.25107725
18/07/2010 	21.450363  	30.57633   	28.14168   	20.04195948
19/07/2010 	21.850948  	30.35289   	27.73862   	20.10741381
20/07/2010 	23.514585  	30.33500   	27.67999   	20.60394657
21/07/2010 	24.890574  	30.06367   	28.02722   	20.82575838
22/07/2010 	25.176531  	29.86766   	28.36757   	20.73438783
23/07/2010 	25.832386  	29.77612   	28.34488   	20.76430130
24/07/2010 	26.881788  	29.70540   	28.26495   	20.58822862
25/07/2010 	27.343288  	29.39208   	28.39708   	20.46001299
26/07/2010 	27.480509  	29.42013   	28.31105   	20.43389090
27/07/2010 	27.707670  	29.20223   	28.26328   	20.46329919
28/07/2010 	24.062094  	29.23175   	27.54359   	20.67090261
29/07/2010 	21.981480  	29.09076   	26.93085   	20.52938243
30/07/2010 	21.479691  	29.14866   	26.25064   	20.21676819
31/07/2010 	21.616516  	29.33148   	26.56239   	20.13332069
01/08/2010 	17.459925  	29.19720   	26.11815   	20.32681251
02/08/2010 	17.109634  	29.06204   	25.61719   	20.60980376
03/08/2010 	17.838383  	29.02157   	25.43922   	20.70481586
04/08/2010 	22.361916  	29.40311   	26.90914   	20.68198415
05/08/2010 	19.396360  	29.11600   	26.53715   	20.28302578
06/08/2010 	19.387041  	28.79272   	25.98707   	19.98391418
07/08/2010 	18.261469  	28.71732   	26.03199   	19.82412656
08/08/2010 	18.316015  	28.97490   	25.68255   	19.80725400
09/08/2010 	17.643703  	28.15786   	24.57361   	19.71802394
10/08/2010 	15.696068  	28.85499   	24.89261   	19.91554749
11/08/2010 	17.879406  	28.95311   	25.45809   	19.90575147
12/08/2010 	15.370989  	28.73386   	23.90984   	19.91460216
13/08/2010 	13.146511  	28.80568   	23.67334   	19.65365561
14/08/2010 	17.863058  	28.28183   	23.56981   	19.90022902
15/08/2010 	19.899307  	26.77315   	23.65601   	19.52166227
16/08/2010 	18.207100  	27.12826   	23.48416   	19.18343472
17/08/2010 	16.199718  	26.53877   	22.76608   	19.49182228
18/08/2010 	14.916775  	27.17340   	23.28029   	19.31553165
19/08/2010 	18.710724  	27.44578   	24.21791   	19.12889202
20/08/2010 	21.249743  	27.68836   	25.47923   	19.16369311
21/08/2010 	22.659168  	28.57544   	26.42321   	19.27935954
22/08/2010 	13.883750  	29.43842   	25.68493   	19.51351980
23/08/2010 	13.198360  	28.79645   	26.29122   	19.63769662
24/08/2010 	23.993179  	29.53059   	27.86016   	19.08991865
25/08/2010 	22.436949  	29.45687   	27.94293   	18.06768477
26/08/2010 	16.275297  	29.07494   	24.05433   	17.44358031
27/08/2010 	12.505859  	26.75472   	20.80472   	17.18686744
28/08/2010 	13.579309  	25.93183   	21.08245   	17.01086044
29/08/2010 	10.976558  	25.72357   	20.80354   	16.80359179
30/08/2010 	15.152352  	23.99889   	20.34224   	15.91995925
31/08/2010 	 4.940921  	24.96218   	18.22866   	15.95879485
01/09/2010 	 3.347111  	24.54495   	17.85321   	16.05869607
02/09/2010 	12.160984  	23.61917   	18.64438   	16.15335069
03/09/2010 	14.243478  	22.65930   	19.09378   	16.36336243
04/09/2010 	13.180796  	22.85404   	19.25932   	16.61164602
05/09/2010 	 2.381371  	22.99936   	18.27396   	16.59530199
06/09/2010 	 3.216508  	22.80942   	17.53686   	16.40244965
07/09/2010 	 7.623443  	25.10281   	19.40564   	15.93681802
08/09/2010 	 7.919387  	26.43856   	20.57610   	15.77266274
09/09/2010 	15.736361  	27.77212   	21.58167   	16.22041551
10/09/2010 	12.539316  	26.84943   	20.23055   	16.41294038
11/09/2010 	 9.887374  	26.92132   	21.17017   	16.80007054
12/09/2010 	10.225746  	27.11203   	21.12650   	17.15223499
13/09/2010 	 9.162044  	25.69621   	19.65124   	16.84405096
14/09/2010 	16.111897  	27.71742   	24.05442   	17.15534190
15/09/2010 	22.701874  	28.48758   	26.50779   	16.67918048
16/09/2010 	25.519188  	28.52360   	27.44476   	15.60747399
17/09/2010 	24.705788  	28.17038   	27.01900   	14.63929290
18/09/2010 	18.162031  	27.33598   	24.48199   	13.57323883
19/09/2010 	20.067432  	25.75061   	23.99830   	13.51319657
20/09/2010 	15.240954  	26.83370   	24.30721   	14.19669016
21/09/2010 	11.062045  	27.30795   	22.34838   	14.63429004
22/09/2010 	 6.218856  	25.73295   	19.75430   	15.05985983
23/09/2010 	 6.004277  	25.54489   	19.19099   	15.37995994
24/09/2010 	 8.195061  	25.49661   	19.46947   	15.61634570
25/09/2010 	15.299244  	24.24709   	19.49916   	14.94578207
26/09/2010 	12.852033  	24.03916   	18.94262   	14.41649578
27/09/2010 	 8.483500  	23.35452   	17.27724   	14.52031708
28/09/2010 	 6.573915  	23.67219   	16.45404   	14.74238525
29/09/2010 	 4.339894  	23.37208   	15.83199   	14.50055679
30/09/2010 	 2.551096  	23.83407   	17.85731   	14.29052164
01/10/2010 	 9.373124  	23.81591   	19.28458   	14.47421662
02/10/2010 	16.886023  	25.95716   	22.65463   	14.84384060
03/10/2010 	20.016106  	27.14139   	24.55518   	15.35116098
04/10/2010 	18.630638  	27.26781   	23.95006   	15.63716014
05/10/2010 	12.881989  	26.74380   	22.21202   	15.71374575
06/10/2010 	12.599302  	27.21478   	23.03025   	15.78526505
07/10/2010 	13.097888  	27.07334   	21.37932   	15.67207603
08/10/2010 	10.930667  	25.96253   	20.25448   	15.67351439
09/10/2010 	10.203440  	24.68911   	19.37873   	15.35699930
10/10/2010 	 8.058115  	25.47060   	19.70837   	14.77018776
11/10/2010 	10.763478  	24.11320   	19.46798   	14.00281799
12/10/2010 	11.235385  	23.53266   	18.87487   	13.59225247
13/10/2010 	10.989079  	24.06055   	18.15828   	13.39409679
14/10/2010 	11.405643  	24.01139   	18.75174   	13.29623107
15/10/2010 	14.974355  	23.89574   	18.95979   	13.12756590
16/10/2010 	17.302469  	23.64915   	19.39523   	12.18302884
17/10/2010 	18.381409  	23.40714   	21.46076   	12.22822873
18/10/2010 	18.770002  	25.12164   	22.40784   	12.25105681
19/10/2010 	14.881047  	27.52519   	22.95314   	12.13587197
20/10/2010 	18.707424  	27.24161   	21.85946   	10.88927170
21/10/2010 	16.822083  	25.28966   	21.76054   	10.23579923
22/10/2010 	18.728090  	26.42830   	23.49441   	10.56744858
23/10/2010 	14.714509  	28.37250   	24.76896   	10.92412748
24/10/2010 	16.544523  	28.19597   	24.78097   	10.24163018
25/10/2010 	14.662540  	25.17317   	20.76519   	 8.91030027
26/10/2010 	 7.821131  	24.96875   	19.21918   	 8.71507609
27/10/2010 	14.003266  	27.98298   	23.53289   	 9.59253895
28/10/2010 	15.438321  	28.76443   	24.90282   	10.46285413
29/10/2010 	 5.310956  	28.77824   	23.36769   	10.58861774
30/10/2010 	24.486441  	29.35962   	27.44566   	10.99849965
31/10/2010 	18.457705  	29.39134   	26.54268   	10.86345299
01/11/2010 	16.973820  	28.48703   	23.84998   	10.63518935
02/11/2010 	12.779651  	27.16814   	24.21163   	10.69441541
03/11/2010 	24.517483  	28.58006   	27.12121   	11.21809431
04/11/2010 	23.429590  	28.72070   	27.57008   	11.56543241
05/11/2010 	24.520048  	29.40019   	28.57540   	12.17588145
06/11/2010 	21.781731  	29.03862   	27.10664   	11.91914050
07/11/2010 	14.345358  	28.33519   	23.42515   	11.15000387
08/11/2010 	 5.147794  	26.60285   	19.91219   	10.14257948
09/11/2010 	 8.581805  	26.08947   	20.64182   	 9.33319376
10/11/2010 	11.921617  	25.81320   	20.15569   	 8.57161120
11/11/2010 	13.721873  	28.03173   	21.55179   	 8.49279003
12/11/2010 	26.170786  	31.50358   	30.18047   	10.11472551
13/11/2010 	26.838503  	31.12776   	30.15956   	 9.69219859
14/11/2010 	23.173313  	30.87694   	29.04454   	 9.56641708
15/11/2010 	20.891777  	30.61741   	28.37031   	 9.33024488
16/11/2010 	17.761181  	30.31537   	26.86293   	 8.82714666
17/11/2010 	11.704338  	29.32201   	24.41701   	 8.36649594
18/11/2010 	 9.133279  	27.32161   	22.94479   	 8.16811750
19/11/2010 	 9.660913  	26.62151   	21.21298   	 7.83427994
20/11/2010 	11.052567  	26.27857   	20.80648   	 7.82850295
21/11/2010 	 9.864450  	25.47454   	19.48023   	 7.70060376
22/11/2010 	 8.674833  	24.89983   	19.48975   	 7.43005694
23/11/2010 	 9.812635  	24.06157   	19.48042   	 6.91959190
24/11/2010 	13.048866  	24.00804   	19.41296   	 6.39520105
25/11/2010 	 8.572697  	24.41396   	18.55989   	 6.10568388
26/11/2010 	 8.143076  	24.29025   	17.45415   	 5.79898565
27/11/2010 	 4.647469  	24.67995   	16.97609   	 5.56825327
28/11/2010 	 3.500132  	24.71332   	16.67322   	 5.07947479
29/11/2010 	 9.668075  	25.00552   	19.70017   	 4.90650853
30/11/2010 	16.243855  	25.21333   	21.36211   	 3.71271036
01/12/2010 	15.737995  	24.76062   	20.47814   	 1.93643660
02/12/2010 	14.595515  	24.94317   	21.48869   	 1.58924746
03/12/2010 	16.384356  	26.58432   	22.28018   	 1.94981713
04/12/2010 	16.500328  	28.08541   	24.92778   	 3.00640222
05/12/2010 	20.631176  	29.63236   	26.87321   	 3.89098366
06/12/2010 	17.359758  	28.44039   	24.20765   	 2.96440499
07/12/2010 	16.652506  	27.59727   	23.08884   	 2.44745526
08/12/2010 	14.448378  	27.10758   	21.93592   	 2.09815579
09/12/2010 	16.826933  	25.41657   	21.90398   	 1.99373831
10/12/2010 	16.500996  	25.60127   	21.75210   	 2.37833886
11/12/2010 	18.110920  	25.30894   	22.04982   	 3.05818330
12/12/2010 	17.607822  	24.58030   	21.64348   	 3.51971460
13/12/2010 	12.025200  	24.63254   	19.92317   	 2.59484409
14/12/2010 	 9.917171  	24.75385   	18.66069   	 2.15779490
15/12/2010 	 8.773824  	24.72428   	19.80934   	 2.01038866
16/12/2010 	16.685062  	25.39832   	22.05217   	 2.56346059
17/12/2010 	12.590453  	24.74475   	20.45529   	 2.29740852
18/12/2010 	 7.607248  	25.50580   	20.72418   	 2.13397605
19/12/2010 	 8.740718  	25.64692   	20.46946   	 1.79819822
20/12/2010 	10.254766  	25.90045   	20.91765   	 1.57309939
21/12/2010 	10.366573  	25.55035   	20.11516   	 1.16135387
22/12/2010 	 6.702543  	25.01155   	19.47806   	 0.83229003
23/12/2010 	10.151727  	22.10734   	18.71787   	 0.22352770
24/12/2010 	17.533985  	22.21239   	20.34435   	 0.03377936
25/12/2010 	 6.299048  	23.84781   	17.79824   	-0.36886261
26/12/2010 	 6.222996  	24.14769   	17.23387   	-0.24416602
27/12/2010 	 5.783061  	24.71568   	17.55753   	 0.10956111
28/12/2010 	 4.928490  	25.00843   	17.64194   	 0.27244063
29/12/2010 	 5.650462  	24.19800   	18.23491   	 0.42374609
30/12/2010 	 8.865001  	25.82548   	19.27580   	 0.69833700
31/12/2010 	10.369162  	24.76711   	19.05512   	 0.97824528
