date	smin	smax	smean	tmean
01/01/2009  	19.445362   	29.47628    	24.32654    	 0.809848430
02/01/2009  	20.831339   	29.36484    	26.07918    	 1.645631394
03/01/2009  	20.421570   	29.71760    	25.79982    	 1.500827606
04/01/2009  	21.763288   	29.40507    	26.47449    	 1.482214686
05/01/2009  	21.163242   	30.26231    	26.79027    	 1.540283674
06/01/2009  	22.663294   	29.35321    	25.78854    	 0.448750480
07/01/2009  	22.472418   	29.85000    	25.59504    	 0.460902810
08/01/2009  	22.710083   	29.82659    	25.68045    	 0.371249596
09/01/2009  	20.891457   	29.19429    	24.69314    	 0.180038575
10/01/2009  	20.665888   	29.22741    	25.37900    	-0.139190629
11/01/2009  	22.562237   	28.92746    	24.12720    	 0.150935477
12/01/2009  	22.758730   	25.85739    	23.86855    	 1.184548642
13/01/2009  	23.750364   	26.16297    	24.70432    	 2.034146182
14/01/2009  	23.730473   	25.73970    	24.73743    	 2.371780967
15/01/2009  	23.756720   	25.43284    	24.23735    	 2.195633799
16/01/2009  	22.280018   	24.59364    	23.85320    	 2.038506324
17/01/2009  	21.185719   	24.27230    	22.87869    	 2.164759643
18/01/2009  	23.413904   	25.16652    	24.37235    	 2.851039127
19/01/2009  	23.334406   	27.34652    	25.32176    	 2.902298217
20/01/2009  	24.969528   	28.53562    	27.24189    	 3.008436322
21/01/2009  	27.138531   	28.38358    	27.52141    	 2.799729019
22/01/2009  	26.005333   	28.34950    	27.16816    	 2.564736257
23/01/2009  	26.025486   	28.96153    	27.70147    	 2.713089074
24/01/2009  	26.589777   	28.16452    	27.45888    	 2.964668532
25/01/2009  	26.414541   	28.03121    	27.14585    	 2.873128797
26/01/2009  	26.744846   	27.66406    	27.12097    	 2.466924419
27/01/2009  	24.704903   	27.22444    	26.53823    	 1.828934756
28/01/2009  	22.567547   	26.12919    	24.63420    	 1.276968046
29/01/2009  	20.486139   	25.03931    	23.13771    	 0.840619603
30/01/2009  	17.858797   	24.68155    	20.99474    	 0.438900524
31/01/2009  	15.536016   	24.22829    	19.10953    	 0.011113395
01/02/2009  	16.144077   	23.80012    	20.28144    	-0.399423894
02/02/2009  	18.685904   	25.86746    	21.67783    	-0.582670820
03/02/2009  	19.394455   	23.99490    	21.76121    	 0.099915765
04/02/2009  	19.889364   	24.29868    	21.83991    	 0.327100592
05/02/2009  	20.140240   	24.46934    	22.42062    	 0.665807766
06/02/2009  	21.433411   	23.94971    	22.57543    	 1.266379890
07/02/2009  	21.394800   	24.85089    	22.56957    	 1.480401245
08/02/2009  	21.437843   	27.19409    	23.57617    	 1.448697053
09/02/2009  	20.679119   	27.51471    	23.35887    	 1.459491613
10/02/2009  	21.810926   	27.61374    	24.01592    	 1.651402188
11/02/2009  	23.291368   	30.34737    	27.66869    	 1.984915463
12/02/2009  	23.571217   	30.31505    	28.40058    	 2.150580272
13/02/2009  	23.363630   	30.00107    	28.01872    	 2.265398800
14/02/2009  	21.852690   	30.17210    	28.21022    	 2.009223411
15/02/2009  	19.528162   	29.78142    	24.99386    	 2.015969167
16/02/2009  	21.167078   	29.67933    	26.41724    	 2.641612450
17/02/2009  	21.906984   	29.55177    	27.08500    	 3.100514054
18/02/2009  	22.544340   	27.48025    	25.05416    	 2.863127172
19/02/2009  	20.627060   	25.35965    	22.73490    	 2.715183020
20/02/2009  	20.096804   	27.36380    	22.27148    	 2.949374919
21/02/2009  	17.237133   	27.59822    	22.17633    	 3.198354602
22/02/2009  	18.266748   	26.78671    	21.73232    	 3.686679468
23/02/2009  	22.538889   	28.40418    	25.70592    	 4.637476087
24/02/2009  	17.785343   	27.92418    	24.75084    	 4.118277267
25/02/2009  	16.322351   	27.63572    	21.80975    	 4.111990546
26/02/2009  	16.798233   	28.70365    	21.19213    	 4.668541441
27/02/2009  	16.991909   	29.39701    	23.90465    	 5.243736585
28/02/2009  	17.735159   	28.02634    	24.10010    	 5.532726318
01/03/2009  	19.412680   	27.12739    	24.48034    	 5.269080510
02/03/2009  	19.463335   	26.52957    	23.81274    	 5.275040468
03/03/2009  	18.485172   	25.81243    	21.93634    	 5.234972040
04/03/2009  	17.726015   	21.02115    	19.58497    	 4.995578011
05/03/2009  	17.531616   	21.18180    	19.60525    	 4.975713332
06/03/2009  	17.545637   	23.07107    	20.04850    	 4.930328836
07/03/2009  	19.117308   	23.09791    	20.63737    	 4.686080952
08/03/2009  	19.250095   	22.93431    	20.65348    	 5.101854463
09/03/2009  	19.919458   	22.66858    	21.67797    	 4.882844458
10/03/2009  	18.934671   	22.62851    	21.32801    	 4.852632046
11/03/2009  	20.089323   	24.14840    	22.40473    	 4.832218885
12/03/2009  	18.596043   	24.24166    	21.95416    	 5.211081664
13/03/2009  	17.548063   	25.13742    	21.74083    	 5.505407065
14/03/2009  	18.760979   	25.61202    	22.90896    	 5.731343697
15/03/2009  	19.050600   	26.12443    	22.90280    	 6.135746857
16/03/2009  	17.300314   	27.41976    	23.66709    	 6.209503313
17/03/2009  	17.377363   	26.75056    	23.16316    	 6.454213232
18/03/2009  	16.327412   	24.90553    	21.74042    	 6.478820006
19/03/2009  	15.932415   	20.43985    	18.04238    	 6.466639866
20/03/2009  	14.638834   	19.59668    	16.77601    	 6.395157893
21/03/2009  	13.381445   	17.60285    	15.58795    	 6.502562553
22/03/2009  	14.965114   	21.14261    	17.75573    	 6.517389496
23/03/2009  	16.143545   	25.24521    	19.41482    	 6.683183690
24/03/2009  	19.313423   	27.30585    	24.39037    	 6.456752439
25/03/2009  	16.968464   	27.57467    	22.13676    	 6.327324162
26/03/2009  	17.322134   	27.68027    	21.02861    	 6.303676993
27/03/2009  	17.257008   	25.05079    	19.01807    	 6.422823946
28/03/2009  	15.295120   	18.56462    	17.35904    	 6.421685000
29/03/2009  	16.191759   	24.59231    	19.23547    	 6.275599072
30/03/2009  	18.018780   	25.30551    	21.34898    	 6.085835248
31/03/2009  	16.944006   	25.08215    	21.62970    	 6.419361919
01/04/2009  	18.923811   	24.75842    	22.58608    	 6.878461719
02/04/2009  	17.262695   	24.09640    	20.29049    	 7.459026585
03/04/2009  	15.222860   	20.49214    	18.05983    	 8.112521301
04/04/2009  	16.106934   	19.14762    	17.32229    	 8.408636967
05/04/2009  	13.333723   	20.04180    	17.10722    	 8.626239041
06/04/2009  	13.728854   	19.44353    	16.42133    	 8.950844467
07/04/2009  	14.020155   	20.29453    	17.03472    	 9.224736651
08/04/2009  	14.919124   	21.65768    	18.89621    	 8.837223212
09/04/2009  	15.085417   	20.90352    	18.71345    	 8.861656904
10/04/2009  	16.605524   	21.31777    	18.80752    	 9.439206004
11/04/2009  	16.852167   	23.24048    	19.46463    	 9.987936219
12/04/2009  	18.051874   	25.03146    	21.74240    	10.232153734
13/04/2009  	19.989897   	25.63639    	23.78846    	10.366858224
14/04/2009  	22.553087   	25.48412    	24.10931    	10.480590522
15/04/2009  	21.470573   	25.77593    	23.62928    	10.826466620
16/04/2009  	20.633287   	23.25346    	22.05976    	11.385858238
17/04/2009  	17.611898   	22.45657    	19.73606    	11.445464671
18/04/2009  	17.536953   	24.34976    	20.02615    	10.936401606
19/04/2009  	18.110113   	23.84454    	20.77277    	11.004138271
20/04/2009  	18.999146   	24.29773    	21.22394    	11.539552967
21/04/2009  	20.023874   	25.63146    	22.30204    	12.011753221
22/04/2009  	20.594883   	27.63957    	24.75846    	12.059527338
23/04/2009  	22.340910   	29.22405    	26.59813    	11.705042144
24/04/2009  	23.261749   	29.04441    	26.64561    	12.072197278
25/04/2009  	24.173403   	27.93334    	25.71517    	12.339195947
26/04/2009  	23.492563   	29.12948    	26.51056    	12.541061838
27/04/2009  	24.304781   	29.27414    	27.02116    	12.537653685
28/04/2009  	24.445379   	28.01515    	26.25098    	12.547645311
29/04/2009  	23.988976   	28.94368    	26.66529    	12.508923749
30/04/2009  	24.184578   	29.07279    	26.87282    	12.726730824
01/05/2009  	24.758078   	29.09818    	26.80381    	13.360887229
02/05/2009  	24.718098   	28.19434    	26.35025    	13.743504961
03/05/2009  	22.712105   	29.15265    	26.31701    	13.655464252
04/05/2009  	23.902674   	29.16136    	27.78998    	12.780487895
05/05/2009  	22.399323   	29.85955    	25.65560    	12.458017627
06/05/2009  	19.745604   	27.32608    	23.15838    	12.710389336
07/05/2009  	20.191648   	24.98348    	22.37655    	12.761387229
08/05/2009  	20.080948   	24.08038    	21.97596    	12.848208368
09/05/2009  	20.431719   	23.34901    	21.73488    	12.733768443
10/05/2009  	20.492579   	26.23615    	22.42070    	13.045835733
11/05/2009  	23.376541   	29.58102    	26.19656    	12.702002386
12/05/2009  	24.043798   	30.09987    	27.82292    	12.325123111
13/05/2009  	24.396643   	29.86887    	27.12328    	12.347136756
14/05/2009  	25.359547   	28.95821    	26.64097    	12.496535798
15/05/2009  	24.037071   	25.84806    	25.07826    	12.725413620
16/05/2009  	24.253536   	25.94349    	25.37762    	13.076216221
17/05/2009  	22.826258   	25.87168    	24.89288    	13.394064407
18/05/2009  	24.464037   	26.50361    	25.84369    	13.352559010
19/05/2009  	23.704659   	26.30141    	25.58079    	13.350192189
20/05/2009  	22.319229   	26.17733    	24.66714    	13.687650065
21/05/2009  	23.397190   	26.10288    	25.02415    	14.264975548
22/05/2009  	24.092419   	26.08639    	25.28116    	14.713801642
23/05/2009  	24.575598   	27.10719    	25.86461    	15.212795118
24/05/2009  	25.681005   	27.69069    	26.78132    	15.774037898
25/05/2009  	26.046778   	28.66056    	27.53527    	16.132760684
26/05/2009  	26.241480   	28.81303    	27.64682    	16.603743056
27/05/2009  	26.092854   	28.28592    	26.88710    	15.861353497
28/05/2009  	24.428114   	28.26613    	26.11297    	15.346618096
29/05/2009  	24.001141   	28.41911    	27.08040    	15.524180392
30/05/2009  	25.578819   	28.92706    	27.56802    	15.597046793
31/05/2009  	24.233444   	29.25706    	26.81176    	16.001468241
01/06/2009  	24.303343   	30.10470    	27.36092    	16.693067193
02/06/2009  	25.277584   	30.45429    	29.14644    	16.441900313
03/06/2009  	25.475817   	31.08169    	29.93089    	15.297104140
04/06/2009  	25.573767   	31.49246    	30.21309    	13.606732090
05/06/2009  	28.435484   	31.67438    	30.79066    	12.503575106
06/06/2009  	29.309750   	31.66809    	31.23427    	13.744666855
07/06/2009  	27.549160   	31.59089    	30.39964    	14.088887910
08/06/2009  	25.878307   	31.46455    	29.58429    	14.951400419
09/06/2009  	28.128027   	31.45925    	29.86575    	15.549323241
10/06/2009  	27.784796   	31.45465    	29.95553    	15.788190246
11/06/2009  	28.637407   	31.41759    	30.68157    	15.850159943
12/06/2009  	28.257847   	31.33153    	30.43474    	15.639244199
13/06/2009  	27.502407   	31.41469    	30.11284    	15.759044409
14/06/2009  	24.405787   	31.37886    	28.37103    	16.495324492
15/06/2009  	24.888882   	31.37826    	28.36203    	17.008603454
16/06/2009  	25.887114   	30.39766    	27.97616    	16.891550144
17/06/2009  	22.961292   	27.62114    	25.78319    	16.946577191
18/06/2009  	26.230385   	28.09168    	27.15561    	17.207784335
19/06/2009  	27.205542   	31.22763    	28.58014    	17.113013585
20/06/2009  	26.368855   	31.29430    	28.73945    	16.357837439
21/06/2009  	27.351183   	31.17163    	29.73007    	16.002477566
22/06/2009  	27.380463   	30.84901    	30.04763    	16.467344522
23/06/2009  	28.219952   	31.50105    	30.32661    	17.065498948
24/06/2009  	27.541861   	32.25119    	30.47921    	17.426156561
25/06/2009  	26.901428   	32.03227    	29.90381    	17.727609436
26/06/2009  	27.345640   	32.11295    	30.21217    	18.398264448
27/06/2009  	28.000790   	32.01389    	30.28376    	19.120276292
28/06/2009  	28.025770   	31.73240    	29.85784    	19.746488055
29/06/2009  	27.658936   	31.68759    	29.92990    	20.726018548
30/06/2009  	27.941368   	31.78884    	30.29870    	21.331418912
01/07/2009  	27.962122   	32.09800    	30.50803    	21.390622417
02/07/2009  	28.206635   	32.19619    	30.34395    	21.500884493
03/07/2009  	27.705387   	32.17749    	29.85056    	21.935989102
04/07/2009  	28.640432   	32.31668    	30.64706    	22.296652476
05/07/2009  	26.983204   	32.11364    	30.31517    	22.527819236
06/07/2009  	28.483713   	32.28560    	30.11521    	22.045428117
07/07/2009  	27.335224   	32.02760    	28.79168    	20.889546235
08/07/2009  	26.986414   	31.53629    	28.80428    	20.075960517
09/07/2009  	27.358383   	32.80441    	29.79522    	17.270762026
10/07/2009  	26.865877   	32.68908    	30.33458    	16.110988200
11/07/2009  	26.299189   	31.56275    	29.81819    	16.137236337
12/07/2009  	23.542078   	31.62350    	28.31875    	16.891835531
13/07/2009  	21.410227   	31.46212    	26.57200    	17.611241102
14/07/2009  	21.523535   	31.59981    	27.17911    	18.703622023
15/07/2009  	22.619074   	31.59680    	26.68058    	19.389678280
16/07/2009  	24.088520   	26.92788    	25.44858    	19.354818821
17/07/2009  	24.234104   	27.01265    	25.11607    	19.479570548
18/07/2009  	23.391348   	25.93652    	24.67306    	19.257838766
19/07/2009  	23.829784   	25.97366    	25.18262    	18.984250585
20/07/2009  	24.512510   	26.40889    	25.97753    	19.005176902
21/07/2009  	21.902739   	26.51591    	24.86081    	18.950772206
22/07/2009  	22.934887   	26.50103    	25.02572    	19.281497836
23/07/2009  	23.362652   	26.49644    	25.10433    	19.065393368
24/07/2009  	23.878857   	26.56532    	25.30084    	18.850101272
25/07/2009  	24.425854   	26.78897    	25.66526    	18.658617179
26/07/2009  	23.356169   	27.80383    	25.97245    	18.652403792
27/07/2009  	22.564371   	27.76037    	25.45906    	19.077979008
28/07/2009  	22.483639   	27.61278    	25.35582    	19.023909529
29/07/2009  	22.139063   	28.48820    	25.69116    	19.320936680
30/07/2009  	22.229250   	28.01509    	23.97271    	19.394745588
31/07/2009  	22.313524   	27.22161    	24.16046    	18.754210075
01/08/2009  	22.148357   	25.83009    	23.74467    	18.429124713
02/08/2009  	21.722609   	27.07766    	23.63270    	18.782900929
03/08/2009  	21.667900   	27.90193    	24.60204    	18.926755508
04/08/2009  	22.126450   	28.45554    	25.50260    	19.299849470
05/08/2009  	23.175934   	28.32779    	26.10531    	19.915456096
06/08/2009  	24.578630   	27.58233    	26.51629    	20.677753965
07/08/2009  	24.805321   	28.22853    	26.53750    	21.011966467
08/08/2009  	25.167973   	28.80709    	27.70675    	20.751599073
09/08/2009  	25.274851   	29.95856    	28.37506    	20.553834041
10/08/2009  	25.281548   	30.63098    	28.47689    	20.793166518
11/08/2009  	26.118292   	30.22714    	29.04159    	20.860898693
12/08/2009  	25.637699   	30.20269    	28.81052    	20.538819551
13/08/2009  	25.836180   	30.73791    	29.34251    	20.076858918
14/08/2009  	26.374233   	30.75053    	29.82409    	20.152127584
15/08/2009  	24.254475   	30.66313    	26.88685    	20.047330300
16/08/2009  	23.996450   	29.04239    	26.11312    	19.998119632
17/08/2009  	24.153280   	30.40229    	26.54192    	20.145243049
18/08/2009  	24.811676   	30.55373    	27.41079    	20.018399517
19/08/2009  	24.638422   	30.55355    	28.11653    	20.002132813
20/08/2009  	24.552231   	30.19677    	27.19900    	20.282282352
21/08/2009  	24.963150   	30.23871    	27.23663    	20.129803181
22/08/2009  	25.059364   	30.22766    	27.77835    	19.553711732
23/08/2009  	25.907494   	29.99377    	28.59553    	19.687211752
24/08/2009  	26.402540   	29.31993    	27.92481    	19.667906841
25/08/2009  	26.553896   	29.55111    	28.26512    	20.012370944
26/08/2009  	26.643000   	29.66751    	28.50099    	19.497065425
27/08/2009  	26.286507   	29.86613    	28.03875    	19.344785134
28/08/2009  	25.713997   	27.52000    	26.13954    	19.203404744
29/08/2009  	25.832998   	28.17700    	26.49189    	18.310832063
30/08/2009  	25.550915   	28.14295    	26.69447    	17.607605219
31/08/2009  	24.986372   	26.06287    	25.26092    	18.058702350
01/09/2009  	24.151831   	25.97212    	25.16267    	18.131827315
02/09/2009  	24.236233   	27.51419    	26.44559    	17.839616696
03/09/2009  	25.052141   	29.78493    	27.78594    	17.767624537
04/09/2009  	28.346352   	29.83140    	29.20386    	17.213198503
05/09/2009  	28.173635   	29.53985    	29.23280    	16.686256369
06/09/2009  	26.573851   	28.85496    	28.06978    	15.449494978
07/09/2009  	25.856291   	28.98718    	27.69118    	15.511710187
08/09/2009  	25.742430   	29.00818    	28.21755    	16.084242562
09/09/2009  	27.038853   	29.00282    	28.56709    	16.701848388
10/09/2009  	28.299635   	29.06092    	28.82382    	16.439459761
11/09/2009  	28.629570   	29.26811    	28.99429    	16.355226735
12/09/2009  	28.820816   	29.67462    	29.27777    	16.580228388
13/09/2009  	29.244036   	30.18201    	29.70534    	16.555313408
14/09/2009  	29.713179   	30.54282    	30.16638    	16.236718714
15/09/2009  	29.095242   	30.52656    	30.14035    	16.057367365
16/09/2009  	29.290804   	30.44851    	29.98793    	16.260787308
17/09/2009  	30.057425   	30.90605    	30.45176    	16.030474067
18/09/2009  	29.266008   	30.94266    	30.56131    	15.957625906
19/09/2009  	29.669518   	31.02239    	30.70131    	16.159857174
20/09/2009  	29.791342   	31.19766    	30.88604    	16.693819086
21/09/2009  	29.676920   	31.70743    	31.05977    	16.491170565
22/09/2009  	30.133896   	31.67305    	31.08866    	16.482962807
23/09/2009  	30.234459   	31.87492    	31.27248    	16.131961683
24/09/2009  	30.247992   	32.25060    	31.63976    	15.897011618
25/09/2009  	30.478472   	32.29722    	31.85378    	15.813887020
26/09/2009  	30.006674   	32.41846    	32.02447    	15.946054856
27/09/2009  	29.856001   	32.41850    	31.99431    	16.331367453
28/09/2009  	30.915165   	32.51336    	32.12716    	16.464423319
29/09/2009  	30.046684   	32.49565    	31.65848    	16.034103254
30/09/2009  	26.861732   	32.51432    	31.02416    	16.010074496
01/10/2009  	28.098753   	32.54789    	31.15209    	15.330357254
02/10/2009  	28.531246   	32.97398    	31.70696    	13.761634350
03/10/2009  	27.406570   	32.79912    	29.72632    	14.231110434
04/10/2009  	26.689791   	29.34998    	28.36674    	13.865656018
05/10/2009  	24.201443   	32.46086    	28.03970    	12.781217396
06/10/2009  	24.596964   	32.43137    	28.08399    	12.899805645
07/10/2009  	24.625645   	28.99893    	26.08546    	13.954477111
08/10/2009  	26.185137   	31.58759    	28.96012    	13.353725056
09/10/2009  	27.142532   	31.95193    	30.89932    	12.596159955
10/10/2009  	24.979784   	29.20535    	27.28018    	11.839596848
11/10/2009  	24.647583   	32.30878    	28.32140    	11.957272649
12/10/2009  	27.583870   	32.33266    	30.84163    	11.534050524
13/10/2009  	31.358665   	32.55708    	32.19519    	11.364306788
14/10/2009  	28.610880   	32.63646    	31.24322    	10.816213032
15/10/2009  	28.713596   	32.75494    	31.94513    	10.503359179
16/10/2009  	26.871199   	33.36814    	32.20603    	11.724907915
17/10/2009  	29.725637   	33.40269    	32.84433    	11.544040998
18/10/2009  	27.075390   	33.35876    	31.18127    	11.057009816
19/10/2009  	27.273539   	33.36925    	30.39833    	10.839223961
20/10/2009  	28.472166   	33.30814    	30.85816    	 9.651348223
21/10/2009  	25.509199   	29.81248    	28.11954    	 8.475682447
22/10/2009  	22.940754   	28.20951    	26.31815    	 8.401026249
23/10/2009  	22.608444   	28.02152    	26.05019    	 8.673076789
24/10/2009  	23.492613   	27.95060    	26.47274    	 9.462357163
25/10/2009  	27.845385   	28.57379    	28.03030    	10.363184452
26/10/2009  	28.275667   	29.02662    	28.63800    	10.898571352
27/10/2009  	28.696665   	29.08687    	28.76999    	11.144100646
28/10/2009  	27.519861   	28.74490    	28.42285    	11.164781710
29/10/2009  	26.686901   	28.71733    	28.02992    	11.384722968
30/10/2009  	27.742691   	28.64913    	28.41871    	11.525551279
31/10/2009  	27.399019   	28.58619    	28.29373    	11.126436432
01/11/2009  	26.788734   	28.69348    	28.13839    	11.360120416
02/11/2009  	27.698629   	28.62127    	28.20572    	11.509538531
03/11/2009  	26.759251   	28.33012    	27.85789    	10.945968886
04/11/2009  	27.703724   	28.55925    	28.03756    	10.821590225
05/11/2009  	27.787001   	28.43674    	27.96917    	10.480171323
06/11/2009  	27.802687   	29.36592    	28.02345    	10.214467426
07/11/2009  	26.242672   	29.63101    	28.34650    	10.422106723
08/11/2009  	26.083290   	29.14185    	28.20377    	 9.729947468
09/11/2009  	27.556025   	28.89257    	28.00811    	 8.883688390
10/11/2009  	27.402130   	27.94216    	27.72403    	 8.636695445
11/11/2009  	27.553883   	27.92903    	27.69011    	 8.799522837
12/11/2009  	25.918407   	27.96269    	27.39775    	 8.478228072
13/11/2009  	22.909019   	27.69896    	26.29924    	 9.505933444
14/11/2009  	23.636295   	28.36597    	27.02270    	10.132843216
15/11/2009  	25.549732   	29.69587    	28.20220    	10.338052591
16/11/2009  	25.598202   	29.52444    	27.53991    	10.251630922
17/11/2009  	26.523829   	29.14412    	27.54981    	10.328923722
18/11/2009  	26.881807   	30.37520    	29.28332    	10.586303174
19/11/2009  	28.211296   	30.33689    	29.69773    	10.600343486
20/11/2009  	27.339338   	29.71872    	28.51303    	10.243379176
21/11/2009  	25.880831   	29.29292    	27.85278    	10.467290858
22/11/2009  	26.519817   	29.99676    	27.88660    	10.613774657
23/11/2009  	29.660854   	30.12851    	29.91763    	10.507600705
24/11/2009  	29.556189   	30.19633    	29.94828    	10.442503174
25/11/2009  	29.727245   	30.40832    	30.01779    	10.281779289
26/11/2009  	30.337563   	30.51018    	30.42991    	10.178632518
27/11/2009  	29.702316   	30.45704    	30.11111    	 9.615275204
28/11/2009  	29.514549   	30.05177    	29.77773    	 9.284224768
29/11/2009  	28.600170   	29.72501    	29.40215    	 9.308026950
30/11/2009  	26.912485   	29.58979    	28.85434    	 8.802914858
01/12/2009  	27.291292   	29.22137    	28.58721    	 7.816693842
02/12/2009  	26.814478   	29.13282    	27.98296    	 7.102395028
03/12/2009  	23.870289   	27.83942    	25.76522    	 7.619007299
04/12/2009  	22.151958   	26.85158    	24.65031    	 7.671394765
05/12/2009  	23.120401   	26.55703    	24.70690    	 7.445569416
06/12/2009  	23.117733   	25.67767    	24.37079    	 7.901153386
07/12/2009  	21.336935   	25.82477    	24.16117    	 7.930602898
08/12/2009  	23.535971   	25.87452    	24.27105    	 7.868603388
09/12/2009  	23.703339   	25.70421    	24.20641    	 7.696430335
10/12/2009  	23.466288   	25.03619    	24.13442    	 8.060426215
11/12/2009  	23.294556   	24.90092    	24.27099    	 7.986679415
12/12/2009  	20.501083   	25.29228    	23.40975    	 7.179034521
13/12/2009  	19.323595   	25.25421    	21.65121    	 5.948495706
14/12/2009  	18.908281   	25.65897    	21.41496    	 5.017423451
15/12/2009  	18.263744   	23.70907    	20.63955    	 3.747582893
16/12/2009  	17.993702   	22.61093    	19.74346    	 3.468535289
17/12/2009  	16.555494   	20.55766    	18.53018    	 3.294949343
18/12/2009  	12.537716   	22.77405    	16.87333    	 2.489635549
19/12/2009  	12.519267   	22.45852    	17.73140    	 2.338290604
20/12/2009  	20.210611   	22.63815    	21.65657    	 3.247736971
21/12/2009  	19.550098   	22.55043    	21.81428    	 2.833800033
22/12/2009  	19.953785   	23.14187    	20.85874    	 2.624959802
23/12/2009  	19.944105   	23.43489    	21.38262    	 2.916981464
24/12/2009  	21.070335   	23.98986    	22.51369    	 2.989096403
25/12/2009  	20.568205   	23.67883    	21.77298    	 2.581662250
26/12/2009  	20.596043   	24.36007    	22.92427    	 3.510711710
27/12/2009  	23.526983   	26.12282    	25.14483    	 4.137359957
28/12/2009  	25.183384   	27.15972    	26.22182    	 4.290643618
29/12/2009  	21.411558   	25.92181    	24.10654    	 3.368308648
30/12/2009  	15.197837   	26.24246    	20.96737    	 2.328432140
31/12/2009  	14.550426   	24.27853    	19.33649    	 1.952650068
01/01/2010  	16.805466   	25.62433    	21.86718    	 2.117294515
02/01/2010  	19.737104   	25.62861    	22.63045    	 1.864544056
03/01/2010  	17.890207   	24.51005    	21.34211    	 1.213940276
04/01/2010  	20.004234   	26.89255    	23.16329    	 1.452268627
05/01/2010  	19.679890   	26.48203    	23.23443    	 1.763813985
06/01/2010  	19.020157   	25.98993    	22.89934    	 1.813664685
07/01/2010  	20.289337   	25.15518    	22.96717    	 1.595160271
08/01/2010  	17.772787   	23.30966    	21.19271    	 0.967414579
09/01/2010  	13.328264   	26.46727    	19.77855    	 0.306153982
10/01/2010  	14.107711   	26.76365    	21.32991    	 0.551071110
11/01/2010  	17.142527   	23.96351    	20.02203    	 0.533762988
12/01/2010  	15.055115   	24.54144    	19.11221    	 0.271509449
13/01/2010  	12.595175   	21.95767    	17.08315    	-0.435259024
14/01/2010  	13.371337   	23.26237    	18.87749    	-0.041682397
15/01/2010  	13.532694   	22.83481    	18.10805    	-0.200038862
16/01/2010  	15.027140   	22.64150    	18.60889    	 0.258692921
17/01/2010  	17.542381   	23.65465    	21.20271    	 0.930212326
18/01/2010  	17.266701   	22.79780    	20.28615    	 1.014760913
19/01/2010  	17.484827   	25.90072    	21.05805    	 1.278739000
20/01/2010  	19.220678   	24.96842    	22.19105    	 1.243180695
21/01/2010  	16.431904   	22.34058    	19.79751    	 1.010539373
22/01/2010  	14.328600   	22.38384    	17.86715    	 0.547457070
23/01/2010  	15.888138   	21.96998    	19.62270    	 0.890565340
24/01/2010  	15.798967   	21.76338    	18.80224    	 0.637627078
25/01/2010  	13.165938   	22.34184    	18.21232    	 0.218209307
26/01/2010  	13.757955   	22.00744    	17.70810    	-0.657021182
27/01/2010  	13.289364   	22.47835    	18.88505    	-0.358006444
28/01/2010  	13.245788   	26.33125    	20.02077    	 0.757745158
29/01/2010  	19.052906   	29.08517    	23.30577    	 1.196239914
30/01/2010  	20.764610   	29.00760    	25.55500    	 1.121852913
31/01/2010  	22.586262   	29.07126    	26.70132    	 0.989877744
01/02/2010  	20.634676   	28.96769    	26.24610    	 0.908671118
02/02/2010  	20.203690   	29.28529    	24.91266    	 1.168465041
03/02/2010  	21.808153   	30.34157    	26.16085    	 1.576680012
04/02/2010  	21.269995   	28.90065    	26.91296    	 1.741560561
05/02/2010  	21.781212   	27.87645    	24.96455    	 1.790812343
06/02/2010  	19.204657   	25.43385    	22.53697    	 1.924227811
07/02/2010  	16.098387   	23.40828    	19.14584    	 1.744660787
08/02/2010  	11.968759   	20.59414    	16.57824    	 0.868366628
09/02/2010  	13.111667   	21.48219    	15.95205    	-0.157345062
10/02/2010  	12.782866   	27.57635    	17.88932    	-0.350316335
11/02/2010  	17.882595   	28.71837    	23.49768    	-0.186901712
12/02/2010  	22.734297   	28.94662    	26.97011    	-0.009220679
13/02/2010  	21.872974   	29.67987    	27.48774    	 0.070236165
14/02/2010  	21.561003   	30.27964    	27.99849    	-0.025418643
15/02/2010  	21.967716   	30.24680    	27.32469    	-0.500560894
16/02/2010  	20.528727   	28.38522    	23.77518    	-0.762656217
17/02/2010  	19.906918   	22.00186    	20.72233    	-0.610421993
18/02/2010  	19.792267   	21.83737    	20.70985    	-0.505327827
19/02/2010  	19.746475   	23.88597    	21.30872    	 0.521700707
20/02/2010  	21.313208   	23.88418    	22.79932    	 1.062322424
21/02/2010  	20.541182   	23.71536    	21.88331    	 0.946125617
22/02/2010  	19.418480   	22.12203    	21.53185    	 1.333954588
23/02/2010  	20.964108   	23.70788    	21.95725    	 1.402780473
24/02/2010  	18.129292   	23.95437    	20.90037    	 1.362183129
25/02/2010  	18.993265   	23.95309    	21.84424    	 2.061682547
26/02/2010  	19.406212   	25.06685    	23.02884    	 2.480963543
27/02/2010  	22.719448   	27.26994    	24.67796    	 2.645947655
28/02/2010  	23.266127   	26.71445    	24.92738    	 3.031006694
01/03/2010  	22.636082   	27.65706    	24.73885    	 3.311854452
02/03/2010  	22.473862   	24.85768    	23.60547    	 3.141705831
03/03/2010  	22.720282   	26.43403    	24.42618    	 3.017421971
04/03/2010  	22.647644   	27.94686    	25.90813    	 3.139562741
05/03/2010  	22.485420   	28.20104    	26.27239    	 3.027539308
06/03/2010  	22.750795   	29.44618    	27.68822    	 2.612748414
07/03/2010  	20.624710   	29.10235    	25.78297    	 1.868960237
08/03/2010  	22.776443   	29.01828    	26.58437    	 1.971186479
09/03/2010  	20.378674   	27.41258    	24.79327    	 1.895530999
10/03/2010  	18.502254   	25.63067    	22.49498    	 1.891393435
11/03/2010  	14.903511   	25.47338    	21.09869    	 2.032030135
12/03/2010  	16.140722   	28.86245    	22.02191    	 2.548861071
13/03/2010  	18.484772   	29.81826    	24.82905    	 2.988603190
14/03/2010  	18.384880   	30.02980    	24.96270    	 3.582921728
15/03/2010  	17.935831   	30.29912    	26.40117    	 4.284673502
16/03/2010  	17.276413   	30.38452    	25.79437    	 4.682009002
17/03/2010  	16.838068   	30.07546    	23.87289    	 4.637669633
18/03/2010  	17.532408   	29.87078    	23.49179    	 4.945984463
19/03/2010  	19.188185   	29.52006    	23.05625    	 5.409366608
20/03/2010  	18.805647   	27.61079    	21.48290    	 5.792533567
21/03/2010  	19.086969   	26.38795    	22.02066    	 6.430628498
22/03/2010  	19.484829   	25.98777    	22.44514    	 6.733126154
23/03/2010  	19.563612   	25.24924    	22.09616    	 6.740085800
24/03/2010  	18.454370   	22.29441    	20.42730    	 7.003424863
25/03/2010  	16.944225   	21.61846    	19.47625    	 7.561177919
26/03/2010  	15.898949   	22.39538    	19.40085    	 7.996605873
27/03/2010  	15.856352   	23.31562    	19.92136    	 7.852544338
28/03/2010  	16.434713   	23.15510    	20.49825    	 7.884790291
29/03/2010  	17.372984   	21.68173    	20.22253    	 8.075141539
30/03/2010  	17.422335   	22.92151    	19.89334    	 8.099113206
31/03/2010  	17.766415   	24.48587    	22.87017    	 7.220752478
01/04/2010  	24.234320   	24.73872    	24.46121    	 6.598409891
02/04/2010  	24.326891   	24.93074    	24.55354    	 6.527712812
03/04/2010  	24.156775   	25.26872    	24.53567    	 6.788280418
04/04/2010  	23.325943   	25.09843    	24.32019    	 7.087535481
05/04/2010  	23.145899   	25.13070    	24.00262    	 7.061899851
06/04/2010  	21.129742   	25.74706    	23.63671    	 7.460920264
07/04/2010  	19.186575   	25.70228    	22.24549    	 8.133782665
08/04/2010  	18.471350   	24.72898    	21.24064    	 8.625081956
09/04/2010  	18.935514   	24.11966    	21.36004    	 9.058326781
10/04/2010  	19.903250   	24.71679    	22.13000    	 9.304104447
11/04/2010  	18.392618   	25.73266    	22.85521    	 8.910821219
12/04/2010  	19.810970   	26.60742    	23.27645    	 8.546776225
13/04/2010  	21.671938   	27.50665    	25.03134    	 8.347036799
14/04/2010  	24.472282   	28.02938    	26.59036    	 8.427949925
15/04/2010  	24.620104   	28.52567    	26.88533    	 8.495437533
16/04/2010  	25.938974   	29.34798    	28.00144    	 8.469198436
17/04/2010  	22.542206   	29.65747    	27.17016    	 8.924448748
18/04/2010  	21.546284   	29.88643    	27.40628    	 9.386224866
19/04/2010  	26.078487   	30.44162    	29.39037    	 9.420437256
20/04/2010  	24.303553   	30.23479    	27.74852    	 9.478937805
21/04/2010  	25.621815   	30.95603    	29.49169    	 7.839099566
22/04/2010  	26.287970   	31.59653    	30.12405    	 7.655784696
23/04/2010  	24.008339   	31.58492    	29.18328    	 8.672003110
24/04/2010  	25.242249   	31.55166    	29.08690    	 9.517326375
25/04/2010  	25.418940   	29.61318    	27.62522    	10.003670851
26/04/2010  	26.349394   	28.64222    	27.60334    	10.569014490
27/04/2010  	25.814533   	30.06025    	27.93409    	11.076735040
28/04/2010  	25.898291   	30.18081    	27.68886    	11.525641223
29/04/2010  	26.554869   	30.81580    	28.15095    	11.909630001
30/04/2010  	26.805393   	31.18220    	28.83877    	12.080942293
01/05/2010  	27.437502   	31.22209    	29.44719    	12.111860017
02/05/2010  	27.708031   	31.00353    	29.55293    	11.331570427
03/05/2010  	23.710991   	32.21060    	29.94077    	 9.968620519
04/05/2010  	28.265556   	32.22091    	31.44968    	 9.563726068
05/05/2010  	24.483866   	32.10097    	30.69027    	 9.965251386
06/05/2010  	26.252056   	32.01033    	31.00037    	 9.839904845
07/05/2010  	26.139526   	31.77957    	29.02875    	 9.178929965
08/05/2010  	24.672468   	29.93965    	27.04689    	 9.487764478
09/05/2010  	25.346863   	31.55346    	28.34469    	 9.839377205
10/05/2010  	26.171230   	31.77399    	29.38127    	10.180247804
11/05/2010  	27.661640   	32.00134    	30.49867    	 9.998168409
12/05/2010  	28.245716   	32.26384    	31.53174    	 9.359017909
13/05/2010  	28.072639   	32.43664    	31.36498    	 9.452815970
14/05/2010  	27.224926   	32.36408    	31.13203    	 9.947346548
15/05/2010  	26.538858   	32.31334    	30.78395    	10.508577903
16/05/2010  	26.841276   	32.46280    	31.06721    	10.764331480
17/05/2010  	24.457262   	32.58950    	30.15995    	11.012440026
18/05/2010  	27.852472   	32.59512    	31.79334    	11.552419364
19/05/2010  	26.731180   	32.69248    	31.46119    	12.128382285
20/05/2010  	25.646303   	32.88328    	30.45220    	12.945799688
21/05/2010  	25.899521   	32.68499    	30.47884    	13.958466570
22/05/2010  	26.058628   	32.85548    	31.07151    	14.356006781
23/05/2010  	24.780405   	32.92630    	30.28811    	14.800649583
24/05/2010  	24.467812   	32.89062    	29.58952    	15.537871480
25/05/2010  	28.460686   	32.92426    	31.62206    	15.452380637
26/05/2010  	27.572361   	32.87004    	31.51032    	14.577703595
27/05/2010  	26.424236   	32.77686    	30.52611    	14.050718069
28/05/2010  	26.678350   	32.67345    	30.49373    	14.338949800
29/05/2010  	27.319519   	32.76860    	30.71393    	14.068225304
30/05/2010  	27.351706   	32.69820    	29.74676    	14.294916391
31/05/2010  	29.792410   	32.70815    	32.03279    	14.078666389
01/06/2010  	27.881258   	32.48436    	30.57217    	14.531815151
02/06/2010  	28.894848   	31.35729    	30.41112    	15.053558330
03/06/2010  	27.745300   	32.29278    	30.12708    	15.607239087
04/06/2010  	26.801935   	31.91708    	29.07068    	16.169980228
05/06/2010  	26.050175   	30.56963    	28.10269    	16.636013865
06/06/2010  	25.647202   	28.37156    	26.77227    	17.059772929
07/06/2010  	26.208876   	28.89332    	27.18855    	17.154911796
08/06/2010  	22.556555   	27.92767    	25.62530    	17.250117421
09/06/2010  	22.805376   	27.11040    	24.91621    	17.672221661
10/06/2010  	23.718920   	29.29905    	25.93944    	18.100731691
11/06/2010  	24.007536   	29.76229    	27.08846    	18.367020329
12/06/2010  	25.847290   	30.11533    	28.62182    	17.813710173
13/06/2010  	27.085957   	31.81509    	29.83335    	16.928105752
14/06/2010  	26.479200   	31.46766    	30.32557    	17.091364821
15/06/2010  	27.998999   	32.55796    	31.05471    	16.514459550
16/06/2010  	25.893684   	32.61354    	31.07397    	16.066902041
17/06/2010  	25.688023   	32.62560    	31.16971    	16.192873875
18/06/2010  	26.787584   	32.78020    	31.63022    	15.883065979
19/06/2010  	28.199394   	32.95600    	32.17456    	14.278568049
20/06/2010  	28.429571   	33.02742    	32.36837    	13.533346633
21/06/2010  	28.920481   	33.03767    	32.18082    	14.448023518
22/06/2010  	28.662872   	32.98540    	31.98505    	15.506074031
23/06/2010  	27.181479   	32.89404    	31.26796    	16.639873823
24/06/2010  	29.207441   	32.89919    	31.69133    	17.664472024
25/06/2010  	30.083361   	32.90553    	32.29822    	17.907436013
26/06/2010  	29.857800   	32.92256    	32.37951    	18.265171329
27/06/2010  	30.727222   	32.97490    	32.47815    	18.803347826
28/06/2010  	31.009510   	33.00101    	32.56456    	19.842460632
29/06/2010  	31.087982   	33.06154    	32.63969    	20.103205880
30/06/2010  	30.514242   	33.08585    	32.57625    	19.948964715
01/07/2010  	30.640041   	33.11086    	32.44271    	20.096658309
02/07/2010  	30.686642   	33.08735    	32.20405    	20.759567062
03/07/2010  	29.922283   	33.05196    	32.02774    	21.337028503
04/07/2010  	30.657776   	33.03589    	32.23524    	21.526495894
05/07/2010  	30.770288   	33.11629    	32.29477    	21.534300725
06/07/2010  	31.228498   	33.11817    	32.64597    	21.197529515
07/07/2010  	30.699619   	33.16389    	32.56432    	20.225834648
08/07/2010  	30.868271   	33.19228    	32.13274    	20.143430789
09/07/2010  	30.902943   	33.14613    	31.99703    	20.475446264
10/07/2010  	30.831913   	32.20113    	31.67551    	21.509895484
11/07/2010  	30.683607   	31.77768    	31.37490    	22.296800931
12/07/2010  	30.850380   	31.76836    	31.31613    	22.076262315
13/07/2010  	31.310825   	32.43154    	31.56498    	21.462335944
14/07/2010  	30.220034   	32.39785    	31.56258    	21.631764928
15/07/2010  	28.528387   	31.89123    	30.51945    	21.325629711
16/07/2010  	28.183138   	30.56776    	29.18979    	20.291320642
17/07/2010  	26.907894   	29.81075    	28.48446    	20.003452539
18/07/2010  	27.078070   	30.32709    	28.72542    	19.467145443
19/07/2010  	27.456999   	30.33076    	29.24985    	19.431627671
20/07/2010  	28.201794   	30.29182    	29.63772    	20.027931611
21/07/2010  	29.258686   	30.58757    	29.96252    	20.387738228
22/07/2010  	29.570236   	30.59332    	30.13220    	20.445429285
23/07/2010  	29.802814   	30.73543    	30.37668    	20.558848858
24/07/2010  	29.802681   	30.77304    	30.32948    	20.079514980
25/07/2010  	29.568230   	30.98041    	30.19657    	20.202106317
26/07/2010  	29.813484   	30.81690    	30.44783    	20.094070713
27/07/2010  	29.221436   	31.62094    	30.64447    	20.171156049
28/07/2010  	29.456896   	31.45740    	30.86952    	20.416287303
29/07/2010  	29.196871   	31.72523    	31.07211    	20.185602665
30/07/2010  	28.740299   	32.12107    	31.12652    	19.810244123
31/07/2010  	28.587021   	31.96958    	30.62985    	19.767872771
01/08/2010  	28.262489   	32.05938    	30.76544    	19.941043059
02/08/2010  	27.875994   	32.06751    	30.59986    	20.219356140
03/08/2010  	29.461977   	31.90648    	30.66669    	20.277236780
04/08/2010  	27.477573   	31.21740    	29.39373    	19.944388628
05/08/2010  	27.762177   	32.15701    	30.08182    	19.558979034
06/08/2010  	26.902517   	31.76839    	29.49937    	19.207627853
07/08/2010  	25.427731   	29.80795    	26.88473    	19.309165279
08/08/2010  	24.867094   	28.49936    	26.42727    	19.213856816
09/08/2010  	25.718493   	28.75609    	27.65582    	19.419862111
10/08/2010  	26.604311   	28.96692    	27.41771    	19.578789353
11/08/2010  	26.860855   	28.71212    	27.92118    	19.543627143
12/08/2010  	25.018263   	28.72654    	27.70315    	19.480581840
13/08/2010  	25.108555   	28.65947    	27.27402    	19.076925159
14/08/2010  	26.396681   	28.31967    	27.48477    	19.370543798
15/08/2010  	25.727165   	30.97776    	28.08951    	19.371172508
16/08/2010  	23.746246   	31.00496    	27.89690    	19.379532655
17/08/2010  	24.346453   	30.68852    	27.73474    	19.452454567
18/08/2010  	24.007509   	30.76896    	27.56455    	18.696817915
19/08/2010  	20.769901   	30.74604    	25.91105    	18.270344536
20/08/2010  	20.306332   	28.15584    	23.23176    	18.508212129
21/08/2010  	20.647594   	26.29109    	22.36869    	18.921034575
22/08/2010  	21.579382   	23.51996    	22.42730    	19.246188879
23/08/2010  	21.714983   	25.20016    	22.70157    	19.320214629
24/08/2010  	22.658890   	25.86785    	24.40190    	18.668595552
25/08/2010  	23.790133   	27.01713    	25.32888    	17.878455520
26/08/2010  	23.230061   	27.35233    	25.23867    	16.520743231
27/08/2010  	22.658274   	27.36171    	24.61400    	16.126526455
28/08/2010  	23.801558   	27.93694    	26.13616    	16.400180578
29/08/2010  	23.887287   	27.98336    	26.13348    	15.685840646
30/08/2010  	24.926836   	28.59654    	27.52736    	15.304783225
31/08/2010  	22.634335   	29.37021    	27.54512    	16.190998435
01/09/2010  	21.436874   	29.02638    	26.96280    	16.182564636
02/09/2010  	23.873816   	28.91825    	27.51001    	16.293587327
03/09/2010  	22.542629   	28.26749    	26.18447    	16.219478269
04/09/2010  	21.131653   	25.56534    	23.49774    	16.224201441
05/09/2010  	17.019312   	23.70939    	20.43442    	16.115175486
06/09/2010  	 9.850760   	19.14016    	15.45083    	15.364974340
07/09/2010  	 9.590224   	19.84043    	14.86626    	14.755795399
08/09/2010  	 9.028959   	21.08317    	15.69324    	14.663543661
09/09/2010  	12.019279   	22.10022    	17.55788    	15.522809962
10/09/2010  	13.078139   	21.54508    	18.46246    	15.780007939
11/09/2010  	15.363388   	21.44510    	19.03733    	16.264470279
12/09/2010  	16.303501   	20.94985    	19.18701    	16.689604402
13/09/2010  	16.951836   	24.63646    	20.26604    	16.444878817
14/09/2010  	18.366955   	22.61422    	21.46907    	16.740280310
15/09/2010  	20.702118   	24.54267    	22.89750    	16.209070424
16/09/2010  	19.417646   	25.75911    	23.18669    	15.589414060
17/09/2010  	19.774666   	28.94411    	24.66765    	14.304456949
18/09/2010  	25.886002   	29.68427    	28.00648    	12.871222595
19/09/2010  	17.775621   	29.15509    	23.00549    	13.425512572
20/09/2010  	18.747543   	26.08848    	20.60223    	14.173991104
21/09/2010  	18.722734   	21.25947    	19.87653    	14.676831285
22/09/2010  	19.233633   	21.24710    	19.98522    	15.037797570
23/09/2010  	16.671242   	22.48344    	19.47544    	15.296885312
24/09/2010  	17.510071   	23.07762    	19.90010    	15.538763344
25/09/2010  	20.496197   	27.07297    	23.93234    	14.179809093
26/09/2010  	20.296263   	26.97152    	23.90241    	13.496950487
27/09/2010  	19.927364   	25.24682    	22.65536    	13.494386435
28/09/2010  	18.772383   	23.52647    	20.65349    	13.766122818
29/09/2010  	16.563705   	20.22465    	18.31433    	13.540913800
30/09/2010  	12.473595   	19.65417    	16.19871    	12.995051543
01/10/2010  	13.804193   	19.93191    	16.95540    	13.218109012
02/10/2010  	16.903397   	20.58439    	18.82593    	13.853367349
03/10/2010  	19.705492   	21.83502    	20.52659    	14.812540948
04/10/2010  	19.478878   	22.13130    	20.68218    	15.255017638
05/10/2010  	19.282522   	21.80913    	20.15853    	15.577132543
06/10/2010  	19.106775   	23.33573    	21.65544    	15.628060083
07/10/2010  	19.362020   	23.13473    	20.84760    	15.612986724
08/10/2010  	19.698111   	21.74083    	20.71274    	15.646052102
09/10/2010  	17.469706   	22.03541    	20.20579    	15.030199945
10/10/2010  	15.561937   	21.58122    	18.78136    	13.967474957
11/10/2010  	16.030373   	24.32812    	21.08785    	13.132516046
12/10/2010  	19.779446   	26.58612    	23.15064    	13.148704449
13/10/2010  	20.483330   	27.78053    	25.15650    	13.502261877
14/10/2010  	20.452028   	28.40466    	26.47693    	13.527345121
15/10/2010  	24.334116   	29.13716    	27.54945    	13.288512111
16/10/2010  	20.895914   	29.04257    	26.46374    	11.749737263
17/10/2010  	21.519257   	29.07785    	25.73927    	10.335949977
18/10/2010  	19.318773   	28.22729    	21.47323    	10.507777154
19/10/2010  	19.808060   	22.73058    	21.81128    	10.834683120
20/10/2010  	21.150972   	29.61267    	26.29015    	 9.394220074
21/10/2010  	20.920479   	30.07118    	25.07146    	 9.133532345
22/10/2010  	20.523062   	29.82211    	22.17630    	 9.709500929
23/10/2010  	19.959805   	23.70924    	21.92983    	 9.678086380
24/10/2010  	20.360085   	26.63334    	22.78353    	 8.946324646
25/10/2010  	21.436382   	29.58760    	26.88513    	 8.461292326
26/10/2010  	21.541578   	29.83002    	26.92671    	 8.211841971
27/10/2010  	21.204718   	23.21474    	22.36590    	 8.647118807
28/10/2010  	19.933176   	22.92803    	21.74894    	 9.314013640
29/10/2010  	20.312859   	22.25041    	20.86025    	 9.498959601
30/10/2010  	20.168636   	23.31789    	21.49950    	 9.888773322
31/10/2010  	20.045118   	23.45176    	21.46758    	 9.996059755
01/11/2010  	19.588940   	23.00032    	20.88998    	 9.990911225
02/11/2010  	19.211639   	23.08000    	21.64527    	10.238222460
03/11/2010  	22.627432   	25.62560    	24.81007    	10.910853624
04/11/2010  	22.483912   	26.56572    	24.72888    	11.219191233
05/11/2010  	24.742357   	26.73399    	25.62559    	11.718837559
06/11/2010  	25.049715   	27.15955    	26.26765    	11.691455781
07/11/2010  	24.965197   	26.92410    	25.84558    	11.022876441
08/11/2010  	19.994207   	26.01596    	24.02496    	 9.169466078
09/11/2010  	15.166359   	24.45125    	19.64114    	 7.612195084
10/11/2010  	16.788330   	26.95563    	22.69316    	 7.701579809
11/11/2010  	21.732361   	26.45285    	23.71230    	 7.874627093
12/11/2010  	24.189102   	28.84929    	26.18500    	 9.140683452
13/11/2010  	25.063494   	31.00636    	28.27279    	 9.547643503
14/11/2010  	22.598663   	29.79723    	26.37483    	 9.256503661
15/11/2010  	22.894272   	29.53332    	25.87599    	 8.855730633
16/11/2010  	22.417210   	29.07485    	25.87367    	 8.382277469
17/11/2010  	19.959238   	28.71706    	23.92031    	 7.263388882
18/11/2010  	18.855080   	24.07332    	22.32824    	 6.711259067
19/11/2010  	17.066412   	23.29196    	19.96064    	 6.470189422
20/11/2010  	16.291903   	21.66992    	19.22954    	 6.397473892
21/11/2010  	16.762695   	22.64832    	19.76877    	 6.453107774
22/11/2010  	17.396154   	24.63423    	20.39735    	 6.437000871
23/11/2010  	21.354759   	28.78436    	25.76046    	 6.638578365
24/11/2010  	23.467272   	29.23815    	27.65074    	 6.394378563
25/11/2010  	23.040104   	29.25695    	27.41648    	 5.863303274
26/11/2010  	21.477877   	26.68417    	24.83026    	 4.744940976
27/11/2010  	18.326475   	22.95111    	21.15745    	 3.820337594
28/11/2010  	13.555397   	21.34548    	17.53434    	 2.995078936
29/11/2010  	12.960021   	21.03183    	16.69708    	 2.059342888
30/11/2010  	11.683993   	21.20173    	15.42776    	 1.388099452
01/12/2010  	12.876348   	27.81923    	19.70234    	 0.493467123
02/12/2010  	16.838194   	28.40436    	21.38707    	 0.056198442
03/12/2010  	19.238523   	29.03997    	23.60008    	 0.415644431
04/12/2010  	20.372843   	28.68505    	23.91077    	 1.922605354
05/12/2010  	22.112789   	24.40933    	23.80478    	 2.243925552
06/12/2010  	23.352261   	25.33340    	23.88519    	 2.201082846
07/12/2010  	23.172710   	26.84209    	24.96050    	 1.335227927
08/12/2010  	24.953537   	27.95321    	26.55088    	 0.953507933
09/12/2010  	26.263678   	30.14260    	27.82164    	 1.635214517
10/12/2010  	23.617081   	30.45440    	28.88252    	 2.831139743
11/12/2010  	24.140360   	30.30602    	27.80180    	 3.568398545
12/12/2010  	24.779037   	30.80800    	30.03303    	 4.597073540
13/12/2010  	26.578466   	30.64737    	29.69966    	 3.520793746
14/12/2010  	28.377575   	30.34701    	29.58341    	 2.645926309
15/12/2010  	26.881081   	30.69577    	29.76214    	 2.601981153
16/12/2010  	24.325863   	30.68643    	27.96376    	 2.870540892
17/12/2010  	25.185637   	30.54705    	28.82070    	 2.521394104
18/12/2010  	21.343327   	30.36888    	25.42492    	 1.742689970
19/12/2010  	18.420441   	24.63011    	22.70213    	 0.260923295
20/12/2010  	19.302464   	25.09188    	22.56608    	-0.627919500
21/12/2010  	19.493101   	22.79724    	21.20149    	-0.940814466
22/12/2010  	18.906124   	25.59097    	21.23119    	-0.937284431
23/12/2010  	17.245657   	29.29274    	24.53056    	-0.221488678
24/12/2010  	25.957502   	30.67436    	29.61569    	 0.568002827
25/12/2010  	22.110426   	30.89643    	29.41101    	 0.186720252
26/12/2010  	23.009155   	30.99260    	28.16167    	 0.215470014
27/12/2010  	19.865822   	30.99704    	26.51514    	 0.421519260
28/12/2010  	20.660570   	30.99233    	26.34162    	 0.361096687
29/12/2010  	22.107460   	27.91917    	24.71786    	 0.100730775
30/12/2010  	21.177715   	26.38858    	23.81399    	 0.114189354
31/12/2010  	22.118998   	27.82811    	24.86606    	 0.536570944
