date	smin	smax	smean	tmean
01/01/2009  	19.612846   	21.65549    	20.62981    	 1.603977965
02/01/2009  	13.752700   	21.63023    	19.61480    	 1.767189689
03/01/2009  	12.758891   	21.50871    	18.30225    	 1.266506312
04/01/2009  	16.978479   	23.78100    	19.76778    	 2.000140674
05/01/2009  	12.697444   	23.18242    	18.69252    	 1.102670682
06/01/2009  	14.970695   	21.65097    	17.68665    	-0.028749672
07/01/2009  	15.402583   	22.28242    	19.66218    	 0.724190873
08/01/2009  	16.949221   	21.47267    	19.87825    	 0.385300496
09/01/2009  	14.328851   	22.70166    	19.49437    	 0.097637406
10/01/2009  	14.023158   	22.06405    	19.96677    	-0.073579358
11/01/2009  	15.658445   	26.32659    	21.82487    	 0.392636941
12/01/2009  	21.707470   	30.48947    	26.71586    	 1.931122449
13/01/2009  	25.109993   	31.11566    	28.50263    	 2.992978508
14/01/2009  	19.895340   	27.74196    	25.63526    	 2.707147370
15/01/2009  	12.993079   	26.34501    	22.76378    	 2.056252380
16/01/2009  	 9.238019   	26.05682    	18.23904    	 1.796393914
17/01/2009  	10.288167   	27.21932    	20.48972    	 2.212792523
18/01/2009  	15.818306   	29.69656    	24.81998    	 3.087108985
19/01/2009  	20.051157   	30.26645    	26.30885    	 2.949430888
20/01/2009  	29.285185   	30.08050    	29.66530    	 2.884915799
21/01/2009  	26.074837   	30.07461    	28.63706    	 2.480765209
22/01/2009  	18.802223   	29.63991    	26.27278    	 2.287970255
23/01/2009  	17.341841   	29.18254    	26.44776    	 2.673585415
24/01/2009  	25.363424   	28.67784    	27.46885    	 2.980041355
25/01/2009  	16.541489   	28.34346    	25.43551    	 2.677537421
26/01/2009  	13.992875   	27.33527    	21.15101    	 2.333719422
27/01/2009  	15.680565   	24.47396    	21.86599    	 1.913711416
28/01/2009  	13.454626   	25.60763    	22.21736    	 1.548056098
29/01/2009  	12.457629   	23.99889    	20.55647    	 1.476520270
30/01/2009  	11.797996   	24.78983    	19.42240    	 1.116081979
31/01/2009  	 8.196787   	25.03604    	20.21954    	 0.564110552
01/02/2009  	16.179245   	26.03213    	22.89619    	-0.047073312
02/02/2009  	19.427490   	24.73918    	23.13809    	 0.129948808
03/02/2009  	20.849604   	24.04115    	23.17788    	 0.572498398
04/02/2009  	22.064064   	24.72933    	23.58171    	 0.829264056
05/02/2009  	22.660948   	24.73946    	24.02222    	 1.040490817
06/02/2009  	18.628372   	25.34781    	22.92848    	 1.454527693
07/02/2009  	17.252163   	24.37141    	22.44075    	 1.604170178
08/02/2009  	16.664988   	24.27214    	21.92384    	 1.461226838
09/02/2009  	15.277456   	24.59389    	21.14392    	 1.457742567
10/02/2009  	14.948752   	25.09799    	20.11509    	 1.628504954
11/02/2009  	17.820065   	24.56670    	22.33225    	 1.859460446
12/02/2009  	14.824386   	24.85731    	20.88042    	 1.986803152
13/02/2009  	12.724620   	21.95265    	19.22967    	 2.095862436
14/02/2009  	 9.125566   	21.89679    	18.10216    	 1.670099489
15/02/2009  	10.816967   	21.20034    	17.62851    	 1.911396315
16/02/2009  	11.746506   	20.10748    	17.55136    	 2.707727586
17/02/2009  	 9.402581   	19.76656    	15.63922    	 3.268833811
18/02/2009  	 7.265373   	20.09081    	14.76165    	 2.412191182
19/02/2009  	 8.767361   	19.76369    	14.88627    	 2.368164671
20/02/2009  	11.723449   	19.07352    	15.39336    	 3.145926242
21/02/2009  	 7.596020   	20.64911    	16.17728    	 3.380201658
22/02/2009  	11.676500   	21.04700    	16.28831    	 3.732527196
23/02/2009  	12.421060   	20.06353    	17.23469    	 4.100292762
24/02/2009  	 7.965962   	19.42073    	15.30599    	 3.955720305
25/02/2009  	 7.541445   	20.46510    	15.21366    	 4.077031409
26/02/2009  	13.364732   	22.35499    	17.36508    	 4.393985212
27/02/2009  	 9.960161   	19.16986    	15.81757    	 5.005948643
28/02/2009  	 7.756443   	17.83040    	15.03200    	 5.190426697
01/03/2009  	 9.424911   	17.62619    	15.64116    	 4.872163206
02/03/2009  	11.917603   	19.11906    	16.53881    	 4.910908083
03/03/2009  	10.724361   	20.31663    	16.21100    	 4.909093847
04/03/2009  	 4.196822   	23.53896    	12.36564    	 4.697250118
05/03/2009  	13.100370   	24.36255    	20.15087    	 4.704829812
06/03/2009  	15.559754   	24.39956    	21.55223    	 4.658454160
07/03/2009  	14.914718   	23.57202    	19.99085    	 4.410803323
08/03/2009  	13.987773   	25.05187    	21.82013    	 5.043248624
09/03/2009  	21.667236   	26.59272    	24.60164    	 4.780700664
10/03/2009  	19.237392   	25.92201    	22.93479    	 4.871221383
11/03/2009  	14.897167   	20.84369    	18.75673    	 5.009150575
12/03/2009  	11.523355   	22.80620    	17.33530    	 5.440988719
13/03/2009  	11.410970   	20.48071    	17.83610    	 5.605609824
14/03/2009  	 9.648252   	20.98178    	16.63787    	 5.823413273
15/03/2009  	10.825903   	19.74409    	16.05858    	 6.050125837
16/03/2009  	 7.223202   	17.68985    	15.11259    	 6.231534332
17/03/2009  	 7.787769   	18.30084    	14.32822    	 6.472745359
18/03/2009  	 7.095078   	17.10160    	13.20849    	 6.363961736
19/03/2009  	 7.844541   	17.72703    	13.29699    	 6.329752992
20/03/2009  	 6.404274   	18.25250    	12.32073    	 6.053260873
21/03/2009  	 6.745838   	19.27734    	12.68948    	 6.062169443
22/03/2009  	 7.818070   	18.42071    	14.03173    	 6.335722665
23/03/2009  	13.092289   	23.62620    	19.82947    	 6.477015694
24/03/2009  	14.139262   	22.94688    	17.39658    	 6.526663274
25/03/2009  	14.620292   	21.87811    	16.74788    	 6.490971446
26/03/2009  	12.997468   	21.83586    	16.68046    	 6.441082060
27/03/2009  	13.881667   	23.80254    	20.34771    	 6.194792300
28/03/2009  	15.455921   	25.00092    	19.42217    	 6.193852941
29/03/2009  	15.094511   	21.88980    	18.71137    	 6.183302293
30/03/2009  	10.985454   	20.50532    	16.75631    	 6.138326565
31/03/2009  	10.742259   	20.53716    	16.59595    	 6.665322185
01/04/2009  	12.248123   	19.55562    	16.57158    	 7.094733715
02/04/2009  	13.789317   	19.45307    	16.56678    	 7.483239363
03/04/2009  	15.087964   	20.66845    	17.07638    	 7.937512477
04/04/2009  	16.684330   	21.92688    	17.95466    	 8.211290260
05/04/2009  	16.839321   	22.57669    	18.64250    	 8.485195398
06/04/2009  	14.969492   	22.44591    	18.44093    	 8.600234290
07/04/2009  	14.450367   	22.05402    	18.33299    	 9.077384631
08/04/2009  	13.405677   	23.87020    	18.88195    	 8.828579148
09/04/2009  	14.492303   	23.30598    	20.05757    	 8.622390111
10/04/2009  	12.898127   	21.25594    	18.66506    	 9.420207898
11/04/2009  	14.787924   	21.68693    	19.85339    	 9.795702040
12/04/2009  	17.455084   	22.16315    	20.68975    	10.103320102
13/04/2009  	16.926701   	22.05495    	20.57744    	10.257859806
14/04/2009  	15.232958   	21.46829    	19.69920    	10.556392451
15/04/2009  	13.689749   	21.27543    	19.14443    	10.967023472
16/04/2009  	13.718275   	21.16314    	18.38873    	11.511700233
17/04/2009  	14.560669   	23.05752    	20.51241    	10.977680564
18/04/2009  	15.645837   	22.96819    	21.47425    	10.529068450
19/04/2009  	12.204517   	21.92788    	20.51280    	10.866217832
20/04/2009  	12.989508   	23.21117    	19.49232    	11.685035825
21/04/2009  	14.482088   	23.29762    	19.74253    	12.124471982
22/04/2009  	16.475069   	22.22970    	20.38470    	11.936879675
23/04/2009  	16.077684   	22.20505    	20.25989    	12.093553801
24/04/2009  	15.161645   	21.40532    	19.49167    	12.465107997
25/04/2009  	14.837988   	22.70850    	19.68956    	12.444045881
26/04/2009  	16.373669   	22.79218    	20.88520    	12.822958847
27/04/2009  	16.342644   	22.85860    	20.71176    	12.744678537
28/04/2009  	16.535864   	23.08139    	21.14116    	12.438729902
29/04/2009  	15.769584   	23.35762    	20.99721    	12.442913771
30/04/2009  	14.682402   	22.79938    	20.36677    	12.747318566
01/05/2009  	14.127669   	22.52514    	20.09141    	13.408728798
02/05/2009  	14.239591   	23.18086    	20.36130    	13.573096434
03/05/2009  	13.837988   	22.48951    	19.24989    	13.272450646
04/05/2009  	15.175301   	22.84319    	18.90781    	12.058744550
05/05/2009  	15.492211   	25.46136    	20.91164    	12.288305899
06/05/2009  	20.423374   	26.02352    	23.15508    	12.376977305
07/05/2009  	20.320532   	26.79841    	23.54718    	12.484801710
08/05/2009  	19.368593   	28.07118    	24.65855    	12.525308867
09/05/2009  	21.597490   	27.80925    	24.81802    	12.349198778
10/05/2009  	20.953251   	26.64659    	22.64424    	13.049697518
11/05/2009  	18.321541   	24.42285    	22.93689    	12.690341632
12/05/2009  	21.323275   	23.09710    	22.50005    	12.545862178
13/05/2009  	16.967264   	24.52874    	22.08625    	12.755282879
14/05/2009  	16.245020   	25.00983    	22.71185    	12.913833400
15/05/2009  	16.920431   	25.06369    	23.08843    	13.079061091
16/05/2009  	18.714428   	25.47473    	22.34934    	13.164895455
17/05/2009  	17.448896   	25.93332    	22.26634    	13.533581058
18/05/2009  	16.959581   	28.31994    	23.88226    	13.279891888
19/05/2009  	17.481621   	28.19999    	24.12102    	12.977709452
20/05/2009  	16.447157   	27.60363    	22.75520    	13.521107455
21/05/2009  	19.189554   	26.99708    	23.45439    	14.186595281
22/05/2009  	20.424482   	26.03492    	23.52252    	14.574289997
23/05/2009  	19.183159   	24.79459    	23.20555    	15.191307088
24/05/2009  	16.949846   	24.59562    	22.40558    	15.755219936
25/05/2009  	19.178493   	25.14628    	22.97893    	16.178349058
26/05/2009  	18.771996   	25.23782    	22.80912    	16.541239401
27/05/2009  	20.786999   	26.90755    	23.65231    	15.394983451
28/05/2009  	18.105286   	26.44210    	23.57777    	15.106706361
29/05/2009  	15.253337   	23.54761    	20.98338    	15.529057781
30/05/2009  	11.195411   	23.64862    	21.26326    	15.711099366
31/05/2009  	15.443208   	24.13692    	21.84305    	16.239175022
01/06/2009  	16.459396   	24.32353    	22.10978    	16.857304037
02/06/2009  	17.738895   	25.19045    	22.46487    	16.504400094
03/06/2009  	19.316137   	25.87173    	23.62360    	15.379171391
04/06/2009  	20.498535   	25.93197    	23.31899    	14.353016078
05/06/2009  	20.958607   	25.82628    	22.55852    	13.709218323
06/06/2009  	20.358572   	25.10491    	22.57423    	13.928036233
07/06/2009  	17.884626   	25.13188    	22.15960    	14.159863671
08/06/2009  	17.885700   	25.72475    	22.27162    	15.080185254
09/06/2009  	18.983616   	26.13354    	23.54420    	15.419657270
10/06/2009  	20.464581   	25.63238    	23.40245    	15.620205720
11/06/2009  	22.529469   	27.17589    	25.26826    	15.356720686
12/06/2009  	22.573641   	27.26521    	25.59113    	15.282956898
13/06/2009  	18.802727   	27.29242    	24.72752    	15.460838437
14/06/2009  	17.285130   	25.28185    	23.05075    	16.471573293
15/06/2009  	17.271477   	24.99820    	22.71220    	17.014789462
16/06/2009  	19.410456   	24.82872    	23.75138    	16.519724568
17/06/2009  	20.413418   	24.65842    	23.33445    	16.719297429
18/06/2009  	21.163740   	26.13416    	23.81467    	17.178811630
19/06/2009  	23.518818   	26.87284    	24.80685    	17.100475947
20/06/2009  	24.400980   	26.45266    	25.27422    	16.408535798
21/06/2009  	24.263964   	25.93443    	24.79219    	16.451586902
22/06/2009  	19.985188   	25.59262    	23.71851    	16.699766874
23/06/2009  	22.108746   	25.77579    	24.00770    	17.266096870
24/06/2009  	22.879032   	25.71730    	24.51446    	17.499995112
25/06/2009  	23.660633   	26.36249    	24.54600    	17.715342323
26/06/2009  	24.065432   	26.25670    	24.99776    	18.723975301
27/06/2009  	21.420961   	26.28378    	24.51877    	19.243950884
28/06/2009  	19.665831   	25.88532    	23.44913    	19.485193491
29/06/2009  	18.933836   	26.54651    	24.02218    	20.190319896
30/06/2009  	20.987062   	26.71447    	25.04149    	20.651302576
01/07/2009  	20.777699   	26.64298    	25.26048    	20.649027824
02/07/2009  	22.243645   	26.51809    	25.28268    	20.891119798
03/07/2009  	23.555922   	26.50727    	25.48964    	21.438599547
04/07/2009  	24.049845   	27.26433    	25.35137    	21.696337422
05/07/2009  	22.787800   	27.51912    	25.67045    	22.118572195
06/07/2009  	22.597454   	27.41400    	25.65872    	21.461643656
07/07/2009  	23.240229   	28.68216    	26.11666    	20.060054898
08/07/2009  	24.444738   	29.24241    	26.68880    	19.351376692
09/07/2009  	25.060144   	28.39024    	26.74548    	17.902983467
10/07/2009  	26.833517   	28.75298    	28.31207    	17.935670733
11/07/2009  	22.151258   	28.48992    	26.72026    	17.313622495
12/07/2009  	17.023367   	26.60287    	23.58826    	17.471616745
13/07/2009  	17.774410   	27.26187    	23.05994    	18.335655570
14/07/2009  	17.335741   	25.12193    	22.64926    	19.110953848
15/07/2009  	17.821341   	26.36767    	23.02720    	19.947449843
16/07/2009  	18.750658   	27.05646    	23.28681    	19.511504730
17/07/2009  	11.737274   	26.58037    	21.81325    	19.596786499
18/07/2009  	16.565619   	29.01854    	24.80460    	19.148291866
19/07/2009  	22.437918   	28.90440    	26.28764    	18.659547051
20/07/2009  	24.575497   	29.13245    	28.16011    	18.919589917
21/07/2009  	22.031572   	29.10919    	25.62093    	18.929406365
22/07/2009  	17.549955   	27.58124    	23.50864    	19.399809003
23/07/2009  	17.882673   	27.71352    	23.48830    	19.177308361
24/07/2009  	19.440933   	27.73160    	23.28378    	18.868326704
25/07/2009  	18.763697   	28.43816    	22.47614    	18.531602263
26/07/2009  	15.536548   	25.48000    	21.58928    	18.785083850
27/07/2009  	13.421505   	24.16890    	21.18505    	19.391812245
28/07/2009  	15.273593   	24.04201    	20.98979    	19.323008339
29/07/2009  	13.938102   	22.95226    	20.30247    	19.541363716
30/07/2009  	15.058741   	26.09696    	21.81975    	19.574466070
31/07/2009  	20.175386   	25.41823    	22.45921    	18.485657374
01/08/2009  	14.783223   	22.00058    	19.40378    	18.634714325
02/08/2009  	14.879116   	24.41046    	20.43341    	19.170977712
03/08/2009  	16.630047   	23.47344    	20.89658    	19.254767855
04/08/2009  	17.128828   	22.91597    	20.92581    	19.600546439
05/08/2009  	16.562223   	22.56154    	20.65069    	20.216313879
06/08/2009  	18.228918   	22.94335    	21.27575    	20.833931367
07/08/2009  	19.026423   	24.10176    	21.69798    	21.081743201
08/08/2009  	20.072502   	24.62609    	23.09285    	20.686169386
09/08/2009  	20.150631   	24.65480    	23.01464    	20.390928308
10/08/2009  	17.866652   	23.87533    	21.92391    	20.580415527
11/08/2009  	18.536877   	24.23724    	21.77467    	20.555062691
12/08/2009  	18.208313   	24.39002    	21.80120    	20.071959654
13/08/2009  	17.155418   	24.44518    	21.87469    	19.832070669
14/08/2009  	16.343340   	24.32451    	21.75856    	19.953158776
15/08/2009  	16.329378   	25.13819    	21.36416    	19.998123646
16/08/2009  	21.810686   	25.30815    	23.81895    	20.408577681
17/08/2009  	18.734602   	24.54988    	22.68412    	20.142501076
18/08/2009  	18.872049   	24.55446    	22.53064    	19.895137231
19/08/2009  	17.929928   	24.09621    	22.08847    	20.226567864
20/08/2009  	18.097523   	24.66398    	22.62076    	20.506719788
21/08/2009  	18.439407   	26.32686    	23.10493    	20.115767121
22/08/2009  	20.751465   	26.15335    	23.03198    	19.492952466
23/08/2009  	20.939508   	24.98608    	23.44517    	19.788947622
24/08/2009  	17.840786   	25.15439    	22.83354    	20.007013758
25/08/2009  	19.528599   	25.20300    	23.05897    	20.383840879
26/08/2009  	19.820246   	25.70354    	23.38217    	19.435653766
27/08/2009  	19.677706   	26.68710    	23.56593    	19.405821403
28/08/2009  	22.443935   	28.72887    	26.59357    	19.159853856
29/08/2009  	28.069675   	29.21343    	28.72049    	18.192089438
30/08/2009  	27.317036   	29.20399    	28.58572    	17.238787254
31/08/2009  	24.121229   	29.33476    	27.16816    	17.282503883
01/09/2009  	17.784586   	29.73897    	26.11847    	17.826651136
02/09/2009  	26.119242   	30.04610    	29.20361    	18.030766805
03/09/2009  	25.519262   	30.02501    	28.84240    	18.110181530
04/09/2009  	28.320648   	28.79153    	28.53116    	17.684117913
05/09/2009  	28.384766   	28.75944    	28.55005    	17.048407873
06/09/2009  	28.175594   	28.80963    	28.53941    	16.337771098
07/09/2009  	22.906244   	28.72650    	26.81354    	15.925784826
08/09/2009  	21.647491   	27.75785    	25.30098    	16.603114446
09/09/2009  	20.969919   	28.35110    	25.65136    	16.953914563
10/09/2009  	22.705065   	28.29151    	26.41858    	16.339945376
11/09/2009  	22.847458   	27.33332    	26.37356    	16.064464211
12/09/2009  	21.062780   	27.34455    	25.91345    	16.199241777
13/09/2009  	21.701221   	27.97863    	26.83227    	16.065105716
14/09/2009  	25.608116   	27.95230    	26.23319    	15.794700146
15/09/2009  	24.651016   	27.97289    	26.72814    	15.852639159
16/09/2009  	24.295994   	28.60118    	27.76072    	16.189495524
17/09/2009  	22.593773   	28.69539    	27.42497    	15.452245673
18/09/2009  	23.343731   	28.56553    	26.19513    	15.441687206
19/09/2009  	22.873041   	28.41761    	25.70196    	15.784149965
20/09/2009  	23.384453   	28.38728    	26.52725    	16.448195597
21/09/2009  	24.129238   	28.74925    	26.63402    	16.201175352
22/09/2009  	24.093910   	28.48470    	26.35353    	16.140142222
23/09/2009  	24.873960   	27.47197    	26.20174    	16.193801145
24/09/2009  	23.311592   	27.73911    	26.12185    	15.832199395
25/09/2009  	22.684013   	27.90979    	25.86433    	15.778062642
26/09/2009  	22.232882   	27.86881    	25.56483    	15.646174332
27/09/2009  	21.617537   	28.23632    	25.18909    	15.906955997
28/09/2009  	21.582983   	27.91004    	23.73790    	16.357484122
29/09/2009  	24.293890   	27.70199    	26.11986    	16.471129298
30/09/2009  	17.100651   	26.59779    	23.67104    	16.124892433
01/10/2009  	18.502800   	28.37445    	23.94733    	15.502080003
02/10/2009  	18.773472   	28.53671    	24.19313    	14.088348905
03/10/2009  	19.922764   	29.48481    	26.86630    	14.835493644
04/10/2009  	26.853815   	30.74177    	29.18104    	14.250253995
05/10/2009  	24.017092   	29.45230    	27.33259    	13.074428240
06/10/2009  	21.185059   	29.07677    	25.89866    	13.436886907
07/10/2009  	23.323473   	29.97816    	27.42203    	14.348239402
08/10/2009  	20.552286   	25.76224    	24.08208    	13.684084952
09/10/2009  	15.124150   	25.74224    	22.21827    	12.854662041
10/10/2009  	 9.628366   	24.69526    	20.75288    	12.529652198
11/10/2009  	14.359173   	25.31052    	20.45847    	12.500423074
12/10/2009  	24.300375   	27.04884    	26.25526    	12.506678959
13/10/2009  	22.595680   	27.05038    	24.56422    	11.584373931
14/10/2009  	16.832386   	23.69886    	21.43979    	10.825091998
15/10/2009  	16.422598   	26.34703    	22.54907    	10.270573914
16/10/2009  	17.236624   	28.02594    	25.32650    	10.689100206
17/10/2009  	22.160282   	27.90126    	24.08273    	10.229561865
18/10/2009  	20.253807   	25.24241    	22.90321    	10.104738871
19/10/2009  	19.343269   	26.38681    	24.02517    	10.036104759
20/10/2009  	19.952110   	27.56205    	24.64660    	 9.381924550
21/10/2009  	22.515886   	28.77448    	26.48797    	 9.228538632
22/10/2009  	25.615578   	28.62176    	27.45997    	 9.078881025
23/10/2009  	26.290571   	28.36948    	27.50436    	 9.452107171
24/10/2009  	26.475597   	29.26870    	27.75545    	 9.888377766
25/10/2009  	26.804352   	30.68900    	28.98833    	11.349067887
26/10/2009  	29.624046   	31.65900    	30.81672    	12.018067479
27/10/2009  	28.208330   	31.56094    	30.05702    	11.774984578
28/10/2009  	23.843569   	30.95156    	27.80354    	11.495297472
29/10/2009  	24.188446   	31.15444    	27.41036    	11.638499419
30/10/2009  	20.836451   	29.35490    	25.31310    	11.483601054
31/10/2009  	20.414804   	28.64547    	25.71141    	11.206336935
01/11/2009  	21.900444   	30.43873    	26.76437    	11.666756193
02/11/2009  	22.058254   	30.40793    	27.99491    	11.647876680
03/11/2009  	21.919008   	30.75194    	27.49995    	10.762399375
04/11/2009  	19.852358   	30.72544    	27.57711    	10.657691836
05/11/2009  	24.541872   	30.96009    	27.76763    	10.163894574
06/11/2009  	23.436373   	30.79818    	27.34009    	10.080023666
07/11/2009  	21.588322   	30.86416    	28.22653    	10.006806572
08/11/2009  	23.274080   	29.01624    	27.06891    	 9.641859452
09/11/2009  	16.425255   	27.95910    	25.82340    	 9.563675364
10/11/2009  	18.688084   	26.97535    	24.46610    	 9.282143295
11/11/2009  	20.259947   	26.28943    	24.21130    	 9.219234327
12/11/2009  	18.944653   	26.32785    	22.82003    	 8.763240814
13/11/2009  	16.431622   	28.48217    	24.29159    	 9.712069372
14/11/2009  	19.037773   	30.50641    	27.49604    	10.567086319
15/11/2009  	28.921844   	31.24422    	30.46349    	10.772253712
16/11/2009  	23.615107   	30.98240    	28.95530    	10.507692575
17/11/2009  	25.783188   	30.95143    	29.27022    	10.476441622
18/11/2009  	25.341114   	30.35179    	29.41959    	10.642885347
19/11/2009  	29.471693   	30.37332    	29.98496    	10.848016381
20/11/2009  	24.051435   	30.46620    	29.52727    	10.403897603
21/11/2009  	24.017429   	30.45998    	28.72043    	10.607024431
22/11/2009  	20.077381   	30.38326    	27.96085    	10.667178671
23/11/2009  	30.027737   	30.77027    	30.37946    	10.526044349
24/11/2009  	30.463326   	30.62348    	30.53017    	10.466761490
25/11/2009  	29.999584   	30.54302    	30.39936    	10.393504779
26/11/2009  	29.247128   	30.00377    	29.60979    	 9.877995630
27/11/2009  	29.187515   	29.80047    	29.48963    	 9.434303661
28/11/2009  	29.223925   	29.83338    	29.57135    	 9.217482090
29/11/2009  	27.602024   	29.39815    	29.05633    	 9.109757543
30/11/2009  	26.465172   	29.51528    	28.59257    	 8.504823724
01/12/2009  	18.178732   	28.05090    	26.03954    	 7.617748191
02/12/2009  	10.002530   	26.98430    	21.16043    	 7.072996676
03/12/2009  	12.004702   	28.49382    	23.38604    	 7.636100928
04/12/2009  	18.956631   	27.67649    	24.44042    	 7.671396146
05/12/2009  	18.093006   	28.31249    	23.68151    	 7.409700871
06/12/2009  	15.538525   	29.04133    	22.97583    	 8.001855493
07/12/2009  	16.632160   	29.13681    	24.83951    	 8.077606132
08/12/2009  	18.611521   	29.07228    	23.92875    	 7.980019699
09/12/2009  	15.569407   	27.38083    	22.34056    	 7.660110215
10/12/2009  	18.206911   	27.98474    	23.99790    	 8.255554795
11/12/2009  	22.775126   	26.57925    	23.58879    	 8.111033609
12/12/2009  	15.198912   	23.21285    	20.80705    	 7.210436414
13/12/2009  	10.730963   	20.85533    	17.40645    	 6.000822514
14/12/2009  	10.412495   	20.03673    	16.65853    	 5.460810487
15/12/2009  	11.347531   	19.63287    	16.84773    	 4.663613771
16/12/2009  	11.178054   	21.00028    	17.02780    	 4.336710657
17/12/2009  	11.672244   	20.73021    	17.84336    	 4.412902052
18/12/2009  	11.424925   	20.98647    	19.34771    	 3.828868513
19/12/2009  	 9.144592   	23.56325    	18.45218    	 2.872262102
20/12/2009  	13.050025   	25.73298    	21.24962    	 3.166386547
21/12/2009  	14.383006   	24.44589    	19.98837    	 2.480478125
22/12/2009  	 9.371618   	26.55592    	18.48246    	 2.648902722
23/12/2009  	16.308794   	27.18561    	21.50591    	 3.077460180
24/12/2009  	15.755656   	27.23858    	21.32264    	 2.800933314
25/12/2009  	19.032040   	27.17529    	23.59275    	 3.466334462
26/12/2009  	20.634266   	26.53473    	24.06193    	 3.795037086
27/12/2009  	23.445631   	29.31239    	27.21989    	 4.507322262
28/12/2009  	24.494297   	29.65047    	27.66141    	 4.549597581
29/12/2009  	15.564525   	27.39018    	21.82242    	 3.391350895
30/12/2009  	15.454076   	26.88735    	23.70841    	 3.132622366
31/12/2009  	15.990134   	25.97891    	22.66879    	 2.566888675
01/01/2010  	14.940300   	23.22102    	20.95371    	 2.069978053
02/01/2010  	13.635310   	21.58051    	18.85377    	 1.690625569
03/01/2010  	10.766114   	23.27840    	19.86658    	 1.653620717
04/01/2010  	13.411948   	21.36830    	18.93883    	 1.368962541
05/01/2010  	13.956237   	21.09201    	18.92949    	 1.639640125
06/01/2010  	12.744163   	21.32932    	18.26823    	 1.606150384
07/01/2010  	10.209095   	21.39146    	18.11097    	 1.270088419
08/01/2010  	12.613080   	19.99010    	17.69114    	 0.773608897
09/01/2010  	12.513139   	22.13762    	19.71722    	 0.341750303
10/01/2010  	17.542761   	19.05329    	18.42232    	 0.490328955
11/01/2010  	12.954237   	20.66147    	18.04702    	 0.637311095
12/01/2010  	12.259495   	20.92025    	17.32403    	 0.351194079
13/01/2010  	10.419995   	21.88134    	18.78218    	-0.564604220
14/01/2010  	 6.797293   	23.40182    	18.61608    	 0.506842907
15/01/2010  	16.029135   	22.91631    	20.04847    	 0.700351097
16/01/2010  	12.185175   	23.07502    	19.12200    	 0.666411305
17/01/2010  	 6.728867   	25.65423    	20.02728    	 1.270954412
18/01/2010  	17.710606   	23.39124    	21.66976    	 1.640312684
19/01/2010  	14.700153   	22.68735    	20.69827    	 1.848516737
20/01/2010  	 8.404626   	22.34563    	18.61144    	 1.397050968
21/01/2010  	10.147018   	21.82145    	16.32463    	 1.099285860
22/01/2010  	 6.324507   	20.47051    	14.82999    	 0.724806509
23/01/2010  	 6.245003   	21.78252    	15.69109    	 1.075440696
24/01/2010  	12.327505   	22.70917    	19.77190    	 1.011101457
25/01/2010  	18.105137   	22.89048    	21.05379    	 0.545881262
26/01/2010  	17.347097   	22.33248    	21.15656    	-0.536319450
27/01/2010  	13.014395   	24.62405    	19.91751    	-0.111947784
28/01/2010  	20.587172   	24.83094    	23.16830    	 0.994661049
29/01/2010  	17.522127   	23.29636    	20.85968    	 0.993657279
30/01/2010  	16.246614   	22.49732    	20.22760    	 0.619412177
31/01/2010  	16.202442   	22.06361    	19.23032    	 0.643931758
01/02/2010  	14.610518   	20.73911    	18.59693    	 0.799181918
02/02/2010  	12.425638   	23.80103    	19.36753    	 1.122986976
03/02/2010  	13.760800   	20.35156    	18.67274    	 1.247972960
04/02/2010  	 9.821055   	20.04563    	17.13385    	 1.328689704
05/02/2010  	 8.895168   	19.25833    	15.15184    	 1.571039880
06/02/2010  	11.150737   	20.48284    	17.74647    	 1.710622537
07/02/2010  	 9.263292   	19.10567    	15.30625    	 1.352494938
08/02/2010  	 9.516749   	19.44657    	15.57814    	 0.653548907
09/02/2010  	13.434051   	20.22869    	18.82743    	 0.059060527
10/02/2010  	10.745021   	19.80467    	17.96569    	 0.019188291
11/02/2010  	16.097174   	20.34051    	17.75619    	-0.071954873
12/02/2010  	12.445251   	19.83708    	17.04433    	-0.266130995
13/02/2010  	11.193012   	20.32109    	17.33820    	-0.130465221
14/02/2010  	 9.757289   	18.83993    	16.96046    	-0.229949174
15/02/2010  	 9.055893   	19.13165    	15.94244    	-0.430001163
16/02/2010  	 8.273848   	22.71968    	15.79697    	-0.217860525
17/02/2010  	 7.379948   	22.27657    	16.48678    	 0.001612998
18/02/2010  	13.144650   	21.84736    	19.18310    	 0.378753347
19/02/2010  	12.022611   	26.86299    	19.94020    	 1.109496706
20/02/2010  	21.053831   	26.13588    	23.34586    	 1.444646346
21/02/2010  	14.124757   	24.94621    	20.93677    	 1.062463071
22/02/2010  	15.476633   	25.73545    	20.95747    	 1.548985841
23/02/2010  	17.604469   	24.17661    	22.64000    	 1.486671408
24/02/2010  	12.822258   	23.66707    	21.48195    	 1.514338251
25/02/2010  	14.983867   	24.14881    	20.90749    	 2.217423732
26/02/2010  	15.470285   	28.13548    	23.08670    	 2.642042592
27/02/2010  	24.962027   	29.72433    	27.69010    	 2.883246561
28/02/2010  	18.107876   	28.04392    	24.03938    	 3.196110045
01/03/2010  	18.611465   	24.64897    	23.12783    	 3.323738813
02/03/2010  	15.572553   	23.50448    	21.55319    	 3.050756161
03/03/2010  	13.219846   	22.76184    	20.05169    	 2.929258381
04/03/2010  	10.808006   	21.12514    	18.45241    	 2.934425861
05/03/2010  	10.012212   	21.42794    	16.89885    	 2.780426562
06/03/2010  	 8.568093   	22.94923    	19.01625    	 2.531303162
07/03/2010  	 5.857571   	19.35049    	14.41337    	 1.662277133
08/03/2010  	 8.598898   	18.12394    	14.74521    	 1.987999288
09/03/2010  	 4.045424   	19.51924    	12.78509    	 1.915571854
10/03/2010  	 5.743621   	15.79126    	12.11987    	 1.930457994
11/03/2010  	 3.515022   	20.56185    	14.72525    	 2.114899471
12/03/2010  	 6.725197   	20.03889    	14.77102    	 2.659629449
13/03/2010  	10.678314   	18.67664    	15.70705    	 3.017626027
14/03/2010  	11.461346   	17.51194    	14.82188    	 3.767597849
15/03/2010  	 9.009504   	17.79216    	14.19324    	 4.126372134
16/03/2010  	 7.737351   	17.63073    	14.49320    	 4.374474833
17/03/2010  	 8.553878   	19.26203    	15.33755    	 4.332061733
18/03/2010  	 9.659550   	20.59860    	17.23868    	 4.597418656
19/03/2010  	12.120445   	22.54333    	17.84726    	 5.300711890
20/03/2010  	14.258718   	24.60577    	19.79787    	 5.744926641
21/03/2010  	14.961044   	23.56000    	19.84451    	 6.254988352
22/03/2010  	12.612120   	21.82103    	18.89391    	 6.144731700
23/03/2010  	13.014889   	23.55602    	18.66862    	 6.263994883
24/03/2010  	15.959393   	22.86587    	19.11936    	 6.500996540
25/03/2010  	16.725618   	23.49698    	20.45177    	 7.109442045
26/03/2010  	17.845541   	23.65420    	21.18351    	 7.533992132
27/03/2010  	18.772657   	25.58498    	22.18157    	 7.292832573
28/03/2010  	18.496910   	25.90800    	21.87527    	 7.456655095
29/03/2010  	17.075010   	23.94780    	21.08491    	 7.635241777
30/03/2010  	17.630257   	25.40299    	20.81949    	 7.684924871
31/03/2010  	17.902910   	28.59877    	23.84022    	 6.997513354
01/04/2010  	23.750847   	29.18915    	26.99344    	 6.204921732
02/04/2010  	23.619154   	29.46693    	26.69784    	 6.133703808
03/04/2010  	21.884972   	29.04874    	25.14742    	 6.751908342
04/04/2010  	21.602505   	27.54270    	24.44235    	 7.149419367
05/04/2010  	21.896280   	26.43505    	23.89943    	 7.131412884
06/04/2010  	21.710608   	27.47470    	24.06487    	 7.457853476
07/04/2010  	22.073811   	27.34936    	24.35054    	 7.937192957
08/04/2010  	22.793016   	25.11373    	24.01627    	 8.530547410
09/04/2010  	23.024446   	25.41806    	23.79869    	 9.069367190
10/04/2010  	22.233177   	24.41018    	23.33531    	 9.311030368
11/04/2010  	20.476328   	23.09613    	21.77023    	 8.866325835
12/04/2010  	19.368055   	22.17810    	20.42826    	 8.804410497
13/04/2010  	19.437260   	21.17296    	20.33785    	 8.719186445
14/04/2010  	19.264696   	21.17272    	19.89525    	 9.014621754
15/04/2010  	20.022287   	20.89379    	20.42723    	 9.002360861
16/04/2010  	20.151075   	21.69879    	20.76850    	 9.045222461
17/04/2010  	17.859917   	21.52520    	20.44115    	 9.459730327
18/04/2010  	15.928308   	21.95044    	20.32718    	 9.877346913
19/04/2010  	17.180914   	21.99323    	20.64101    	 9.798444688
20/04/2010  	18.431593   	22.42171    	21.16826    	 9.602552334
21/04/2010  	21.322033   	25.39466    	23.40333    	 8.345908781
22/04/2010  	19.814251   	25.38954    	22.65429    	 8.136248628
23/04/2010  	19.878592   	23.78475    	21.81520    	 8.939677646
24/04/2010  	20.742105   	23.48984    	21.96495    	 9.435017794
25/04/2010  	16.558178   	23.94913    	21.16767    	10.026271303
26/04/2010  	17.405766   	24.00677    	21.67363    	10.620855371
27/04/2010  	18.559732   	24.64154    	22.56815    	11.380728900
28/04/2010  	20.516710   	24.61654    	23.00433    	11.915980617
29/04/2010  	21.311743   	25.01929    	23.64411    	12.195636650
30/04/2010  	22.418680   	25.09047    	24.04398    	12.358182430
01/05/2010  	22.201204   	25.28889    	23.94071    	12.301709076
02/05/2010  	22.560175   	26.40417    	25.33122    	11.194585184
03/05/2010  	25.224756   	27.60785    	26.52718    	10.244103014
04/05/2010  	21.877766   	26.86548    	23.03907    	 9.980000337
05/05/2010  	21.756111   	24.42984    	22.39494    	10.045132061
06/05/2010  	21.625511   	24.36269    	22.53701    	 9.790393770
07/05/2010  	22.339930   	25.22396    	23.31348    	 9.581036131
08/05/2010  	22.545725   	24.46865    	23.24391    	 9.855715891
09/05/2010  	18.066963   	25.19551    	23.18732    	10.213141441
10/05/2010  	15.863459   	24.74307    	22.50790    	10.396855116
11/05/2010  	18.999332   	24.81735    	23.39521    	10.012497842
12/05/2010  	23.274349   	27.36659    	25.60975    	 9.528032660
13/05/2010  	14.577731   	24.47351    	22.34523    	 9.521190921
14/05/2010  	14.576415   	24.46995    	20.94114    	10.008694271
15/05/2010  	15.389594   	23.82645    	20.86189    	10.494432807
16/05/2010  	15.407413   	24.23635    	20.95040    	10.709718347
17/05/2010  	15.289713   	24.20158    	21.36957    	11.005841116
18/05/2010  	18.794039   	24.67020    	22.45965    	11.548996131
19/05/2010  	20.387041   	24.63909    	23.28884    	12.038343092
20/05/2010  	20.905437   	24.29660    	23.21569    	12.888703803
21/05/2010  	21.294210   	24.19265    	23.28148    	13.626049141
22/05/2010  	22.796104   	23.96250    	23.23363    	14.056019406
23/05/2010  	20.444487   	24.62881    	23.02541    	14.802591801
24/05/2010  	18.757086   	25.66838    	22.37832    	15.665827294
25/05/2010  	19.152613   	23.88607    	22.59853    	15.472560624
26/05/2010  	19.949175   	24.89151    	22.93730    	14.625460903
27/05/2010  	21.927526   	24.50161    	23.48257    	14.320013424
28/05/2010  	22.409954   	24.39897    	23.50497    	14.559753656
29/05/2010  	22.450022   	25.36506    	23.93471    	14.402436992
30/05/2010  	21.871964   	26.27144    	24.55585    	14.638935228
31/05/2010  	22.638931   	27.30839    	25.55372    	14.634432395
01/06/2010  	20.941376   	27.21631    	24.70882    	14.910390278
02/06/2010  	21.056940   	26.59059    	24.77842    	15.328857581
03/06/2010  	19.496725   	26.49638    	24.47297    	15.702074190
04/06/2010  	17.957092   	25.77455    	23.89615    	16.096762141
05/06/2010  	16.659756   	25.63746    	23.23328    	16.346717497
06/06/2010  	16.733429   	25.24463    	22.68108    	16.982681731
07/06/2010  	19.365158   	25.74758    	22.69351    	17.011341254
08/06/2010  	19.117275   	25.97762    	23.51128    	17.085242589
09/06/2010  	18.383066   	26.55610    	23.65353    	17.528963963
10/06/2010  	20.047300   	26.54053    	23.97043    	17.693398039
11/06/2010  	19.229567   	25.56223    	23.36492    	18.084578633
12/06/2010  	20.287008   	25.72470    	23.23690    	17.575311581
13/06/2010  	20.707449   	26.04836    	23.69161    	17.343323946
14/06/2010  	19.337620   	25.76179    	23.32909    	17.665460785
15/06/2010  	19.556808   	25.76031    	23.65277    	16.724092642
16/06/2010  	20.390120   	25.67902    	23.13458    	16.352586051
17/06/2010  	22.423553   	24.96341    	23.46793    	16.358151714
18/06/2010  	23.038128   	26.91179    	24.89705    	15.931762556
19/06/2010  	25.002211   	28.53708    	27.10992    	15.013032556
20/06/2010  	23.709944   	28.68563    	26.46527    	14.536282440
21/06/2010  	23.541504   	25.87817    	24.60103    	14.486311515
22/06/2010  	19.919573   	26.59952    	24.22132    	15.406090518
23/06/2010  	19.393244   	28.00200    	24.46948    	16.506236633
24/06/2010  	19.696424   	28.27563    	24.95352    	17.399153431
25/06/2010  	20.381708   	28.64550    	25.54350    	17.729630272
26/06/2010  	19.659531   	28.12286    	25.17611    	18.166219393
27/06/2010  	17.053823   	28.04143    	24.38200    	18.169585069
28/06/2010  	20.448641   	28.32265    	25.19438    	19.692682425
29/06/2010  	22.776516   	29.02521    	26.15524    	20.155609051
30/06/2010  	22.044926   	28.99347    	26.44383    	20.012565533
01/07/2010  	23.567223   	28.44991    	26.35660    	20.054676572
02/07/2010  	23.698303   	28.85239    	26.80008    	20.736726244
03/07/2010  	23.761988   	28.82387    	26.83479    	21.323544542
04/07/2010  	24.228180   	28.99306    	27.04259    	21.245542884
05/07/2010  	25.224794   	28.43918    	26.94861    	20.909319083
06/07/2010  	25.590040   	29.25012    	27.29214    	20.580356439
07/07/2010  	25.502470   	29.16644    	27.14879    	19.447070261
08/07/2010  	25.682570   	29.65877    	27.72763    	20.278349002
09/07/2010  	25.661777   	30.13051    	28.22846    	21.165390293
10/07/2010  	26.360600   	30.15196    	28.55730    	21.972546101
11/07/2010  	26.898586   	29.68074    	28.52709    	22.566317677
12/07/2010  	27.229715   	29.79869    	28.69375    	22.266874154
13/07/2010  	27.526947   	29.83453    	28.73626    	21.565234900
14/07/2010  	25.023857   	29.76241    	27.36413    	22.072610339
15/07/2010  	21.825930   	29.60789    	27.79531    	21.231542865
16/07/2010  	20.547586   	29.78927    	27.33384    	19.761535605
17/07/2010  	22.060190   	30.13816    	27.47274    	19.723784566
18/07/2010  	25.080061   	30.25920    	27.40559    	19.430972934
19/07/2010  	24.936733   	29.52342    	27.07096    	19.810636560
20/07/2010  	25.097574   	28.63959    	27.31387    	20.677012642
21/07/2010  	25.655182   	28.62505    	27.61609    	20.946295619
22/07/2010  	26.270853   	28.93750    	27.71235    	20.689774871
23/07/2010  	26.189116   	29.20766    	27.94855    	20.783615589
24/07/2010  	26.585312   	29.31913    	28.51760    	20.186287006
25/07/2010  	27.166052   	29.30976    	28.37482    	20.413770914
26/07/2010  	27.409603   	29.28240    	28.59964    	20.400193453
27/07/2010  	27.757870   	29.29891    	28.54373    	20.375795166
28/07/2010  	27.600317   	28.74519    	28.10460    	20.535648982
29/07/2010  	25.108164   	28.07952    	27.34468    	20.030551593
30/07/2010  	24.361982   	28.03822    	26.55170    	19.598154227
31/07/2010  	23.444160   	28.39692    	26.33851    	19.525210142
01/08/2010  	22.577694   	27.99958    	25.81242    	19.953812480
02/08/2010  	21.666924   	27.60862    	25.89835    	20.398322304
03/08/2010  	22.199621   	27.21411    	25.57479    	20.196436365
04/08/2010  	20.326042   	28.01550    	25.40045    	19.688582182
05/08/2010  	22.346289   	27.45018    	25.13233    	19.131555359
06/08/2010  	19.242947   	27.49755    	24.77370    	19.076961001
07/08/2010  	18.555178   	27.37734    	24.03445    	19.234997153
08/08/2010  	18.626989   	27.70912    	24.33593    	19.489972631
09/08/2010  	20.245787   	27.72384    	24.83387    	19.791466673
10/08/2010  	20.357342   	26.14397    	24.20941    	19.512947559
11/08/2010  	20.540098   	27.48519    	24.08666    	19.593247890
12/08/2010  	19.894251   	26.74493    	23.94227    	19.424526453
13/08/2010  	17.976713   	27.07173    	23.75855    	19.060150385
14/08/2010  	20.309280   	25.54945    	23.40393    	19.631322900
15/08/2010  	21.587656   	27.40166    	25.40380    	19.331537445
16/08/2010  	18.476574   	27.42048    	23.27939    	19.314451257
17/08/2010  	19.517717   	24.06203    	21.99336    	19.345226804
18/08/2010  	19.823385   	24.25188    	21.76936    	18.765205224
19/08/2010  	16.043959   	24.73335    	21.14608    	18.277600527
20/08/2010  	11.159960   	24.92522    	18.65156    	18.310368379
21/08/2010  	10.664433   	26.94342    	20.50580    	19.111858487
22/08/2010  	14.227848   	27.95939    	22.42999    	19.442068537
23/08/2010  	15.096661   	28.85816    	22.90235    	19.408456882
24/08/2010  	26.759144   	29.00806    	28.31854    	18.691452901
25/08/2010  	23.775091   	29.18863    	28.07758    	17.481365879
26/08/2010  	18.151525   	26.93889    	23.47809    	17.309379061
27/08/2010  	17.702148   	26.95197    	23.97619    	17.303335428
28/08/2010  	15.096625   	27.02366    	21.49576    	16.686642329
29/08/2010  	15.309463   	23.25441    	19.95229    	16.140460292
30/08/2010  	17.002428   	25.23966    	23.52346    	16.400369545
31/08/2010  	11.099095   	24.31121    	19.28127    	15.727406879
01/09/2010  	 8.231411   	19.58393    	16.32486    	15.597230832
02/09/2010  	 7.394112   	19.03256    	14.93651    	15.793923100
03/09/2010  	 5.130165   	18.09797    	13.78834    	15.920280337
04/09/2010  	 7.906847   	18.10634    	13.80058    	16.109594564
05/09/2010  	 6.466840   	17.79689    	11.38324    	16.065711081
06/09/2010  	 3.984355   	19.11020    	12.44920    	15.678682745
07/09/2010  	11.840014   	20.94568    	18.09216    	14.790939013
08/09/2010  	13.052382   	21.18765    	19.59202    	15.296619435
09/09/2010  	16.756893   	22.19755    	20.47243    	16.056389689
10/09/2010  	15.743040   	22.08578    	19.96965    	16.207830369
11/09/2010  	15.084936   	24.64297    	20.14452    	16.504726390
12/09/2010  	14.946371   	23.48571    	19.76622    	16.886938771
13/09/2010  	14.212395   	22.95317    	19.21635    	16.398240586
14/09/2010  	16.814634   	26.40924    	23.41834    	17.072090109
15/09/2010  	25.734573   	28.53837    	26.87879    	16.471738001
16/09/2010  	25.825037   	28.45146    	27.17043    	15.398507078
17/09/2010  	21.862005   	27.68963    	24.66642    	14.631803811
18/09/2010  	19.947035   	25.55899    	22.03815    	14.086461663
19/09/2010  	13.223396   	24.82772    	20.55881    	13.408482770
20/09/2010  	13.165882   	25.70090    	21.68776    	14.091080904
21/09/2010  	15.818187   	25.52344    	19.95305    	14.902242700
22/09/2010  	11.080065   	21.19163    	17.29511    	15.108695964
23/09/2010  	10.706927   	20.33574    	17.43838    	15.396639049
24/09/2010  	11.896459   	20.45110    	17.47011    	15.567731877
25/09/2010  	16.608046   	22.53998    	20.06549    	14.370919685
26/09/2010  	15.048673   	19.98450    	17.77422    	14.055318018
27/09/2010  	12.000902   	19.07525    	16.95264    	14.386859556
28/09/2010  	 9.726916   	18.59107    	16.11268    	14.623060246
29/09/2010  	 7.928268   	16.95155    	13.80153    	13.727683127
30/09/2010  	 5.377444   	20.12960    	13.16573    	13.006418566
01/10/2010  	 7.420051   	20.08337    	15.52548    	13.662861387
02/10/2010  	 7.478680   	23.07174    	15.93133    	14.032311181
03/10/2010  	13.402858   	24.12552    	18.11901    	14.957726836
04/10/2010  	12.312430   	25.19778    	21.32402    	15.540053407
05/10/2010  	17.558792   	23.81195    	21.26635    	15.797254999
06/10/2010  	16.377987   	24.63759    	21.07276    	15.758870761
07/10/2010  	16.814415   	23.76021    	21.25338    	15.597477893
08/10/2010  	14.722822   	23.11009    	19.14170    	15.599912624
09/10/2010  	14.001392   	22.99059    	20.08010    	14.996319274
10/10/2010  	13.991509   	22.75331    	20.06036    	14.273852964
11/10/2010  	16.084648   	21.81059    	19.66144    	13.531713744
12/10/2010  	14.696699   	20.28007    	18.62039    	13.134161969
13/10/2010  	14.419631   	19.36590    	18.10828    	12.955123663
14/10/2010  	14.521049   	20.45651    	18.25713    	12.951539775
15/10/2010  	16.351429   	20.46682    	18.86341    	12.847902815
16/10/2010  	17.865295   	21.75844    	19.77875    	11.753875315
17/10/2010  	12.638207   	18.84662    	17.20317    	10.453552822
18/10/2010  	 9.436958   	22.37737    	17.36202    	10.682024697
19/10/2010  	20.242125   	24.33987    	22.04021    	11.425942600
20/10/2010  	20.569675   	24.62321    	22.82932    	10.907860676
21/10/2010  	18.678089   	23.99904    	21.62840    	 9.943459789
22/10/2010  	21.301012   	24.57607    	22.71162    	10.060230613
23/10/2010  	19.866514   	27.42095    	23.89369    	10.281789879
24/10/2010  	21.915001   	27.12824    	24.69844    	10.053953369
25/10/2010  	16.846785   	24.06141    	21.07178    	 8.825656593
26/10/2010  	13.255008   	22.66413    	18.84572    	 8.368399153
27/10/2010  	11.004772   	26.28841    	21.84522    	 9.228927145
28/10/2010  	18.186373   	27.26617    	23.01646    	10.113850633
29/10/2010  	11.051520   	27.84160    	19.88579    	 9.961468955
30/10/2010  	12.905122   	28.15748    	22.41663    	10.385388533
31/10/2010  	18.759800   	28.28086    	22.92153    	10.381941815
01/11/2010  	19.551291   	26.83925    	22.47873    	10.415885250
02/11/2010  	17.270350   	25.88923    	22.18418    	10.499913514
03/11/2010  	26.028997   	28.20537    	27.30334    	11.204591870
04/11/2010  	25.899864   	28.51989    	27.96661    	11.685984433
05/11/2010  	26.412348   	28.88403    	28.40817    	12.120642583
06/11/2010  	23.399094   	28.71550    	26.41464    	11.682992419
07/11/2010  	16.580795   	25.33948    	21.97335    	10.695623577
08/11/2010  	 7.872023   	23.30950    	16.97034    	 9.052593668
09/11/2010  	12.652825   	25.49901    	21.82219    	 8.741029084
10/11/2010  	16.330967   	24.91208    	22.07007    	 8.262527416
11/11/2010  	16.358768   	27.11512    	20.88051    	 7.844732980
12/11/2010  	27.173624   	31.50271    	30.32302    	10.213098566
13/11/2010  	30.441311   	31.27790    	30.98300    	 9.828936040
14/11/2010  	22.572714   	30.88259    	26.21558    	 9.080104073
15/11/2010  	24.049974   	30.45825    	25.95052    	 8.698993156
16/11/2010  	19.311428   	29.24380    	23.79926    	 8.077226907
17/11/2010  	11.332126   	26.94405    	18.36272    	 7.299055109
18/11/2010  	10.585323   	23.63948    	18.28603    	 7.208994279
19/11/2010  	10.319414   	22.77887    	19.64849    	 7.376152446
20/11/2010  	13.770946   	21.81594    	19.65051    	 7.541356891
21/11/2010  	13.221129   	20.85856    	18.02000    	 7.345845640
22/11/2010  	13.203674   	21.79071    	19.24335    	 6.901650488
23/11/2010  	14.672889   	23.38677    	20.17819    	 6.563495010
24/11/2010  	15.010443   	19.41398    	18.11010    	 5.955323875
25/11/2010  	13.290686   	20.00997    	18.14192    	 5.629798144
26/11/2010  	11.341786   	19.89054    	18.18467    	 5.232602715
27/11/2010  	 9.593978   	18.78286    	16.10324    	 4.448694105
28/11/2010  	 8.497642   	20.87475    	15.90775    	 3.735315576
29/11/2010  	10.513098   	20.81088    	18.26235    	 2.958860787
30/11/2010  	14.885665   	20.91998    	20.13259    	 2.156487971
01/12/2010  	18.057312   	21.30280    	20.55126    	 0.312501319
02/12/2010  	19.048157   	22.17066    	20.97205    	 0.719522698
03/12/2010  	18.079357   	22.66832    	20.83910    	 0.789743321
04/12/2010  	17.969645   	26.60919    	22.90238    	 1.574048201
05/12/2010  	21.907663   	27.47680    	24.74883    	 2.568507201
06/12/2010  	21.204967   	25.76781    	23.44216    	 2.247709957
07/12/2010  	19.370150   	24.07968    	22.62372    	 1.768575023
08/12/2010  	17.992262   	24.28466    	21.58315    	 1.627171248
09/12/2010  	19.756248   	26.03316    	23.82964    	 2.376018250
10/12/2010  	19.204262   	26.00013    	22.56420    	 2.392674719
11/12/2010  	20.134575   	24.90364    	22.16614    	 3.416152433
12/12/2010  	19.833120   	25.27550    	22.68240    	 2.791132589
13/12/2010  	13.588844   	22.89551    	18.44238    	 1.960979611
14/12/2010  	13.791296   	23.97771    	21.51367    	 2.084300851
15/12/2010  	 9.914549   	25.40282    	21.99234    	 2.236881889
16/12/2010  	12.147955   	22.32800    	19.73428    	 2.208767387
17/12/2010  	14.376170   	23.13867    	20.59460    	 1.901595451
18/12/2010  	10.864007   	21.96667    	18.19338    	 1.265980002
19/12/2010  	 9.645626   	23.52965    	19.09850    	 0.674036821
20/12/2010  	13.658667   	23.53890    	20.49718    	 0.446698716
21/12/2010  	14.047874   	22.75138    	19.40567    	-0.076376019
22/12/2010  	12.661363   	22.90318    	18.78943    	 0.020242296
23/12/2010  	21.284441   	23.71348    	22.52684    	 0.355838225
24/12/2010  	17.823809   	23.74150    	21.75144    	-0.006756227
25/12/2010  	10.967763   	21.29856    	18.91015    	-0.578560945
26/12/2010  	10.879934   	21.64173    	18.00681    	-0.414787137
27/12/2010  	 9.825007   	20.82795    	17.38350    	 0.030536560
28/12/2010  	 8.314531   	21.33599    	17.55486    	 0.002114920
29/12/2010  	 9.526388   	20.00700    	15.77072    	 0.029902906
30/12/2010  	12.777258   	21.15685    	18.78663    	 0.185965606
31/12/2010  	11.910704   	20.64334    	18.23767    	 0.562153706
