date	smin	smax	smean	tmean
01/01/2009 	 8.7651634 	20.27290   	19.336518  	 1.34731302
02/01/2009 	 6.2951818 	21.36855   	15.555243  	 1.32037585
03/01/2009 	 9.4293747 	21.03591   	15.369368  	 1.25800482
04/01/2009 	10.4797735 	18.72927   	14.592770  	 1.34582732
05/01/2009 	10.4644260 	18.44273   	15.659252  	 1.24088330
06/01/2009 	13.8764524 	22.74030   	17.462676  	 0.18436166
07/01/2009 	15.5096321 	21.49693   	18.078018  	 0.34959868
08/01/2009 	 9.7768383 	19.26079   	16.705054  	 0.15129631
09/01/2009 	 9.2485418 	21.65429   	16.990303  	 0.14667764
10/01/2009 	11.5713348 	21.33319   	18.082314  	 0.05696774
11/01/2009 	16.2621384 	25.48272   	20.646322  	 0.10358242
12/01/2009 	17.4497967 	29.98172   	24.505998  	 1.32095326
13/01/2009 	18.1899376 	30.27462   	23.729936  	 2.22874042
14/01/2009 	14.5622234 	26.42368   	21.998425  	 2.20341260
15/01/2009 	 3.2729592 	24.00444   	18.081864  	 1.78734486
16/01/2009 	 2.6706557 	24.91027   	14.758711  	 1.68010204
17/01/2009 	 4.1602869 	26.21557   	16.753389  	 1.96524735
18/01/2009 	 8.4731464 	29.19089   	20.343465  	 2.71297386
19/01/2009 	18.0515041 	29.58372   	23.418129  	 2.86507755
20/01/2009 	20.6030216 	30.06302   	27.295571  	 2.94887433
21/01/2009 	19.0804768 	29.66604   	25.787421  	 2.62827280
22/01/2009 	 0.2133188 	29.49377   	19.224420  	 2.13829721
23/01/2009 	13.5609217 	29.03833   	25.738564  	 2.55830792
24/01/2009 	23.2774200 	28.74318   	27.033045  	 2.91795633
25/01/2009 	 7.5773463 	28.14018   	22.359435  	 2.66479050
26/01/2009 	10.9608889 	26.68543   	21.086529  	 2.43340383
27/01/2009 	 9.7207527 	24.22571   	20.092215  	 2.01707747
28/01/2009 	 9.4401312 	23.08610   	19.045590  	 1.69272910
29/01/2009 	11.2917490 	23.18360   	18.559178  	 1.55391033
30/01/2009 	 5.0499516 	23.40395   	17.410119  	 1.13850810
31/01/2009 	 4.6502399 	26.29820   	18.316369  	 0.52897400
01/02/2009 	12.8895531 	26.21241   	23.382700  	-0.02493969
02/02/2009 	14.2682304 	24.56005   	23.438142  	 0.02181628
03/02/2009 	21.5675335 	24.60273   	23.031840  	 0.48200200
04/02/2009 	21.8173695 	23.65781   	23.115444  	 0.65377911
05/02/2009 	17.8614388 	23.68981   	22.260152  	 0.81846915
06/02/2009 	17.0657349 	24.11740   	20.613775  	 1.21881874
07/02/2009 	14.0016718 	23.26334   	19.086213  	 1.38096201
08/02/2009 	10.5439396 	22.30536   	18.526680  	 1.31879926
09/02/2009 	11.2106400 	23.77937   	17.483164  	 1.38060662
10/02/2009 	16.1318703 	23.58821   	19.754053  	 1.59409257
11/02/2009 	16.9625397 	24.38909   	21.239354  	 1.86450469
12/02/2009 	13.5073204 	24.40228   	19.711096  	 1.98190147
13/02/2009 	 9.7849436 	19.79389   	15.902821  	 2.01496831
14/02/2009 	 4.3772974 	17.92840   	12.866755  	 1.63274671
15/02/2009 	 5.7999449 	19.43167   	13.844418  	 1.76637211
16/02/2009 	 5.9177089 	19.72965   	13.684109  	 2.46112020
17/02/2009 	 6.4260302 	17.72480   	12.596433  	 3.16849382
18/02/2009 	 4.2199440 	19.34854   	12.440757  	 2.41143332
19/02/2009 	 6.8026395 	18.84273   	14.010148  	 2.35358952
20/02/2009 	 8.7368774 	17.04739   	13.408054  	 2.95092886
21/02/2009 	 4.5909195 	20.26937   	12.386154  	 3.09439360
22/02/2009 	 6.1077271 	19.36692   	13.583302  	 3.51900585
23/02/2009 	 7.0504627 	17.66004   	13.677623  	 4.05500743
24/02/2009 	 3.1856778 	17.34521   	10.224259  	 3.93580123
25/02/2009 	 4.3766713 	18.61067   	11.424904  	 3.99868749
26/02/2009 	 8.2186136 	20.55139   	13.100136  	 4.34579675
27/02/2009 	 7.1928015 	17.76643   	11.621080  	 4.95216330
28/02/2009 	 5.9428296 	17.53629   	11.296576  	 5.07260509
01/03/2009 	 7.8000255 	17.72387   	12.625666  	 4.80920437
02/03/2009 	 9.0717468 	17.49021   	14.162539  	 4.97881721
03/03/2009 	 7.5193715 	18.95675   	13.061829  	 4.93622832
04/03/2009 	 0.9161046 	22.14228   	11.636289  	 4.72639824
05/03/2009 	12.0372124 	23.21912   	18.512963  	 4.74542342
06/03/2009 	15.2987499 	22.44242   	20.754703  	 4.65347514
07/03/2009 	10.8474808 	20.42235   	15.826975  	 4.48929958
08/03/2009 	 9.3055496 	24.17295   	18.325601  	 5.06310239
09/03/2009 	14.2861757 	25.71374   	21.165856  	 4.91154807
10/03/2009 	14.1211090 	24.30024   	19.089436  	 5.00114294
11/03/2009 	 9.2078114 	19.84509   	15.744975  	 5.07007354
12/03/2009 	 6.8574357 	20.34807   	13.680169  	 5.47539730
13/03/2009 	 9.2198486 	19.19537   	13.483809  	 5.74547766
14/03/2009 	 7.3174090 	18.51442   	12.810494  	 5.87502428
15/03/2009 	 9.0226927 	17.16842   	12.571699  	 6.07215394
16/03/2009 	 3.0213959 	16.45501   	 9.971755  	 6.30056457
17/03/2009 	 3.8247681 	16.42955   	10.050768  	 6.54303233
18/03/2009 	 1.7412726 	15.55658   	 8.583408  	 6.55541864
19/03/2009 	 4.6106081 	15.92683   	 9.530855  	 6.59477450
20/03/2009 	 1.9762907 	17.02596   	 8.674668  	 6.37974303
21/03/2009 	 4.6985331 	19.53691   	11.869237  	 6.44917757
22/03/2009 	 8.8092871 	17.06678   	12.976021  	 6.54635898
23/03/2009 	 8.7995863 	22.01066   	16.891186  	 6.60164367
24/03/2009 	12.2031851 	21.91728   	17.883505  	 6.46357953
25/03/2009 	11.4376822 	20.00257   	14.734505  	 6.51237542
26/03/2009 	 8.0662489 	19.88675   	13.792090  	 6.50745491
27/03/2009 	 9.7594481 	23.06712   	16.796009  	 6.27216022
28/03/2009 	 9.9907732 	22.99257   	15.680035  	 6.29533160
29/03/2009 	12.8316259 	18.32366   	15.137846  	 6.33107250
30/03/2009 	 7.8610759 	19.72133   	13.298142  	 6.31315489
31/03/2009 	 8.7330275 	18.89043   	13.586483  	 6.73264903
01/04/2009 	 8.4359379 	17.88003   	13.271208  	 7.21847073
02/04/2009 	12.2773685 	19.15813   	15.609927  	 7.48466811
03/04/2009 	14.6416397 	20.05605   	16.696713  	 7.87810296
04/04/2009 	16.2354164 	20.83051   	17.149500  	 8.21652513
05/04/2009 	15.9221849 	20.63819   	17.068710  	 8.45998474
06/04/2009 	11.6952972 	22.17873   	15.783566  	 8.82640296
07/04/2009 	11.0967369 	21.15725   	15.802936  	 9.28345078
08/04/2009 	 8.4333601 	22.67865   	15.395567  	 9.01159205
09/04/2009 	10.3675451 	22.28373   	16.616298  	 8.85384067
10/04/2009 	 7.9437690 	20.90213   	16.655698  	 9.46410839
11/04/2009 	15.8001108 	20.64648   	18.734300  	 9.97207256
12/04/2009 	17.2548122 	20.65501   	19.378814  	10.40083569
13/04/2009 	16.3106785 	20.93123   	18.897316  	10.51934014
14/04/2009 	14.6392946 	19.35889   	16.769146  	10.82416658
15/04/2009 	10.9058924 	19.66870   	15.362374  	11.20168815
16/04/2009 	10.2473001 	20.95035   	14.880175  	11.66214011
17/04/2009 	 9.9195948 	19.95376   	16.523139  	11.36380114
18/04/2009 	13.7804546 	20.99166   	18.541754  	10.64471877
19/04/2009 	10.1436777 	20.86896   	16.546339  	10.89400983
20/04/2009 	 9.3748789 	22.72819   	15.198102  	11.87765680
21/04/2009 	11.7753410 	22.77673   	16.469425  	12.40857857
22/04/2009 	14.8019495 	20.82708   	18.599334  	12.33420771
23/04/2009 	12.6818199 	21.15042   	17.506578  	12.41857912
24/04/2009 	12.6177349 	21.26128   	17.015118  	12.86030595
25/04/2009 	13.8014965 	21.63266   	18.647605  	12.85476373
26/04/2009 	16.0239849 	20.70934   	18.819478  	13.20650232
27/04/2009 	14.2009544 	21.27575   	18.557779  	13.13624909
28/04/2009 	14.0843353 	22.46095   	18.724176  	12.75014424
29/04/2009 	13.9368544 	21.42541   	18.120931  	12.70838940
30/04/2009 	11.9312048 	20.83206   	16.844568  	13.01113959
01/05/2009 	10.9295216 	22.05428   	15.781821  	13.58073159
02/05/2009 	 9.3335981 	23.07011   	16.464679  	13.79264071
03/05/2009 	 9.7399788 	21.64530   	16.723232  	13.60062953
04/05/2009 	 9.5552683 	21.44235   	16.409015  	12.34453390
05/05/2009 	10.4965963 	24.24034   	17.024518  	12.33343424
06/05/2009 	14.1297464 	25.25816   	19.432471  	12.39258854
07/05/2009 	15.3118296 	26.06294   	19.785288  	12.53588953
08/05/2009 	15.5678606 	27.38231   	21.882742  	12.63092172
09/05/2009 	16.8569469 	27.31243   	21.406390  	12.50328988
10/05/2009 	17.4343777 	25.86221   	20.392213  	13.13831915
11/05/2009 	18.1828766 	22.25402   	21.027773  	12.78878919
12/05/2009 	10.8510952 	21.58032   	20.622636  	12.52593615
13/05/2009 	13.4138975 	21.63278   	19.841772  	12.73554198
14/05/2009 	12.7281961 	22.53823   	20.460007  	12.94325693
15/05/2009 	13.6157341 	23.58618   	20.815505  	13.09143194
16/05/2009 	16.4825287 	24.49198   	20.378155  	13.26379591
17/05/2009 	12.7535515 	25.61721   	20.087665  	13.48932391
18/05/2009 	13.7126837 	27.86737   	20.565313  	13.37192937
19/05/2009 	 9.9572973 	27.31515   	19.439210  	13.39951869
20/05/2009 	12.8983593 	26.82051   	20.273980  	13.79614590
21/05/2009 	17.0164070 	26.21395   	21.341752  	14.38889645
22/05/2009 	16.8716564 	25.18909   	21.034862  	14.75617570
23/05/2009 	15.8812180 	23.57877   	20.052924  	15.41605349
24/05/2009 	16.2538643 	23.82413   	19.909150  	15.96873375
25/05/2009 	17.3150997 	23.03263   	20.968739  	16.53586706
26/05/2009 	18.5781155 	23.33138   	21.116485  	16.83653653
27/05/2009 	14.8560286 	25.92557   	20.893271  	15.82695107
28/05/2009 	15.5588360 	25.21688   	19.555223  	15.30497710
29/05/2009 	 9.5473051 	23.22891   	15.577522  	15.73001466
30/05/2009 	 7.0242982 	22.49360   	16.352727  	15.84437990
31/05/2009 	13.2251081 	22.67673   	18.495433  	16.18950123
01/06/2009 	14.1313715 	23.09503   	19.940816  	16.73691394
02/06/2009 	15.0348167 	23.30729   	20.871208  	16.41916273
03/06/2009 	15.0789156 	24.19092   	21.101087  	15.23092437
04/06/2009 	18.8412628 	23.79658   	21.746910  	13.94797071
05/06/2009 	18.2581520 	22.86086   	21.135535  	13.42021114
06/06/2009 	19.4743748 	22.80609   	21.861457  	13.91347311
07/06/2009 	14.5751953 	22.67826   	20.051144  	14.33370040
08/06/2009 	15.6376991 	23.39954   	20.462752  	15.03681886
09/06/2009 	19.2791080 	23.99173   	22.058731  	15.52281797
10/06/2009 	20.0483932 	24.18846   	22.203265  	15.62552901
11/06/2009 	21.7151737 	25.61294   	24.264232  	15.43724942
12/06/2009 	19.4877605 	26.05505   	23.466480  	15.39346345
13/06/2009 	16.7942677 	26.32087   	21.269476  	15.62148048
14/06/2009 	13.4668245 	23.90854   	19.237214  	16.57220028
15/06/2009 	14.2124996 	23.79986   	19.350809  	17.07444723
16/06/2009 	17.2661743 	23.63806   	21.590385  	16.66056039
17/06/2009 	19.5717278 	23.61152   	21.885870  	16.76825345
18/06/2009 	19.8233852 	24.94336   	22.021633  	17.17702405
19/06/2009 	20.9106236 	25.49252   	22.660694  	17.24176184
20/06/2009 	22.1775265 	24.49893   	23.360665  	16.50590678
21/06/2009 	21.3946266 	24.66166   	22.803008  	16.48726300
22/06/2009 	16.5490913 	24.01604   	21.957673  	16.75611035
23/06/2009 	21.1465092 	24.27845   	23.233962  	17.41139627
24/06/2009 	22.7942066 	24.30691   	23.591506  	17.91858645
25/06/2009 	23.4182491 	24.72574   	24.157804  	17.94509792
26/06/2009 	23.7578964 	24.60005   	24.056413  	18.74981852
27/06/2009 	19.8433743 	24.88709   	22.928760  	19.31740141
28/06/2009 	17.8172932 	24.07759   	22.082800  	19.53682029
29/06/2009 	16.5936718 	24.37449   	21.927849  	20.21021159
30/06/2009 	19.6473789 	25.03864   	23.306486  	20.74951530
01/07/2009 	16.7290268 	25.75751   	22.537249  	20.77253822
02/07/2009 	20.4318752 	25.83485   	23.729909  	20.93536421
03/07/2009 	23.1269608 	25.65950   	24.767544  	21.53688812
04/07/2009 	23.3515930 	25.83555   	24.646267  	21.99987702
05/07/2009 	21.7827053 	25.80068   	24.034730  	22.48448332
06/07/2009 	18.6854763 	26.35664   	23.559459  	21.82825955
07/07/2009 	19.5449886 	28.08683   	23.574873  	20.44912640
08/07/2009 	22.0065498 	27.95231   	24.209175  	19.57692901
09/07/2009 	21.6864071 	27.02918   	24.282056  	17.44111451
10/07/2009 	20.9954090 	27.56521   	24.446138  	16.52320164
11/07/2009 	19.5211029 	26.76005   	23.011000  	16.47424330
12/07/2009 	 8.5908499 	24.79985   	19.651868  	17.32844500
13/07/2009 	 9.4017639 	25.94826   	19.164971  	18.21763361
14/07/2009 	13.4313087 	24.57112   	19.457742  	18.97259283
15/07/2009 	14.8057680 	24.82920   	20.096032  	19.73410741
16/07/2009 	12.3681259 	25.68765   	18.469764  	19.53888309
17/07/2009 	 8.6016884 	25.98011   	17.508180  	19.63711488
18/07/2009 	13.8144712 	28.17311   	21.814073  	19.34891228
19/07/2009 	17.7987576 	27.91702   	22.627134  	18.74397242
20/07/2009 	18.0680771 	28.61050   	24.475211  	18.76586286
21/07/2009 	15.8241482 	28.12205   	21.343381  	18.94137963
22/07/2009 	16.3249683 	26.77971   	21.046184  	19.42682556
23/07/2009 	15.8676224 	26.41293   	20.765522  	19.34304480
24/07/2009 	16.0117054 	26.31072   	20.510773  	19.09036720
25/07/2009 	16.3005905 	26.71348   	19.841209  	18.74158450
26/07/2009 	13.0996008 	23.23506   	17.575572  	18.84715549
27/07/2009 	10.2501698 	22.80062   	17.567154  	19.49749819
28/07/2009 	13.3950624 	22.90291   	18.167280  	19.48865207
29/07/2009 	 9.2795982 	22.81023   	16.482344  	19.69104250
30/07/2009 	10.4003601 	24.56435   	18.367779  	19.61280902
31/07/2009 	15.2265463 	21.96416   	18.005438  	18.60149026
01/08/2009 	10.8644915 	20.89129   	16.305519  	18.84290612
02/08/2009 	12.4307346 	23.52925   	18.994369  	19.28963721
03/08/2009 	14.5912523 	21.05970   	18.310476  	19.35000078
04/08/2009 	14.0735474 	21.44788   	18.094420  	19.70359484
05/08/2009 	14.4300928 	21.60197   	18.509278  	20.20473564
06/08/2009 	16.4283161 	22.03664   	19.760094  	20.90560730
07/08/2009 	18.6535206 	23.03952   	21.132933  	21.06880021
08/08/2009 	20.1333504 	23.43100   	22.370520  	20.73997506
09/08/2009 	19.3900871 	23.18334   	21.819776  	20.43161515
10/08/2009 	17.6091862 	21.51570   	19.838994  	20.41753304
11/08/2009 	15.3839254 	22.04117   	19.461208  	20.51812744
12/08/2009 	14.4290915 	21.23272   	18.691818  	20.22964493
13/08/2009 	13.1096649 	21.55778   	18.680509  	19.97735926
14/08/2009 	13.4492493 	21.22059   	18.040010  	20.03171523
15/08/2009 	11.8754530 	24.11993   	18.384420  	20.11641490
16/08/2009 	15.6788425 	23.87157   	20.581703  	20.31529744
17/08/2009 	15.6398592 	22.88678   	20.510908  	20.27254522
18/08/2009 	16.4625168 	22.83416   	20.279331  	20.08278175
19/08/2009 	15.3109589 	23.00603   	19.627943  	20.40532156
20/08/2009 	15.1041241 	23.74838   	20.312875  	20.62097808
21/08/2009 	18.0332203 	24.98794   	20.898821  	20.23709329
22/08/2009 	18.9098186 	24.45560   	21.430046  	19.73612924
23/08/2009 	20.0389633 	23.69605   	22.451421  	19.78419383
24/08/2009 	16.3750610 	23.87612   	20.575102  	20.03184930
25/08/2009 	18.4101677 	24.26977   	22.016208  	20.49155764
26/08/2009 	18.4298229 	24.04101   	21.858331  	19.66727654
27/08/2009 	17.6512756 	25.67934   	21.418055  	19.46503170
28/08/2009 	18.1485291 	26.94072   	24.250119  	19.02404539
29/08/2009 	25.7445393 	27.41024   	26.441126  	17.76952569
30/08/2009 	20.9757519 	27.24823   	25.044665  	16.72728745
31/08/2009 	16.5534172 	28.89138   	22.810158  	16.87553914
01/09/2009 	15.8672018 	29.04591   	23.195986  	17.48950469
02/09/2009 	18.2501698 	29.88280   	25.084567  	17.46715780
03/09/2009 	17.7053642 	30.04603   	28.031151  	17.94386101
04/09/2009 	28.4032173 	29.67649   	28.919648  	17.28515875
05/09/2009 	28.3296108 	28.60804   	28.393686  	16.76454353
06/09/2009 	23.4675579 	28.47161   	27.830274  	16.00101344
07/09/2009 	20.2996368 	28.14935   	24.148154  	15.87778703
08/09/2009 	18.4403896 	27.16981   	22.322079  	16.47364318
09/09/2009 	16.4416351 	26.89022   	23.315663  	16.81106023
10/09/2009 	20.5802040 	25.90221   	24.125913  	16.38091783
11/09/2009 	22.9779720 	26.05411   	25.295568  	15.80624485
12/09/2009 	18.1938839 	26.21867   	24.137948  	15.95621747
13/09/2009 	19.2361374 	26.56061   	25.522447  	15.77451557
14/09/2009 	24.6417847 	26.90433   	25.612224  	15.70575879
15/09/2009 	23.6325417 	25.60169   	24.795060  	15.81140029
16/09/2009 	20.2156982 	26.86208   	25.124486  	16.18294563
17/09/2009 	22.5551548 	27.34157   	25.811645  	15.63327932
18/09/2009 	22.3659534 	27.19678   	24.880145  	15.63314104
19/09/2009 	22.1031208 	26.86037   	24.854288  	16.00143907
20/09/2009 	23.7335052 	27.88856   	26.102224  	16.42228353
21/09/2009 	23.8275433 	28.03525   	26.117989  	16.21286154
22/09/2009 	23.2176151 	27.24538   	25.174890  	16.23440615
23/09/2009 	22.5666046 	26.02092   	24.390424  	16.26172254
24/09/2009 	20.5771599 	25.86035   	24.074584  	15.84529368
25/09/2009 	19.6395321 	25.79830   	23.515682  	15.73266365
26/09/2009 	19.9715576 	25.61881   	23.197409  	15.88595639
27/09/2009 	19.2748203 	27.08851   	23.746972  	16.17814602
28/09/2009 	20.4402142 	27.24028   	23.216668  	16.41871587
29/09/2009 	20.3027172 	25.18067   	22.608978  	16.43590593
30/09/2009 	12.0492182 	24.78769   	19.816550  	16.17215073
01/10/2009 	13.0189629 	25.94899   	20.825434  	15.53859858
02/10/2009 	14.8471880 	22.55982   	19.328767  	14.16016571
03/10/2009 	14.1395006 	28.95719   	23.921931  	14.59301335
04/10/2009 	27.5622368 	29.79914   	28.992352  	14.15987444
05/10/2009 	20.6017017 	29.09867   	26.749165  	13.00897602
06/10/2009 	16.8101254 	28.48062   	23.794836  	13.18179856
07/10/2009 	17.5322514 	29.37993   	22.608813  	13.97286457
08/10/2009 	17.5425053 	24.97585   	22.236144  	13.63517070
09/10/2009 	 7.3786874 	23.88780   	19.854861  	12.73450051
10/10/2009 	 4.7845979 	24.12447   	17.935943  	12.59079484
11/10/2009 	10.3880472 	23.11458   	17.717813  	12.50269804
12/10/2009 	16.9433270 	25.67196   	21.777874  	11.89718078
13/10/2009 	12.1524591 	25.79540   	21.125815  	11.11107373
14/10/2009 	14.6049795 	23.24874   	18.763700  	10.89747407
15/10/2009 	13.4454012 	24.28056   	20.193624  	10.48662049
16/10/2009 	16.9577274 	27.84792   	23.212349  	10.76273408
17/10/2009 	21.9105549 	24.72351   	22.929817  	10.40061738
18/10/2009 	19.2987595 	23.59590   	21.628536  	10.19326091
19/10/2009 	18.5401344 	24.89091   	21.811974  	10.06354163
20/10/2009 	19.4553299 	25.93564   	23.589636  	 9.49219124
21/10/2009 	23.3458481 	27.02214   	25.840262  	 9.10907106
22/10/2009 	25.5741329 	28.03698   	27.027668  	 8.89076229
23/10/2009 	26.3628426 	28.27808   	27.498129  	 9.17839291
24/10/2009 	26.4794407 	28.71058   	27.690930  	 9.70896812
25/10/2009 	26.4876690 	30.22189   	27.857991  	10.92926780
26/10/2009 	28.5486870 	30.39381   	29.724998  	11.77256060
27/10/2009 	22.4611244 	30.51005   	29.254048  	11.77137580
28/10/2009 	21.1714458 	29.48715   	25.259225  	11.41362621
29/10/2009 	22.7606506 	30.19365   	25.903129  	11.56212026
30/10/2009 	19.1089268 	27.54296   	23.859129  	11.48193655
31/10/2009 	15.9518614 	27.71696   	23.293049  	11.25009978
01/11/2009 	20.2493362 	30.20960   	25.220433  	11.52764686
02/11/2009 	21.3137112 	29.80823   	25.756169  	11.57546077
03/11/2009 	18.6605339 	30.43295   	25.062593  	10.88899686
04/11/2009 	19.1458073 	30.25366   	25.700811  	10.53315143
05/11/2009 	22.0236473 	30.05609   	25.587089  	10.23561672
06/11/2009 	19.6175976 	30.58423   	25.039940  	10.11278107
07/11/2009 	14.8679104 	29.94047   	23.354660  	 9.97099630
08/11/2009 	21.5901890 	28.30549   	24.311850  	 9.68335825
09/11/2009 	14.8601656 	26.49890   	21.552061  	 9.39628808
10/11/2009 	16.4222031 	26.65354   	22.014462  	 9.25309930
11/11/2009 	17.2825508 	25.65327   	22.042392  	 9.16095688
12/11/2009 	10.3922911 	25.61183   	19.090234  	 8.83772194
13/11/2009 	11.7269020 	27.68944   	20.695519  	 9.50986165
14/11/2009 	13.6465759 	30.27966   	24.559810  	10.34678282
15/11/2009 	25.1073475 	30.76548   	28.629026  	10.57150141
16/11/2009 	21.2110443 	30.98075   	26.198571  	10.34098979
17/11/2009 	18.2404289 	30.38344   	25.078617  	10.23798281
18/11/2009 	19.2798862 	30.22746   	27.673590  	10.37107827
19/11/2009 	21.6365414 	30.23718   	29.168699  	10.76264787
20/11/2009 	16.1378078 	30.46708   	24.534715  	10.14973664
21/11/2009 	18.8727150 	29.85478   	24.616076  	10.34270392
22/11/2009 	15.9561958 	30.25159   	25.584416  	10.51886137
23/11/2009 	29.8544312 	30.70224   	30.173696  	10.39635718
24/11/2009 	29.3623447 	30.70123   	30.199494  	10.09719042
25/11/2009 	29.9967365 	30.53200   	30.403635  	10.36662302
26/11/2009 	29.4208298 	30.24898   	29.776168  	 9.82300027
27/11/2009 	28.9285622 	29.59281   	29.259547  	 9.17170521
28/11/2009 	25.4062157 	29.78226   	29.080042  	 8.84838972
29/11/2009 	21.0085602 	29.52347   	26.747938  	 8.56331209
30/11/2009 	21.0811958 	29.16015   	25.864406  	 8.32035480
01/12/2009 	13.0063343 	27.27504   	22.817067  	 7.64990055
02/12/2009 	 3.8673372 	25.86078   	18.686956  	 7.19927724
03/12/2009 	 7.4674163 	27.91888   	20.177033  	 7.60162665
04/12/2009 	15.1231012 	27.11798   	20.871165  	 7.64959707
05/12/2009 	10.0888634 	27.52892   	20.181470  	 7.34457041
06/12/2009 	 6.7774158 	28.23462   	18.911027  	 7.85435525
07/12/2009 	13.5049009 	28.97119   	21.365964  	 7.93498965
08/12/2009 	16.0200596 	29.00371   	21.694788  	 7.91084061
09/12/2009 	 9.7150230 	26.25321   	18.097406  	 7.59636827
10/12/2009 	15.5388594 	26.75208   	21.273580  	 8.13932046
11/12/2009 	 9.1777773 	24.50295   	20.780085  	 8.05048276
12/12/2009 	 6.8601370 	21.76977   	15.491385  	 7.10245708
13/12/2009 	 4.7962956 	20.96810   	13.532858  	 6.07899213
14/12/2009 	 4.6519327 	20.81014   	13.970922  	 5.58570334
15/12/2009 	 7.6034207 	19.23310   	14.441450  	 5.08603368
16/12/2009 	 8.2366667 	19.90695   	14.180332  	 4.60327564
17/12/2009 	 4.5254230 	18.61361   	13.991042  	 4.41935244
18/12/2009 	 5.4546185 	21.32687   	14.466200  	 3.43067991
19/12/2009 	 7.0868754 	21.37231   	16.070288  	 2.80816984
20/12/2009 	 9.8385572 	24.89630   	17.512485  	 2.66044424
21/12/2009 	 5.1035290 	23.23331   	15.604711  	 2.19922177
22/12/2009 	 8.3717127 	24.69688   	16.460079  	 2.60071162
23/12/2009 	13.2162266 	26.21012   	17.731173  	 2.58367296
24/12/2009 	13.3325634 	26.35940   	19.299088  	 2.80372464
25/12/2009 	15.8443336 	25.97339   	20.994026  	 3.14046756
26/12/2009 	16.7966328 	24.76126   	20.277164  	 3.35646533
27/12/2009 	17.4084568 	28.34843   	24.088316  	 3.97617392
28/12/2009 	19.1975861 	28.99956   	23.958566  	 4.03164563
29/12/2009 	 9.3944407 	25.88942   	20.484605  	 3.44865675
30/12/2009 	12.0849257 	24.60814   	21.535096  	 3.00609060
31/12/2009 	10.4457159 	24.73911   	21.163752  	 2.44146807
01/01/2010 	 9.3008451 	24.16446   	19.487215  	 1.96516865
02/01/2010 	 9.0006390 	19.33703   	16.355269  	 1.54230349
03/01/2010 	 9.3383865 	20.50222   	17.480820  	 1.43816213
04/01/2010 	11.7153673 	20.19935   	16.111947  	 1.20558563
05/01/2010 	11.0894117 	19.48414   	16.082121  	 1.40523345
06/01/2010 	 9.5831728 	19.59183   	15.102561  	 1.39667748
07/01/2010 	 4.4484692 	20.46832   	13.750291  	 1.11131894
08/01/2010 	 6.1498156 	20.50647   	13.851135  	 0.73783581
09/01/2010 	 7.1603646 	19.63312   	18.181535  	 0.26244565
10/01/2010 	 0.1300297 	18.97293   	13.763971  	 0.28123628
11/01/2010 	 3.2875707 	20.89518   	14.501813  	 0.47355470
12/01/2010 	 6.6761332 	19.48219   	14.722343  	 0.28849361
13/01/2010 	 1.7451879 	24.33004   	15.216713  	-0.29466747
14/01/2010 	 7.7458353 	22.84972   	18.073639  	 0.36472978
15/01/2010 	11.4527569 	21.37721   	18.281145  	 0.31618171
16/01/2010 	 2.9337850 	21.58981   	16.787390  	 0.46495534
17/01/2010 	 3.5135500 	24.44163   	17.953796  	 1.06665682
18/01/2010 	 9.4939241 	22.03650   	19.167055  	 1.19019479
19/01/2010 	 9.2464314 	20.16422   	17.397169  	 1.50188774
20/01/2010 	 1.8494060 	21.01096   	13.808508  	 1.18243999
21/01/2010 	 6.9783783 	20.65075   	15.643061  	 1.15189944
22/01/2010 	 0.4436287 	20.61443   	10.897561  	 0.64308098
23/01/2010 	 7.0182109 	20.99819   	15.627320  	 1.04359702
24/01/2010 	14.1974773 	22.07823   	18.451876  	 0.87413805
25/01/2010 	14.6011515 	22.06718   	19.443775  	 0.43352567
26/01/2010 	12.4069786 	22.17410   	19.208083  	-0.73160372
27/01/2010 	 8.2034540 	23.10316   	16.982431  	-0.27907901
28/01/2010 	16.6249390 	23.81156   	20.038752  	 0.86558166
29/01/2010 	15.2889986 	20.91183   	17.537695  	 0.82634174
30/01/2010 	14.8583899 	20.37367   	17.853963  	 0.53071832
31/01/2010 	13.3337297 	20.00759   	17.427081  	 0.48646800
01/02/2010 	13.4541998 	18.48299   	16.282965  	 0.62059076
02/02/2010 	10.6532717 	22.27576   	16.090035  	 0.92376968
03/02/2010 	12.3383417 	18.60613   	15.203336  	 1.11771850
04/02/2010 	 5.5391321 	18.03512   	13.184258  	 1.16450700
05/02/2010 	 3.8166995 	19.09638   	12.660743  	 1.37540397
06/02/2010 	 7.0767403 	19.78354   	14.003367  	 1.53180923
07/02/2010 	 2.2431595 	17.03430   	10.968939  	 1.20669840
08/02/2010 	 3.4645958 	18.41065   	13.362153  	 0.82068737
09/02/2010 	 6.9602499 	19.65192   	15.679144  	 0.19568659
10/02/2010 	 9.4903288 	19.40592   	17.098928  	-0.18567212
11/02/2010 	 7.1708155 	19.27073   	16.779161  	-0.15686407
12/02/2010 	 5.8532228 	19.72327   	13.547126  	-0.26370881
13/02/2010 	 5.7776647 	19.19717   	14.284984  	-0.24699783
14/02/2010 	 6.6200428 	18.46115   	13.097616  	-0.30742150
15/02/2010 	 5.8009639 	18.15286   	12.839725  	-0.30128285
16/02/2010 	 2.0639596 	22.09935   	12.476967  	-0.23213424
17/02/2010 	 6.4833064 	22.12935   	15.408835  	-0.03318814
18/02/2010 	11.9999256 	21.29493   	16.427863  	 0.15897841
19/02/2010 	 9.6835556 	25.15047   	18.031351  	 0.88335486
20/02/2010 	15.4223318 	24.45106   	19.099330  	 1.16955660
21/02/2010 	11.2097063 	24.19133   	16.997089  	 0.91424748
22/02/2010 	12.9793444 	24.57624   	18.663875  	 1.33875472
23/02/2010 	17.3669224 	22.50319   	21.573351  	 1.39960052
24/02/2010 	14.1603193 	23.28531   	19.608784  	 1.37663532
25/02/2010 	12.3774080 	22.61362   	18.818905  	 2.05990257
26/02/2010 	10.6851406 	26.46315   	20.286892  	 2.50211195
27/02/2010 	19.7286510 	28.79748   	24.501203  	 2.97868640
28/02/2010 	16.2380199 	26.12350   	21.579689  	 3.10934359
01/03/2010 	16.6090221 	22.86607   	19.555456  	 3.29715405
02/03/2010 	14.7304869 	21.15914   	19.186521  	 3.06237679
03/03/2010 	10.1044569 	19.47143   	16.112159  	 2.84681331
04/03/2010 	 7.6351438 	18.79944   	14.971723  	 2.87507944
05/03/2010 	 7.4261470 	17.25088   	12.981030  	 2.65015226
06/03/2010 	 2.3432937 	18.20250   	14.219114  	 2.35877858
07/03/2010 	 0.7433569 	17.92631   	 8.134346  	 1.54856234
08/03/2010 	 0.4957893 	15.21052   	 7.789871  	 1.80456316
09/03/2010 	 0.6400486 	18.38155   	 7.168465  	 1.82037832
10/03/2010 	 1.0389094 	15.44931   	 6.244756  	 1.86749740
11/03/2010 	 0.1197821 	22.54037   	 7.242118  	 1.96667888
12/03/2010 	 3.8517933 	20.13417   	11.672017  	 2.54348979
13/03/2010 	 4.6332817 	16.58924   	11.506179  	 2.90970140
14/03/2010 	 5.6007991 	17.17763   	11.278424  	 3.67520660
15/03/2010 	 4.3391590 	16.20643   	 9.451560  	 4.19454448
16/03/2010 	 6.1731000 	16.85957   	 9.694467  	 4.32871658
17/03/2010 	 7.6736159 	18.57461   	12.624471  	 4.17833256
18/03/2010 	10.0727730 	19.27388   	14.576050  	 4.54977255
19/03/2010 	10.3122234 	21.21497   	15.624274  	 5.29816388
20/03/2010 	10.3568974 	23.24188   	16.674525  	 5.80418273
21/03/2010 	12.4961300 	21.35056   	17.087170  	 6.32044129
22/03/2010 	 7.1182137 	19.82606   	15.015367  	 6.28404031
23/03/2010 	 8.4332857 	22.56812   	15.853343  	 6.34000095
24/03/2010 	13.8540211 	22.53008   	17.764599  	 6.51318312
25/03/2010 	16.0295467 	22.77011   	19.603658  	 6.96873904
26/03/2010 	18.2666759 	21.69205   	20.277385  	 7.43143511
27/03/2010 	19.1994267 	24.44723   	20.918946  	 7.50381281
28/03/2010 	13.1135836 	24.33261   	19.313680  	 7.64252968
29/03/2010 	14.0313625 	23.15113   	18.193452  	 7.69963604
30/03/2010 	16.0332527 	23.06165   	19.392688  	 7.76682572
31/03/2010 	16.4446659 	27.61188   	21.861395  	 7.17602996
01/04/2010 	21.3770752 	28.64550   	25.665217  	 6.34629260
02/04/2010 	21.7987976 	28.80877   	25.199638  	 6.21513232
03/04/2010 	19.0884647 	28.32564   	22.809346  	 6.82442256
04/04/2010 	17.1508446 	27.18465   	22.559212  	 7.16439785
05/04/2010 	21.1773148 	25.03633   	22.838737  	 7.17088662
06/04/2010 	21.1021805 	26.80369   	23.415914  	 7.47477155
07/04/2010 	22.1858616 	26.74542   	23.968649  	 7.90435767
08/04/2010 	22.8410664 	24.45128   	23.593685  	 8.44444960
09/04/2010 	23.0431633 	24.30510   	23.670233  	 9.02688642
10/04/2010 	23.2941093 	23.88313   	23.535626  	 9.40593797
11/04/2010 	13.5720062 	23.72107   	21.537012  	 9.22303742
12/04/2010 	19.5167847 	22.40060   	21.272995  	 9.13568401
13/04/2010 	20.1014786 	20.95011   	20.523447  	 9.03940346
14/04/2010 	19.5834789 	20.34306   	20.006151  	 9.28089972
15/04/2010 	19.3157520 	19.94018   	19.590519  	 9.32431046
16/04/2010 	19.0996208 	20.23021   	19.624864  	 9.17847572
17/04/2010 	16.4296741 	20.49351   	19.149726  	 9.53897393
18/04/2010 	13.2499962 	20.76300   	17.246187  	10.04775290
19/04/2010 	16.4716072 	20.75152   	18.930265  	 9.91873693
20/04/2010 	17.6499977 	21.83793   	20.083659  	 9.61358239
21/04/2010 	18.9468079 	21.84254   	20.327125  	 8.24940439
22/04/2010 	18.5932159 	21.98614   	20.543228  	 7.73039060
23/04/2010 	19.3405781 	22.47855   	20.666216  	 8.58799570
24/04/2010 	15.5949841 	21.83055   	20.316234  	 9.31228858
25/04/2010 	12.6523695 	22.92573   	18.538917  	10.21429682
26/04/2010 	16.9026146 	22.88227   	20.085583  	10.85140677
27/04/2010 	18.6253376 	22.89495   	21.337531  	11.59015153
28/04/2010 	20.5137539 	23.39743   	22.130972  	12.16227313
29/04/2010 	21.0105934 	23.93791   	22.947340  	12.60362438
30/04/2010 	21.4868946 	23.99172   	23.146992  	12.79729281
01/05/2010 	21.0900021 	24.11543   	22.627457  	12.68954486
02/05/2010 	22.1744022 	25.20159   	23.827578  	11.60329711
03/05/2010 	22.9585209 	25.75642   	24.421342  	10.23658345
04/05/2010 	23.2257366 	24.41335   	23.855849  	 9.72735884
05/05/2010 	20.8009415 	23.96243   	22.807296  	10.25876039
06/05/2010 	19.3740368 	23.04521   	20.490257  	 9.98280036
07/05/2010 	19.8395329 	22.17594   	21.515506  	 9.62652399
08/05/2010 	19.4751854 	22.14293   	21.765031  	 9.87988426
09/05/2010 	12.1938601 	22.66335   	18.794832  	10.20744199
10/05/2010 	13.6971998 	22.96790   	19.621485  	10.57144360
11/05/2010 	17.8990746 	23.98100   	21.756110  	10.35621649
12/05/2010 	21.8217392 	23.87059   	23.551760  	 9.70471488
13/05/2010 	 9.5401478 	23.16963   	18.019574  	 9.53325975
14/05/2010 	11.9829731 	21.56652   	16.460560  	 9.99269686
15/05/2010 	14.5094404 	21.47817   	18.488464  	10.64836810
16/05/2010 	12.1145687 	21.68374   	18.510713  	10.85981721
17/05/2010 	14.9846697 	22.28433   	19.439320  	11.07814827
18/05/2010 	18.1212139 	22.75574   	20.820028  	11.56753244
19/05/2010 	19.4587345 	23.41663   	21.893223  	12.00992233
20/05/2010 	20.3519058 	23.75483   	22.513526  	12.75049233
21/05/2010 	20.9909592 	23.62079   	22.903879  	13.50490963
22/05/2010 	20.8318901 	23.52497   	23.013633  	14.01332327
23/05/2010 	14.9591904 	23.96582   	21.270864  	14.84346396
24/05/2010 	13.4166298 	24.72723   	19.603815  	15.69728120
25/05/2010 	17.2059002 	22.59458   	20.527939  	15.67085091
26/05/2010 	19.4701157 	23.34976   	21.686785  	14.91389350
27/05/2010 	21.4825478 	23.35870   	22.707362  	14.43804691
28/05/2010 	22.1051636 	23.49195   	22.888697  	14.76880580
29/05/2010 	20.2375412 	23.65009   	22.987462  	14.67640889
30/05/2010 	19.6827278 	24.72894   	22.823679  	14.77328398
31/05/2010 	21.0605869 	25.28280   	23.497133  	14.52759908
01/06/2010 	17.2729492 	24.46930   	22.310841  	14.95768422
02/06/2010 	17.1062050 	24.87580   	22.211238  	15.31653893
03/06/2010 	15.7795124 	24.56002   	21.610561  	15.68161631
04/06/2010 	13.4582624 	24.13457   	20.044635  	16.05480246
05/06/2010 	13.2320328 	24.27357   	19.247549  	16.46618007
06/06/2010 	13.7160196 	24.64463   	19.680638  	17.20481161
07/06/2010 	15.6538839 	24.15579   	20.134702  	17.23566389
08/06/2010 	14.1852007 	24.92494   	20.082716  	17.30251670
09/06/2010 	15.5433722 	24.31572   	21.241097  	17.66642237
10/06/2010 	18.4241905 	24.11280   	21.388763  	17.91232669
11/06/2010 	18.6191845 	23.54664   	21.289599  	18.30290997
12/06/2010 	17.1951084 	25.03840   	22.188109  	17.82450211
13/06/2010 	18.6045113 	24.87019   	21.964207  	17.52288477
14/06/2010 	18.1597290 	23.38231   	21.426594  	17.79436239
15/06/2010 	18.1372948 	24.23586   	22.940049  	16.96974643
16/06/2010 	18.3806458 	24.26080   	22.725559  	16.30757189
17/06/2010 	22.0412903 	23.19373   	22.541529  	16.28939422
18/06/2010 	21.6694374 	23.93116   	22.475817  	15.95595829
19/06/2010 	23.0577927 	27.67130   	24.179693  	14.35233035
20/06/2010 	22.2805767 	27.72358   	24.180930  	13.89662586
21/06/2010 	18.8994637 	25.51546   	22.670065  	14.46640845
22/06/2010 	17.1363487 	24.72800   	20.967885  	15.42587491
23/06/2010 	15.7984428 	25.42777   	21.525064  	16.43020324
24/06/2010 	19.4804344 	25.98829   	23.164097  	17.34787921
25/06/2010 	18.9191723 	25.47110   	22.843328  	17.84459007
26/06/2010 	17.2546349 	24.24030   	21.131233  	18.63879693
27/06/2010 	16.3627911 	25.15610   	22.199748  	18.74025937
28/06/2010 	20.6200714 	26.86306   	24.359984  	19.74750717
29/06/2010 	23.0553493 	27.39557   	25.572544  	20.12187270
30/06/2010 	21.8254604 	27.43739   	24.892346  	20.21229053
01/07/2010 	23.5159264 	27.27143   	25.569148  	20.28883954
02/07/2010 	22.1742001 	27.36771   	25.559958  	20.89490215
03/07/2010 	22.3140354 	27.67989   	25.722634  	21.27883589
04/07/2010 	23.5825367 	27.88036   	26.515576  	21.22629027
05/07/2010 	24.4892216 	27.75467   	26.372531  	21.21771646
06/07/2010 	24.8489151 	28.27569   	26.861425  	20.55563577
07/07/2010 	25.2224083 	28.17909   	26.799318  	19.75087837
08/07/2010 	25.2224941 	28.28638   	26.968953  	20.32089722
09/07/2010 	25.7164726 	28.66340   	27.614641  	20.73703726
10/07/2010 	26.8956356 	29.10998   	28.246073  	22.05063252
11/07/2010 	27.3485546 	29.15554   	28.343788  	22.88263977
12/07/2010 	27.4250393 	29.21458   	28.457702  	22.71041322
13/07/2010 	26.9437733 	29.26756   	28.430058  	21.87977080
14/07/2010 	23.6946888 	27.54826   	25.860310  	22.34678829
15/07/2010 	18.4295750 	29.16354   	24.791456  	21.48183207
16/07/2010 	13.2337952 	29.55820   	23.455790  	20.08818734
17/07/2010 	14.0371695 	29.94975   	24.695941  	19.99064358
18/07/2010 	23.6541462 	29.36558   	25.506344  	19.52299782
19/07/2010 	23.3635063 	28.75509   	25.407534  	19.86906437
20/07/2010 	24.1466160 	27.72579   	26.030498  	20.45639948
21/07/2010 	24.8051529 	27.70251   	26.525198  	20.87448863
22/07/2010 	25.4853058 	27.91895   	26.809390  	20.82232185
23/07/2010 	25.6577206 	28.23987   	27.383978  	20.95242655
24/07/2010 	27.2896118 	28.80705   	28.066924  	20.58108286
25/07/2010 	27.5343475 	28.55718   	28.063091  	20.55469771
26/07/2010 	27.7131920 	28.57560   	28.244835  	20.64234169
27/07/2010 	28.0766373 	28.47071   	28.191214  	20.61723955
28/07/2010 	25.9385357 	28.10685   	27.310601  	20.75573778
29/07/2010 	23.0676098 	27.98750   	25.921375  	20.21197776
30/07/2010 	21.9160519 	26.84305   	24.623736  	19.58936032
31/07/2010 	22.4932194 	27.03983   	24.744756  	19.66057066
01/08/2010 	20.4102440 	27.20331   	23.941241  	19.87532290
02/08/2010 	19.8369827 	26.65071   	23.480075  	20.33142952
03/08/2010 	18.6611023 	25.53808   	23.208190  	20.32202955
04/08/2010 	16.2115345 	27.54780   	22.313411  	20.18019887
05/08/2010 	17.6544266 	25.68195   	23.052973  	19.50372783
06/08/2010 	16.6608829 	24.49437   	21.364779  	19.42616117
07/08/2010 	16.1623230 	26.00883   	21.743234  	19.69879047
08/08/2010 	16.0915756 	26.76006   	22.972391  	19.70560714
09/08/2010 	15.0226250 	24.12767   	21.686599  	19.86607766
10/08/2010 	16.9172268 	25.09562   	21.829348  	19.78625659
11/08/2010 	19.4930458 	25.98237   	22.114163  	19.71153235
12/08/2010 	18.6043262 	25.35526   	21.729893  	19.59731293
13/08/2010 	17.4575500 	25.16514   	21.267361  	19.24928693
14/08/2010 	19.2266579 	23.70594   	21.605109  	19.76972139
15/08/2010 	21.1536541 	25.19493   	24.295830  	19.20863136
16/08/2010 	17.3915768 	26.02250   	22.334453  	19.11311567
17/08/2010 	16.7723312 	22.49649   	19.608274  	19.27200536
18/08/2010 	12.2048426 	22.33102   	18.106044  	18.79328605
19/08/2010 	 8.5224209 	22.88504   	16.594611  	18.38636255
20/08/2010 	 7.7191005 	22.70967   	15.995398  	18.77528814
21/08/2010 	 7.7319503 	25.38127   	17.776799  	19.19323250
22/08/2010 	12.0340929 	26.57124   	18.515902  	19.45402304
23/08/2010 	 8.6718054 	27.51454   	18.972879  	19.46508904
24/08/2010 	23.8136234 	28.68746   	26.314537  	18.63995961
25/08/2010 	20.8044376 	28.93479   	25.445750  	17.40371068
26/08/2010 	12.6653194 	26.51550   	20.231612  	17.15647765
27/08/2010 	17.5661392 	22.98306   	20.823802  	17.18652435
28/08/2010 	11.0309248 	23.09728   	18.643558  	16.60051521
29/08/2010 	 9.2398882 	20.87952   	16.414479  	16.15462544
30/08/2010 	15.4465685 	23.61664   	19.041056  	15.69094572
31/08/2010 	 3.2665586 	20.28903   	12.582846  	15.48087567
01/09/2010 	 2.0938742 	19.51865   	 9.569006  	15.71942286
02/09/2010 	 0.8295316 	17.19569   	 7.685512  	15.89268448
03/09/2010 	 0.2461822 	15.69574   	 7.938667  	16.09612437
04/09/2010 	 1.8862090 	15.91419   	 7.644410  	16.33848486
05/09/2010 	 0.5291273 	17.53720   	 9.563301  	16.42472587
06/09/2010 	 1.7616596 	19.18546   	12.941759  	16.08670374
07/09/2010 	 7.1755142 	20.46359   	17.223967  	15.20583806
08/09/2010 	 9.4274626 	20.41175   	17.781633  	15.02240888
09/09/2010 	16.8874207 	21.97473   	19.129147  	15.71580801
10/09/2010 	14.2594604 	19.73852   	17.770826  	16.03669471
11/09/2010 	11.9816437 	22.79594   	16.725492  	16.41020928
12/09/2010 	13.3913269 	22.50143   	17.211542  	16.76810416
13/09/2010 	 9.1111708 	20.89894   	15.924148  	16.31513834
14/09/2010 	10.0775099 	25.54817   	19.239362  	16.80481295
15/09/2010 	19.8428841 	26.97132   	24.485621  	16.18760568
16/09/2010 	24.4334507 	27.23757   	25.563377  	14.88666719
17/09/2010 	22.6375961 	27.84237   	25.148879  	14.06593160
18/09/2010 	18.1653271 	25.33469   	22.480409  	13.39250904
19/09/2010 	10.3489084 	23.46363   	16.779071  	13.28978485
20/09/2010 	 7.5412335 	24.41925   	16.924940  	13.83477710
21/09/2010 	 9.3971167 	24.61194   	15.305345  	14.63753798
22/09/2010 	 3.5036948 	20.75702   	13.173033  	14.99373587
23/09/2010 	 6.6318092 	19.56540   	14.019999  	15.24653240
24/09/2010 	 9.0343552 	18.89396   	14.915645  	15.46530233
25/09/2010 	13.5384521 	19.00238   	17.522162  	14.14295534
26/09/2010 	14.2067842 	18.95306   	16.345668  	13.89060879
27/09/2010 	 9.0204449 	16.83849   	13.363085  	14.13590894
28/09/2010 	 6.9385099 	17.19173   	12.313193  	14.43291008
29/09/2010 	 3.6057589 	16.25767   	11.462242  	13.84799671
30/09/2010 	 1.2034235 	19.69617   	10.583756  	13.29632755
01/10/2010 	 6.3374882 	19.55713   	12.651264  	13.61484718
02/10/2010 	 6.8922882 	22.44024   	15.221057  	13.93240746
03/10/2010 	 7.4836273 	23.65677   	16.346391  	14.79243924
04/10/2010 	13.3274717 	24.42690   	19.324234  	15.37493090
05/10/2010 	14.8818111 	22.78505   	18.969590  	15.61451358
06/10/2010 	13.4173145 	23.69657   	18.736599  	15.67713080
07/10/2010 	14.9185677 	23.17027   	18.918743  	15.60842385
08/10/2010 	12.5974550 	21.72709   	18.605517  	15.66140632
09/10/2010 	10.9087410 	22.11214   	18.372894  	15.02734749
10/10/2010 	11.9230852 	22.20815   	19.286028  	14.24319708
11/10/2010 	16.0440674 	22.00346   	19.663377  	13.46687651
12/10/2010 	14.8732882 	21.63588   	18.647658  	13.16447037
13/10/2010 	12.8157024 	20.34101   	17.547646  	13.00987709
14/10/2010 	13.1895494 	19.81889   	17.314531  	12.88961629
15/10/2010 	13.8775053 	19.80026   	18.009754  	12.72453173
16/10/2010 	13.0504675 	19.11189   	18.001308  	11.93856446
17/10/2010 	 7.4152684 	18.33299   	13.702101  	10.70355749
18/10/2010 	 7.3808470 	21.34703   	14.908783  	10.83274877
19/10/2010 	13.0812712 	22.92965   	17.945930  	10.89604501
20/10/2010 	17.2282715 	21.51263   	19.389647  	10.12573999
21/10/2010 	16.0687313 	21.89943   	19.189331  	 9.50120340
22/10/2010 	17.6317997 	23.52535   	20.120869  	 9.38346265
23/10/2010 	12.4227819 	26.32277   	19.980301  	 9.66011443
24/10/2010 	15.1478348 	25.61755   	20.148453  	 9.01050862
25/10/2010 	14.6877499 	20.77622   	18.171663  	 8.37716555
26/10/2010 	 7.7428446 	21.32125   	15.569596  	 8.26646354
27/10/2010 	 7.0053158 	25.33191   	17.059566  	 8.82003959
28/10/2010 	13.2519455 	26.03317   	18.768825  	 9.58425665
29/10/2010 	 1.2184041 	26.67565   	15.015903  	 9.70027767
30/10/2010 	 9.4368076 	26.97588   	19.536216  	10.18125621
31/10/2010 	15.5514088 	27.21936   	20.852754  	10.20772892
01/11/2010 	15.9170885 	26.07376   	21.327835  	10.33574831
02/11/2010 	 9.2158175 	24.27102   	17.747437  	10.23828316
03/11/2010 	16.7853374 	27.33867   	25.485928  	11.03831017
04/11/2010 	19.0375996 	28.12105   	26.695510  	11.54512872
05/11/2010 	25.1250591 	28.59771   	27.967940  	12.20267741
06/11/2010 	19.7017632 	28.26125   	24.723882  	11.72225821
07/11/2010 	13.8290634 	24.75214   	19.928835  	10.87140044
08/11/2010 	 4.9743409 	21.26785   	15.249871  	 9.45459731
09/11/2010 	 7.8879366 	23.17562   	18.944613  	 8.46947052
10/11/2010 	12.7678862 	23.40538   	19.872960  	 8.09857354
11/11/2010 	 6.1596503 	25.80218   	17.976567  	 7.53680836
12/11/2010 	25.0353432 	31.43951   	29.188859  	 9.82672038
13/11/2010 	26.4170780 	31.08791   	28.511541  	 9.19206911
14/11/2010 	21.8857765 	30.47332   	24.330449  	 8.93656548
15/11/2010 	17.1499462 	29.85444   	23.211818  	 8.61394838
16/11/2010 	10.5236435 	28.47388   	19.547770  	 8.19771288
17/11/2010 	 4.2910428 	25.47777   	16.385746  	 7.63991678
18/11/2010 	 2.5510879 	25.25511   	16.552519  	 7.49538908
19/11/2010 	 6.9983315 	21.75995   	16.246689  	 7.43192623
20/11/2010 	10.2330656 	21.10001   	16.364851  	 7.52245696
21/11/2010 	11.0088501 	20.26761   	16.681603  	 7.37621439
22/11/2010 	11.0669012 	21.04683   	18.033180  	 6.98916438
23/11/2010 	13.4954910 	21.02760   	19.063945  	 6.49142244
24/11/2010 	14.8620157 	19.32866   	17.812748  	 5.94148390
25/11/2010 	13.9478569 	19.31612   	17.038380  	 5.56003797
26/11/2010 	10.8695412 	17.98731   	14.757417  	 5.13339198
27/11/2010 	 4.6487927 	19.34775   	12.781584  	 4.62366284
28/11/2010 	 4.2691798 	21.07566   	12.707020  	 3.84937276
29/11/2010 	 8.3221550 	21.44572   	16.909185  	 3.11669654
30/11/2010 	14.8662405 	21.33519   	19.899261  	 2.48771603
01/12/2010 	 5.7150445 	20.48578   	19.164075  	 0.50835498
02/12/2010 	17.3217754 	23.36212   	19.857724  	 0.23194294
03/12/2010 	15.8411207 	22.01523   	19.208575  	 0.19939057
04/12/2010 	16.6189041 	25.68056   	21.025290  	 0.96533472
05/12/2010 	15.9154758 	27.11423   	22.149931  	 1.73285511
06/12/2010 	19.0662022 	25.05742   	21.066816  	 1.63229729
07/12/2010 	18.1666775 	22.18721   	20.491457  	 1.36049231
08/12/2010 	16.3014126 	22.15729   	19.763190  	 1.36736773
09/12/2010 	14.7223673 	25.14491   	21.508935  	 1.93244527
10/12/2010 	14.5497255 	25.22171   	21.745113  	 2.36255694
11/12/2010 	17.8402920 	21.69237   	19.818010  	 3.36181479
12/12/2010 	 9.1627722 	23.08076   	20.088089  	 3.21744192
13/12/2010 	 5.9799919 	20.87700   	14.218493  	 1.84039588
14/12/2010 	 3.1196034 	19.76602   	13.212809  	 1.40138875
15/12/2010 	 2.0819144 	22.53906   	14.835437  	 1.48170309
16/12/2010 	 9.1041059 	21.87221   	16.757404  	 1.99011243
17/12/2010 	13.4615679 	20.17876   	16.631122  	 1.78647409
18/12/2010 	 5.6165876 	20.59293   	14.494274  	 1.29708122
19/12/2010 	 6.5418038 	21.74903   	16.124706  	 0.76780353
20/12/2010 	 9.8292990 	22.12900   	18.297399  	 0.43930006
21/12/2010 	12.0483665 	20.46060   	16.997234  	 0.10136061
22/12/2010 	 7.7625594 	21.78215   	17.399085  	-0.08908271
23/12/2010 	 8.0596371 	22.30462   	20.559365  	-0.02968815
24/12/2010 	11.6129084 	22.01274   	20.447997  	-0.17981607
25/12/2010 	 5.5944505 	21.08885   	16.200897  	-0.55203938
26/12/2010 	 5.7639661 	17.66787   	13.679876  	-0.47737389
27/12/2010 	 5.9849534 	18.58969   	13.098076  	-0.19407075
28/12/2010 	 3.1969969 	19.19903   	13.342947  	-0.19970192
29/12/2010 	 4.8508587 	19.66391   	14.074194  	-0.02250063
30/12/2010 	 6.7837534 	21.05513   	15.440346  	 0.08307415
31/12/2010 	 8.2786264 	20.25376   	14.266702  	 0.32085844
